655
VRXZ07 LSSW 061508
Station/Location;Date;tre200s0;uor200s0;prestas0;fkl010z0;fkl010z1;dkl010z0;rre150z0
KENAI;202503061310;28.9;26.8;821.0;2.6;6.6;39;0.0
KENAI;202503061320;28.4;28.5;821.0;0.0;4.0;0;0.0
KENAI;202503061330;28.8;27.2;820.8;2.6;4.2;32;0.0
KENAI;202503061340;28.5;28.2;820.9;2.7;5.6;26;0.0
KENAI;202503061350;28.4;28.7;821.0;1.4;4.5;63;0.0
KENAI;202503061400;28.4;28.8;820.9;1.2;4.6;71;0.0
KENAI;202503061410;28.1;30.2;820.9;2.4;6.9;79;0.0
KENAI;202503061420;27.9;30.0;821.1;2.8;4.4;64;0.0
KENAI;202503061430;27.6;30.3;821.2;2.0;4.7;117;0.0
KENAI;202503061440;27.6;30.5;821.4;2.6;5.0;107;0.0
KENAI;202503061450;27.4;30.4;821.5;1.4;4.9;68;0.0
KENAI;202503061500;27.1;31.5;821.5;1.2;4.1;18;0.0
