866
VRXZ07 LSSW 230638
Station/Location;Date;tre200s0;uor200s0;prestas0;fkl010z0;fkl010z1;dkl010z0;rre150z0
KENAI;202504230440;16.0;98.7;824.8;2.1;3.3;25;0.5
KENAI;202504230450;16.2;98.9;824.9;1.1;3.7;56;1.5
KENAI;202504230500;16.2;98.9;825.0;1.2;4.1;27;0.5
KENAI;202504230510;16.2;99.1;825.1;2.0;4.4;59;1.5
KENAI;202504230520;16.1;99.1;825.3;1.4;3.7;57;2.4
KENAI;202504230530;16.3;99.1;825.4;1.5;4.7;55;0.3
KENAI;202504230540;16.3;99.1;825.4;1.3;3.8;24;1.9
KENAI;202504230550;16.1;99.0;825.6;2.1;6.0;59;0.7
KENAI;202504230600;16.2;99.0;825.7;1.8;4.6;10;0.4
KENAI;202504230610;16.4;99.2;825.6;1.4;3.1;17;0.2
KENAI;202504230620;16.5;99.2;825.7;1.0;-;56;0.0
KENAI;202504230630;-;-;-;-;4.8;-;-
