663
VRXZ07 LSSW 010438
Station/Location;Date;tre200s0;uor200s0;prestas0;fkl010z0;fkl010z1;dkl010z0;rre150z0
KENAI;202503010240;14.7;79.6;823.2;0.4;0.6;216;0.0
KENAI;202503010250;14.6;80.0;823.2;0.0;0.5;0;0.0
KENAI;202503010300;14.5;80.5;823.3;0.3;0.7;226;0.0
KENAI;202503010310;14.6;80.2;823.4;0.5;0.7;231;0.0
KENAI;202503010320;14.3;81.2;823.4;0.5;0.7;256;0.0
KENAI;202503010330;14.6;80.7;823.5;0.5;0.9;234;0.0
KENAI;202503010340;14.6;80.9;823.5;0.6;0.9;232;0.0
KENAI;202503010350;14.7;79.7;823.6;0.0;0.9;0;0.0
KENAI;202503010400;14.7;81.4;823.7;0.7;0.8;177;0.0
KENAI;202503010410;15.3;81.3;823.7;0.6;1.2;251;0.0
KENAI;202503010420;16.6;77.0;823.8;0.4;1.5;334;0.0
KENAI;202503010430;17.8;73.9;823.9;0.6;2.3;287;0.0
