314
VRXZ07 LSSW 250918
Station/Location;Date;tre200s0;uor200s0;prestas0;fkl010z0;fkl010z1;dkl010z0;rre150z0
KENAI;202411250720;20.0;78.7;825.0;1.0;2.3;182;0.0
KENAI;202411250730;20.3;-;824.9;0.9;2.6;-;0.0
KENAI;202411250740;20.6;76.6;824.8;0.7;2.5;53;0.0
KENAI;202411250750;20.8;71.7;824.7;0.6;2.5;231;0.0
KENAI;202411250800;21.4;71.4;824.6;2.0;2.6;152;0.0
KENAI;202411250810;21.6;71.4;824.4;0.7;2.8;160;0.0
KENAI;202411250820;21.7;70.7;824.3;0.7;3.2;51;0.0
KENAI;202411250830;21.7;71.6;824.1;0.8;3.2;127;0.0
KENAI;202411250840;22.5;65.4;824.0;0.8;2.8;60;0.0
KENAI;202411250850;22.3;66.6;823.9;0.7;2.8;181;0.0
KENAI;202411250900;23.2;65.0;823.6;2.1;3.3;65;0.0
KENAI;202411250910;22.7;69.5;823.5;1.0;3.0;107;0.0
