358
VRXZ07 LSSW 191118
Station/Location;Date;tre200s0;uor200s0;prestas0;fkl010z0;fkl010z1;dkl010z0;rre150z0
KENAI;202506190920;21.6;62.7;827.5;1.0;3.2;85;0.0
KENAI;202506190930;-;62.9;827.4;0.7;3.2;142;0.0
KENAI;202506190940;21.3;65.4;827.4;1.8;5.0;160;0.0
KENAI;202506190950;-;65.6;827.1;1.9;4.3;128;0.0
KENAI;202506191000;-;59.6;827.0;1.5;3.9;136;0.0
KENAI;202506191010;-;62.6;826.8;1.2;5.2;36;0.0
KENAI;202506191020;-;-;826.7;0.9;4.1;-;0.0
KENAI;202506191030;-;56.5;826.6;0.7;3.7;133;0.0
KENAI;202506191040;22.8;60.3;826.4;1.4;3.7;122;0.0
KENAI;202506191050;-;63.0;826.3;1.2;3.3;201;0.0
KENAI;202506191100;22.9;60.5;826.2;1.4;4.0;179;0.0
KENAI;202506191110;22.6;59.6;826.0;0.0;4.3;0;0.0
