678
VRXZ07 LSSW 220848
Station/Location;Date;tre200s0;uor200s0;prestas0;fkl010z0;fkl010z1;dkl010z0;rre150z0
KENAI;202502220650;22.3;45.6;825.2;2.4;6.4;13;0.0
KENAI;202502220700;22.4;45.5;825.2;2.3;5.4;8;0.0
KENAI;202502220710;22.6;-;825.2;2.8;6.2;-;0.0
KENAI;202502220720;22.8;45.2;825.1;3.1;9.0;49;0.0
KENAI;202502220730;23.0;45.0;825.0;2.1;7.9;43;0.0
KENAI;202502220740;23.5;43.8;825.1;2.3;6.8;80;0.0
KENAI;202502220750;23.4;44.3;824.9;3.8;7.8;21;0.0
KENAI;202502220800;23.9;42.2;825.0;5.4;8.1;74;0.0
KENAI;202502220810;23.3;40.7;825.1;2.6;9.0;45;0.0
KENAI;202502220820;23.9;40.0;824.8;4.1;8.2;19;0.0
KENAI;202502220830;24.1;39.2;824.8;4.3;8.6;65;0.0
KENAI;202502220840;23.9;37.6;824.6;5.3;9.6;25;0.0
