834
VRXZ07 LSSW 122018
Station/Location;Date;tre200s0;uor200s0;prestas0;fkl010z0;fkl010z1;dkl010z0;rre150z0
KENAI;202503121820;19.2;78.6;823.8;1.3;3.6;64;0.0
KENAI;202503121830;19.1;79.0;823.6;0.8;2.5;46;0.0
KENAI;202503121840;19.0;79.4;823.7;0.3;2.9;28;0.0
KENAI;202503121850;18.9;80.4;823.5;1.0;2.7;344;0.0
KENAI;202503121900;18.9;81.2;823.7;1.0;2.5;24;0.0
KENAI;202503121910;18.9;81.2;823.7;1.1;3.2;32;0.0
KENAI;202503121920;18.8;81.8;823.8;1.7;3.8;359;0.0
KENAI;202503121930;18.7;82.6;823.8;2.2;3.2;8;0.0
KENAI;202503121940;18.4;83.5;823.9;1.0;2.8;63;0.0
KENAI;202503121950;18.2;84.7;823.6;1.9;3.8;7;0.0
KENAI;202503122000;18.3;84.5;823.7;1.6;3.3;104;0.0
KENAI;202503122010;18.3;85.2;823.7;0.7;2.1;57;0.0
