423
VRXZ07 LSSW 170648
Station/Location;Date;tre200s0;uor200s0;prestas0;fkl010z0;fkl010z1;dkl010z0;rre150z0
KENAI;202505170450;16.1;90.2;825.3;0.8;2.0;134;0.0
KENAI;202505170500;16.4;88.9;825.5;1.0;1.8;157;0.0
KENAI;202505170510;16.5;88.1;825.6;2.4;4.1;120;0.0
KENAI;202505170520;16.6;87.5;825.8;1.9;2.8;141;0.0
KENAI;202505170530;16.7;84.9;825.9;1.4;3.0;147;0.0
KENAI;202505170540;16.9;84.6;825.8;1.8;4.1;175;0.0
KENAI;202505170550;17.1;81.5;825.9;1.1;3.2;151;0.0
KENAI;202505170600;17.3;80.0;825.9;1.0;3.1;150;0.0
KENAI;202505170610;18.6;74.0;825.9;1.9;3.1;138;0.0
KENAI;202505170620;19.2;75.3;826.0;2.6;3.1;161;0.0
KENAI;202505170630;18.2;74.0;826.0;0.3;3.0;204;0.0
KENAI;202505170640;-;75.4;825.9;0.6;1.9;301;0.0
