367
VRXZ07 LSSW 161528
Station/Location;Date;tre200s0;uor200s0;prestas0;fkl010z0;fkl010z1;dkl010z0;rre150z0
KENAI;202502161330;27.8;37.4;819.8;1.0;5.2;27;0.0
KENAI;202502161340;27.8;33.7;819.9;2.5;7.6;62;0.0
KENAI;202502161350;27.6;36.8;819.8;2.6;7.7;47;0.0
KENAI;202502161400;27.5;36.0;820.0;4.6;6.6;81;0.0
KENAI;202502161410;27.5;37.3;820.0;1.5;7.5;53;0.0
KENAI;202502161420;27.2;38.0;820.0;2.3;6.5;26;0.0
KENAI;202502161430;27.0;37.6;820.1;1.6;6.2;357;0.0
KENAI;202502161440;26.9;39.2;820.2;4.3;7.6;9;0.0
KENAI;202502161450;26.6;39.4;820.2;2.5;5.7;56;0.0
KENAI;202502161500;26.4;39.3;820.4;3.0;5.7;33;0.0
KENAI;202502161510;26.0;40.8;820.4;2.4;6.0;72;0.0
KENAI;202502161520;25.3;42.1;820.5;2.7;6.6;15;0.0
