782
VRXZ07 LSSW 090618
Station/Location;Date;tre200s0;uor200s0;prestas0;fkl010z0;fkl010z1;dkl010z0;rre150z0
KENAI;202412090420;17.6;82.8;825.0;1.2;2.8;316;0.0
KENAI;202412090430;17.8;79.8;825.1;3.2;4.1;5;0.0
KENAI;202412090440;18.4;78.4;825.2;2.0;3.3;28;0.0
KENAI;202412090450;18.5;76.2;825.2;2.0;3.6;335;0.0
KENAI;202412090500;18.8;-;825.3;2.1;3.7;-;0.0
KENAI;202412090510;19.1;74.5;825.4;2.1;4.6;37;0.0
KENAI;202412090520;19.3;75.0;825.5;1.8;4.6;47;0.0
KENAI;202412090530;19.5;72.9;825.4;1.5;4.9;32;0.0
KENAI;202412090540;19.7;72.3;825.5;1.7;5.1;12;0.0
KENAI;202412090550;19.8;70.8;825.5;3.0;5.5;63;0.0
KENAI;202412090600;19.6;72.3;825.5;1.3;5.6;43;0.0
KENAI;202412090610;20.2;71.7;825.4;2.2;5.0;74;0.0
