975
VRXZ07 LSSW 072008
Station/Location;Date;tre200s0;uor200s0;prestas0;fkl010z0;fkl010z1;dkl010z0;rre150z0
KENAI;202412071810;18.4;71.5;825.1;3.4;4.7;32;0.0
KENAI;202412071820;18.3;72.3;825.1;2.9;4.9;20;0.0
KENAI;202412071830;18.1;73.3;825.2;1.3;4.2;30;0.0
KENAI;202412071840;17.8;74.4;825.4;3.2;4.3;22;0.0
KENAI;202412071850;17.7;74.7;825.5;2.2;2.9;32;0.0
KENAI;202412071900;17.7;74.9;825.5;1.8;3.4;19;0.0
KENAI;202412071910;17.7;75.0;825.6;2.2;3.7;5;0.0
KENAI;202412071920;17.8;74.3;825.6;1.6;2.6;9;0.0
KENAI;202412071930;17.9;74.6;825.6;1.1;3.1;5;0.0
KENAI;202412071940;18.0;74.1;825.4;1.2;3.8;357;0.0
KENAI;202412071950;18.0;74.0;825.4;1.6;3.5;14;0.0
KENAI;202412072000;-;-;-;-;3.6;-;-
