764
VRXZ07 LSSW 241748
Station/Location;Date;tre200s0;uor200s0;prestas0;fkl010z0;fkl010z1;dkl010z0;rre150z0
KENAI;202502241550;22.8;46.2;823.0;2.5;4.2;25;0.0
KENAI;202502241600;23.0;41.2;823.2;2.2;8.4;36;0.0
KENAI;202502241610;23.0;39.6;823.3;2.4;6.5;38;0.0
KENAI;202502241620;22.6;37.4;823.5;3.8;6.9;63;0.0
KENAI;202502241630;22.6;34.9;823.7;1.5;8.2;28;0.0
KENAI;202502241640;22.2;36.1;823.7;0.9;6.7;80;0.0
KENAI;202502241650;21.9;37.7;823.9;2.0;3.8;11;0.0
KENAI;202502241700;22.1;38.7;824.1;1.9;6.5;71;0.0
KENAI;202502241710;21.8;40.2;824.2;1.2;5.3;28;0.0
KENAI;202502241720;21.5;41.6;824.2;1.5;4.8;13;0.0
KENAI;202502241730;21.2;44.1;824.3;1.5;4.4;23;0.0
KENAI;202502241740;21.1;45.9;824.4;1.8;4.0;337;0.0
