385
VRXZ07 LSSW 231348
Station/Location;Date;tre200s0;uor200s0;prestas0;fkl010z0;fkl010z1;dkl010z0;rre150z0
KENAI;202502231150;27.6;25.3;822.6;4.3;8.1;85;0.0
KENAI;202502231200;27.2;22.9;822.4;2.7;6.1;37;0.0
KENAI;202502231210;27.6;25.3;822.4;3.3;5.9;54;0.0
KENAI;202502231220;27.2;25.4;822.3;2.1;6.6;74;0.0
KENAI;202502231230;27.3;24.7;822.1;6.1;8.6;73;0.0
KENAI;202502231240;27.4;24.7;822.2;2.3;7.5;90;0.0
KENAI;202502231250;27.7;24.6;822.1;1.9;6.6;35;0.0
KENAI;202502231300;27.5;24.7;822.1;3.9;6.8;58;0.0
KENAI;202502231310;27.7;24.9;822.1;3.7;7.1;66;0.0
KENAI;202502231320;27.7;25.0;822.1;2.4;6.3;17;0.0
KENAI;202502231330;27.4;23.3;822.1;2.6;5.2;80;0.0
KENAI;202502231340;27.3;24.8;822.1;2.6;6.5;61;0.0
