185
VRXZ07 LSSW 170528
Station/Location;Date;tre200s0;uor200s0;prestas0;fkl010z0;fkl010z1;dkl010z0;rre150z0
KENAI;202504170330;16.3;94.3;824.3;0.4;0.7;193;0.0
KENAI;202504170340;16.1;94.6;824.4;0.9;1.3;179;0.0
KENAI;202504170350;16.0;94.7;824.4;0.3;0.8;304;0.0
KENAI;202504170400;16.1;94.6;824.5;0.5;0.8;259;0.0
KENAI;202504170410;16.4;93.4;824.6;0.5;0.8;219;0.0
KENAI;202504170420;16.2;93.8;824.7;0.6;0.7;78;0.0
KENAI;202504170430;16.1;93.8;824.8;1.0;1.2;147;0.0
KENAI;202504170440;16.2;94.3;824.7;0.5;1.1;185;0.0
KENAI;202504170450;16.9;93.2;824.9;0.8;1.1;116;0.0
KENAI;202504170500;17.6;89.1;825.1;0.5;1.6;140;0.0
KENAI;202504170510;17.7;87.0;825.0;0.0;1.1;0;0.0
KENAI;202504170520;17.6;88.1;825.1;1.3;1.8;121;0.0
