054
VRXZ07 LSSW 230408
Station/Location;Date;tre200s0;uor200s0;prestas0;fkl010z0;fkl010z1;dkl010z0;rre150z0
KENAI;202506230210;-;89.8;825.1;0.5;2.0;136;0.0
KENAI;202506230220;-;90.0;825.1;1.5;2.3;161;0.0
KENAI;202506230230;-;90.2;825.2;0.7;1.9;149;0.0
KENAI;202506230240;-;90.3;825.3;1.4;1.9;118;0.0
KENAI;202506230250;14.8;91.0;825.3;1.1;2.3;127;0.0
KENAI;202506230300;-;90.7;825.4;1.3;1.9;132;0.0
KENAI;202506230310;-;90.7;825.3;1.0;2.0;148;0.0
KENAI;202506230320;-;91.1;825.4;1.5;2.5;182;0.0
KENAI;202506230330;-;91.1;825.6;0.0;2.8;0;0.0
KENAI;202506230340;-;91.3;825.6;1.0;2.0;134;0.0
KENAI;202506230350;-;91.4;825.7;1.4;2.8;172;0.0
KENAI;202506230400;-;91.4;825.8;0.9;2.2;130;0.0
