434
VRXZ07 LSSW 260618
Station/Location;Date;tre200s0;uor200s0;prestas0;fkl010z0;fkl010z1;dkl010z0;rre150z0
KENAI;202504260420;15.7;96.2;824.3;0.7;1.3;87;0.0
KENAI;202504260430;15.8;95.3;824.5;0.6;1.0;83;0.0
KENAI;202504260440;16.0;94.9;824.6;0.7;1.4;62;0.0
KENAI;202504260450;16.1;93.5;824.6;1.0;1.4;60;0.0
KENAI;202504260500;15.7;91.7;824.8;0.9;1.8;331;0.0
KENAI;202504260510;15.7;91.2;824.9;0.4;1.2;305;0.0
KENAI;202504260520;15.9;89.9;824.9;0.0;1.1;0;0.0
KENAI;202504260530;16.6;88.5;825.0;1.1;1.5;128;0.0
KENAI;202504260540;-;85.8;825.0;0.8;1.9;20;0.0
KENAI;202504260550;16.6;83.8;825.2;0.4;2.0;128;0.0
KENAI;202504260600;17.0;80.8;825.2;2.3;4.1;100;0.0
KENAI;202504260610;18.0;81.8;825.3;1.9;3.2;92;0.0
