951
VRXZ07 LSSW 251638
Station/Location;Date;tre200s0;uor200s0;prestas0;fkl010z0;fkl010z1;dkl010z0;rre150z0
KENAI;202507251440;-;49.9;823.8;1.6;4.1;127;0.0
KENAI;202507251450;-;50.6;823.8;1.2;4.5;124;0.0
KENAI;202507251500;-;51.8;823.9;1.2;4.6;153;0.0
KENAI;202507251510;21.4;52.6;824.0;0.6;4.5;153;0.0
KENAI;202507251520;21.3;53.0;824.0;1.7;3.9;147;0.0
KENAI;202507251530;21.1;54.0;824.1;0.6;2.0;89;0.0
KENAI;202507251540;20.9;54.1;824.2;1.0;3.3;149;0.0
KENAI;202507251550;-;54.6;824.2;1.6;3.0;114;0.0
KENAI;202507251600;-;-;-;-;2.9;-;-
KENAI;202507251610;-;56.6;824.4;0.5;2.3;112;0.0
KENAI;202507251620;19.8;57.2;824.6;1.5;2.6;109;0.0
KENAI;202507251630;-;58.1;824.7;0.7;2.5;92;0.0
