675
VRXZ07 LSSW 131258
Station/Location;Date;tre200s0;uor200s0;prestas0;fkl010z0;fkl010z1;dkl010z0;rre150z0
KENAI;202502131100;24.4;53.3;823.0;2.1;7.7;37;0.0
KENAI;202502131110;24.3;54.8;822.7;2.0;6.2;48;0.0
KENAI;202502131120;24.5;54.3;822.5;1.6;9.8;50;0.0
KENAI;202502131130;24.2;53.5;822.6;4.5;6.1;23;0.0
KENAI;202502131140;24.0;52.9;822.5;2.2;8.5;48;0.0
KENAI;202502131150;24.5;49.3;822.4;5.6;9.1;79;0.0
KENAI;202502131200;24.7;50.2;822.4;3.9;5.8;26;0.0
KENAI;202502131210;24.5;49.4;822.3;0.8;8.2;42;0.0
KENAI;202502131220;24.7;47.6;822.3;4.1;6.2;41;0.0
KENAI;202502131230;24.9;49.9;822.1;1.3;7.7;46;0.0
KENAI;202502131240;24.7;48.5;822.1;1.4;7.6;91;0.0
KENAI;202502131250;25.0;47.1;822.0;2.4;5.8;32;0.0
