776
VRXZ07 LSSW 191958
Station/Location;Date;tre200s0;uor200s0;prestas0;fkl010z0;fkl010z1;dkl010z0;rre150z0
KENAI;202502191800;21.2;38.6;823.0;0.9;2.2;12;0.0
KENAI;202502191810;21.0;39.5;823.1;1.5;2.5;8;0.0
KENAI;202502191820;20.8;41.0;823.1;0.9;2.4;15;0.0
KENAI;202502191830;20.4;42.4;823.3;1.1;1.9;13;0.0
KENAI;202502191840;20.2;43.9;823.2;1.5;2.4;15;0.0
KENAI;202502191850;20.2;44.6;823.3;0.7;2.8;11;0.0
KENAI;202502191900;20.1;45.6;823.6;1.0;2.2;67;0.0
KENAI;202502191910;19.8;46.9;823.5;1.4;2.9;17;0.0
KENAI;202502191920;19.9;47.3;823.5;1.1;2.8;13;0.0
KENAI;202502191930;19.8;48.4;823.4;0.5;3.7;329;0.0
KENAI;202502191940;19.6;48.9;823.5;1.6;2.6;9;0.0
KENAI;202502191950;19.5;49.8;823.6;1.0;2.5;37;0.0
