791
VRXZ07 LSSW 151108
Station/Location;Date;tre200s0;uor200s0;prestas0;fkl010z0;fkl010z1;dkl010z0;rre150z0
KENAI;202502150910;25.8;42.8;824.2;2.9;4.7;359;0.0
KENAI;202502150920;25.8;42.8;824.1;1.7;5.5;19;0.0
KENAI;202502150930;26.3;38.8;823.9;1.2;4.6;58;0.0
KENAI;202502150940;26.6;38.0;823.7;2.3;5.0;56;0.0
KENAI;202502150950;26.7;39.3;823.6;1.5;4.7;313;0.0
KENAI;202502151000;26.9;33.0;823.4;1.7;5.3;72;0.0
KENAI;202502151010;26.9;33.4;823.2;2.7;5.8;49;0.0
KENAI;202502151020;27.0;38.8;822.9;1.2;3.1;236;0.0
KENAI;202502151030;27.3;33.2;822.7;2.8;5.7;73;0.0
KENAI;202502151040;27.7;32.5;822.6;3.9;5.0;65;0.0
KENAI;202502151050;27.6;32.9;822.5;1.3;6.5;131;0.0
KENAI;202502151100;27.8;34.0;822.3;2.3;5.3;42;0.0
