583
VRXZ07 LSSW 102248
Station/Location;Date;tre200s0;uor200s0;prestas0;fkl010z0;fkl010z1;dkl010z0;rre150z0
KENAI;202507102050;-;74.2;826.4;1.3;2.6;170;0.0
KENAI;202507102100;-;73.9;826.4;0.9;2.3;121;0.0
KENAI;202507102110;-;73.3;826.3;0.8;1.6;89;0.0
KENAI;202507102120;-;74.3;826.3;0.6;1.4;194;0.0
KENAI;202507102130;-;74.5;826.2;0.8;1.9;182;0.0
KENAI;202507102140;-;74.7;826.2;0.4;1.4;251;0.0
KENAI;202507102150;-;76.2;826.2;0.6;0.9;50;0.0
KENAI;202507102200;-;76.4;826.2;0.4;0.7;24;0.0
KENAI;202507102210;-;74.9;826.2;0.4;0.8;33;0.0
KENAI;202507102220;-;78.2;826.1;0.6;0.8;74;0.0
KENAI;202507102230;-;78.5;826.1;0.8;1.5;81;0.0
KENAI;202507102240;-;81.7;826.3;0.6;2.6;56;0.0
