643
VRXZ07 LSSW 171228
Station/Location;Date;tre200s0;uor200s0;prestas0;fkl010z0;fkl010z1;dkl010z0;rre150z0
KENAI;202505171030;24.0;53.8;823.9;3.2;4.7;115;0.0
KENAI;202505171040;23.4;56.4;823.8;3.5;6.4;74;0.0
KENAI;202505171050;24.0;56.1;823.6;2.0;5.0;149;0.0
KENAI;202505171100;23.9;54.3;823.5;2.6;5.1;91;0.0
KENAI;202505171110;23.5;54.9;823.4;3.2;5.8;106;0.0
KENAI;202505171120;24.2;56.4;823.3;1.9;4.7;124;0.0
KENAI;202505171130;23.8;53.6;823.2;2.5;4.5;136;0.0
KENAI;202505171140;23.4;57.2;823.2;2.0;5.8;98;0.0
KENAI;202505171150;24.3;53.5;823.2;2.1;4.5;138;0.0
KENAI;202505171200;23.8;53.5;823.0;1.1;5.3;116;0.0
KENAI;202505171210;24.9;52.3;822.9;2.0;4.9;99;0.0
KENAI;202505171220;23.9;54.5;822.8;0.9;5.4;110;0.0
