967
VRXZ07 LSSW 022158
Station/Location;Date;tre200s0;uor200s0;prestas0;fkl010z0;fkl010z1;dkl010z0;rre150z0
KENAI;202506022000;-;75.2;826.6;0.6;1.2;21;0.0
KENAI;202506022010;-;75.4;826.5;0.4;0.8;263;0.0
KENAI;202506022020;-;77.6;826.6;0.3;0.5;3;0.0
KENAI;202506022030;-;76.2;826.4;0.4;0.8;19;0.0
KENAI;202506022040;-;74.8;826.5;0.4;0.6;3;0.0
KENAI;202506022050;-;77.2;826.6;0.5;1.4;121;0.0
KENAI;202506022100;18.0;74.7;826.5;0.3;1.0;71;0.0
KENAI;202506022110;17.6;76.3;826.3;1.1;2.3;120;0.0
KENAI;202506022120;17.6;76.3;826.3;1.1;3.3;84;0.0
KENAI;202506022130;-;76.2;826.2;0.9;2.2;140;0.0
KENAI;202506022140;-;77.0;826.1;0.9;2.8;131;0.0
KENAI;202506022150;-;77.7;826.1;0.5;2.1;77;0.0
