186
VRXZ07 LSSW 180708
Station/Location;Date;tre200s0;uor200s0;prestas0;fkl010z0;fkl010z1;dkl010z0;rre150z0
KENAI;202506180510;16.5;79.3;827.1;0.0;1.9;0;0.0
KENAI;202506180520;16.9;77.9;827.2;0.7;1.7;92;0.0
KENAI;202506180530;-;76.5;827.3;1.7;2.4;163;0.0
KENAI;202506180540;17.3;75.8;827.2;1.4;2.9;164;0.0
KENAI;202506180550;-;76.4;827.3;1.6;2.6;189;0.0
KENAI;202506180600;-;73.7;827.3;1.5;3.3;155;0.0
KENAI;202506180610;-;73.0;827.4;1.5;2.8;276;0.0
KENAI;202506180620;-;68.7;827.5;2.4;2.8;201;0.0
KENAI;202506180630;-;-;827.5;2.2;2.3;-;0.0
KENAI;202506180640;-;66.2;827.5;1.6;2.5;7;0.0
KENAI;202506180650;-;65.3;827.7;0.4;2.5;38;0.0
KENAI;202506180700;19.8;64.2;827.6;0.9;2.7;55;0.0
