629
VRXZ07 LSSW 141158
Station/Location;Date;tre200s0;uor200s0;prestas0;fkl010z0;fkl010z1;dkl010z0;rre150z0
KENAI;202508141000;-;52.7;825.7;2.3;4.2;196;0.0
KENAI;202508141010;-;49.5;825.6;2.6;4.5;184;0.0
KENAI;202508141020;-;52.3;825.4;1.0;5.0;116;0.0
KENAI;202508141030;23.1;48.0;825.2;1.2;4.6;192;0.0
KENAI;202508141040;-;50.4;825.1;1.4;5.0;237;0.0
KENAI;202508141050;22.8;47.1;825.0;2.9;4.7;184;0.0
KENAI;202508141100;23.4;48.2;824.9;1.1;2.4;77;0.0
KENAI;202508141110;-;45.8;824.6;3.0;3.8;143;0.0
KENAI;202508141120;24.4;44.0;824.5;1.2;4.5;165;0.0
KENAI;202508141130;-;45.5;824.5;2.8;4.8;77;0.0
KENAI;202508141140;-;47.9;824.2;1.9;5.4;112;0.0
KENAI;202508141150;-;43.8;824.2;2.4;4.8;151;0.0
