629
VRXZ07 LSSW 190858
Station/Location;Date;tre200s0;uor200s0;prestas0;fkl010z0;fkl010z1;dkl010z0;rre150z0
KENAI;202503190700;15.7;98.4;826.2;1.5;4.5;345;0.0
KENAI;202503190710;15.7;97.8;826.2;2.3;4.6;338;0.0
KENAI;202503190720;15.4;97.3;826.3;1.5;4.5;18;0.0
KENAI;202503190730;15.8;97.2;826.3;0.9;4.0;83;0.1
KENAI;202503190740;16.7;96.7;826.3;3.5;4.4;47;0.0
KENAI;202503190750;16.8;95.1;826.0;1.8;3.9;31;0.0
KENAI;202503190800;17.4;93.2;825.9;3.6;5.3;49;0.0
KENAI;202503190810;17.5;91.3;825.8;1.9;4.5;36;0.0
KENAI;202503190820;17.9;89.6;825.8;3.7;4.7;43;0.0
KENAI;202503190830;17.8;90.1;825.7;0.8;4.5;37;0.0
KENAI;202503190840;18.1;87.8;825.6;1.8;4.0;81;0.0
KENAI;202503190850;17.9;87.7;825.4;1.3;6.2;79;0.0
