152
VRXZ07 LSSW 290648
Station/Location;Date;tre200s0;uor200s0;prestas0;fkl010z0;fkl010z1;dkl010z0;rre150z0
KENAI;202411290450;19.2;77.4;826.4;0.4;2.1;20;0.0
KENAI;202411290500;19.6;74.5;826.4;1.0;2.0;55;0.0
KENAI;202411290510;19.7;73.9;826.4;1.3;2.1;97;0.0
KENAI;202411290520;20.2;74.6;826.4;2.0;2.4;57;0.0
KENAI;202411290530;20.2;72.6;826.5;0.7;3.2;86;0.0
KENAI;202411290540;20.8;72.3;826.5;0.7;2.4;98;0.0
KENAI;202411290550;21.1;70.9;826.5;1.1;2.0;156;0.0
KENAI;202411290600;21.6;67.6;826.5;0.3;1.5;245;0.0
KENAI;202411290610;22.3;63.7;826.4;0.8;2.1;306;0.0
KENAI;202411290620;-;-;-;-;2.6;-;-
KENAI;202411290630;22.3;70.0;826.2;1.5;2.7;191;0.0
KENAI;202411290640;22.9;61.3;826.2;0.5;1.3;62;0.0
