375
VRXZ07 LSSW 221528
Station/Location;Date;tre200s0;uor200s0;prestas0;fkl010z0;fkl010z1;dkl010z0;rre150z0
KENAI;202411221330;23.9;59.3;820.6;4.1;7.5;60;0.0
KENAI;202411221340;22.4;61.1;820.7;2.9;7.4;31;0.0
KENAI;202411221350;22.7;60.5;820.9;4.0;6.1;46;0.0
KENAI;202411221400;22.6;58.8;821.3;2.4;7.7;3;0.0
KENAI;202411221410;22.7;55.2;821.3;4.2;6.9;336;0.0
KENAI;202411221420;22.3;57.3;821.5;3.8;6.3;23;0.0
KENAI;202411221430;21.5;60.7;821.7;3.3;5.7;60;0.0
KENAI;202411221440;21.0;63.0;821.6;2.5;4.6;27;0.0
KENAI;202411221450;20.9;66.8;821.8;1.7;4.8;14;0.0
KENAI;202411221500;20.6;70.0;821.9;1.6;4.8;57;0.0
KENAI;202411221510;20.4;69.5;821.9;1.2;5.8;2;0.0
KENAI;202411221520;20.3;70.2;822.2;2.0;4.1;38;0.0
