283
VRXZ07 LSSW 280708
Station/Location;Date;tre200s0;uor200s0;prestas0;fkl010z0;fkl010z1;dkl010z0;rre150z0
KENAI;202503280510;16.3;92.9;824.5;1.3;3.2;54;0.0
KENAI;202503280520;16.4;92.9;824.4;1.5;2.8;38;0.0
KENAI;202503280530;16.4;93.4;824.6;0.9;2.4;77;0.0
KENAI;202503280540;16.5;94.0;824.7;1.2;2.4;58;0.0
KENAI;202503280550;16.4;92.4;824.8;1.6;3.2;125;0.0
KENAI;202503280600;16.2;91.5;824.7;1.6;3.5;101;0.0
KENAI;202503280610;16.3;90.0;824.9;2.0;3.5;108;0.0
KENAI;202503280620;16.5;89.5;825.1;1.5;3.9;64;0.0
KENAI;202503280630;16.5;89.7;825.3;1.6;3.2;116;0.0
KENAI;202503280640;-;-;-;-;2.9;-;-
KENAI;202503280650;17.2;89.5;825.4;1.2;4.0;49;0.1
KENAI;202503280700;16.5;89.0;825.5;2.5;6.5;354;0.0
