131
VRXZ07 LSSW 201058
Station/Location;Date;tre200s0;uor200s0;prestas0;fkl010z0;fkl010z1;dkl010z0;rre150z0
KENAI;202502200900;25.4;36.0;823.6;1.5;4.8;136;0.0
KENAI;202502200910;25.8;34.3;823.5;1.2;4.2;19;0.0
KENAI;202502200920;25.7;35.6;823.3;1.1;4.9;32;0.0
KENAI;202502200930;26.5;34.8;823.2;2.8;4.3;74;0.0
KENAI;202502200940;26.4;37.2;822.9;2.2;3.7;18;0.0
KENAI;202502200950;26.0;35.6;822.8;0.7;5.9;101;0.0
KENAI;202502201000;26.6;33.0;822.6;2.6;4.4;351;0.0
KENAI;202502201010;26.6;33.9;822.5;2.2;3.9;95;0.0
KENAI;202502201020;27.0;33.3;822.2;1.2;3.9;132;0.0
KENAI;202502201030;27.2;33.8;822.0;2.7;6.4;41;0.0
KENAI;202502201040;27.2;29.5;821.9;2.4;5.2;133;0.0
KENAI;202502201050;26.9;31.3;821.7;1.6;4.4;105;0.0
