131
VRXZ07 LSSW 060438
Station/Location;Date;tre200s0;uor200s0;prestas0;fkl010z0;fkl010z1;dkl010z0;rre150z0
KENAI;202507060240;14.9;92.4;825.6;0.7;1.3;116;0.0
KENAI;202507060250;-;92.5;825.6;0.7;1.6;138;0.0
KENAI;202507060300;-;92.3;825.6;0.4;0.9;76;0.0
KENAI;202507060310;-;92.7;825.6;0.6;1.2;122;0.0
KENAI;202507060320;-;92.8;825.8;1.0;1.6;193;0.0
KENAI;202507060330;-;93.0;825.8;0.4;1.6;203;0.0
KENAI;202507060340;-;93.2;825.8;0.7;2.1;182;0.0
KENAI;202507060350;-;92.9;825.9;0.7;1.7;157;0.0
KENAI;202507060400;-;92.8;826.0;0.6;1.2;133;0.0
KENAI;202507060410;14.8;92.4;826.0;0.7;1.4;127;0.0
KENAI;202507060420;14.8;92.2;826.2;1.1;1.9;109;0.0
KENAI;202507060430;-;92.3;826.4;0.8;1.6;130;0.0
