698
VRXZ07 LSSW 301748
Station/Location;Date;tre200s0;uor200s0;prestas0;fkl010z0;fkl010z1;dkl010z0;rre150z0
KENAI;202507301550;-;-;-;-;4.6;-;-
KENAI;202507301600;-;52.1;827.3;1.8;6.2;55;0.0
KENAI;202507301610;-;53.3;827.3;2.1;5.2;57;0.0
KENAI;202507301620;-;53.8;827.4;2.1;5.4;81;0.0
KENAI;202507301630;-;55.0;827.5;1.4;4.6;101;0.0
KENAI;202507301640;18.5;56.6;827.6;1.6;3.7;64;0.0
KENAI;202507301650;18.5;56.3;827.7;1.9;4.3;70;0.0
KENAI;202507301700;-;56.6;827.7;2.5;4.3;102;0.0
KENAI;202507301710;18.4;58.1;827.7;1.9;4.0;97;0.0
KENAI;202507301720;-;59.3;827.7;2.5;4.6;81;0.0
KENAI;202507301730;17.8;60.5;827.7;1.3;3.5;151;0.0
KENAI;202507301740;17.2;62.8;827.8;0.5;3.3;133;0.0
