979
VRXZ07 LSSW 131538
Station/Location;Date;tre200s0;uor200s0;prestas0;fkl010z0;fkl010z1;dkl010z0;rre150z0
KENAI;202502131340;24.3;49.7;821.7;2.2;8.0;46;0.0
KENAI;202502131350;24.8;48.2;821.9;2.8;6.9;77;0.0
KENAI;202502131400;24.7;51.1;821.8;1.6;8.0;90;0.0
KENAI;202502131410;24.7;51.0;821.9;1.6;6.2;77;0.0
KENAI;202502131420;24.7;49.6;821.8;3.8;6.7;45;0.0
KENAI;202502131430;24.4;51.4;821.9;4.9;7.0;22;0.0
KENAI;202502131440;24.3;52.7;822.0;3.6;6.9;13;0.0
KENAI;202502131450;23.8;53.6;822.0;3.5;7.4;21;0.0
KENAI;202502131500;23.7;53.8;822.1;3.7;5.5;58;0.0
KENAI;202502131510;23.1;55.2;822.3;3.3;7.3;67;0.0
KENAI;202502131520;22.4;55.5;822.3;1.9;7.1;3;0.0
KENAI;202502131530;21.9;56.7;822.5;2.2;5.0;80;0.0
