588
VRXZ07 LSSW 230938
Station/Location;Date;tre200s0;uor200s0;prestas0;fkl010z0;fkl010z1;dkl010z0;rre150z0
KENAI;202411230740;-;-;-;-;4.3;-;-
KENAI;202411230750;20.8;74.0;825.4;2.0;4.2;25;0.0
KENAI;202411230800;22.3;67.5;825.3;1.9;4.1;92;0.0
KENAI;202411230810;22.7;66.8;825.1;1.3;6.1;56;0.0
KENAI;202411230820;22.7;64.1;824.8;4.5;5.3;6;0.0
KENAI;202411230830;22.8;64.4;824.9;2.8;5.4;52;0.0
KENAI;202411230840;23.7;60.8;824.7;2.7;5.7;40;0.0
KENAI;202411230850;23.5;64.2;824.5;2.9;5.4;102;0.0
KENAI;202411230900;23.9;64.0;824.3;3.6;5.3;55;0.0
KENAI;202411230910;23.6;61.2;824.0;1.1;5.4;37;0.0
KENAI;202411230920;23.4;59.8;824.0;2.0;7.6;37;0.0
KENAI;202411230930;23.8;60.0;823.9;3.2;6.8;45;0.0
