765
VRXZ07 LSSW 080928
Station/Location;Date;tre200s0;uor200s0;prestas0;fkl010z0;fkl010z1;dkl010z0;rre150z0
KENAI;202506080730;20.9;59.6;828.5;1.6;6.0;97;0.0
KENAI;202506080740;-;61.6;828.4;1.9;4.7;94;0.0
KENAI;202506080750;21.8;58.4;828.4;0.9;5.8;140;0.0
KENAI;202506080800;-;64.1;828.4;2.2;4.5;92;0.0
KENAI;202506080810;20.5;65.6;828.3;2.1;5.0;75;0.0
KENAI;202506080820;19.9;65.8;828.3;1.4;4.6;125;0.0
KENAI;202506080830;-;62.7;828.2;4.0;5.2;138;0.0
KENAI;202506080840;-;64.4;828.2;1.1;4.0;129;0.0
KENAI;202506080850;-;61.2;827.9;3.1;5.5;79;0.0
KENAI;202506080900;20.9;62.8;827.8;1.3;5.9;101;0.0
KENAI;202506080910;-;60.1;827.7;0.6;5.5;77;0.0
KENAI;202506080920;-;58.5;827.6;0.9;3.7;97;0.0
