895
VRXZ07 LSSW 101148
Station/Location;Date;tre200s0;uor200s0;prestas0;fkl010z0;fkl010z1;dkl010z0;rre150z0
KENAI;202506100950;23.0;46.1;825.9;0.6;4.6;130;0.0
KENAI;202506101000;23.2;42.3;825.8;2.2;5.9;128;0.0
KENAI;202506101010;23.4;45.4;825.6;2.1;4.8;81;0.0
KENAI;202506101020;23.2;42.1;825.6;2.1;6.1;150;0.0
KENAI;202506101030;23.2;43.7;825.4;2.7;4.4;133;0.0
KENAI;202506101040;23.9;43.5;825.4;2.0;5.5;131;0.0
KENAI;202506101050;23.2;43.5;825.3;2.3;7.4;196;0.0
KENAI;202506101100;-;40.1;825.1;3.8;5.4;77;0.0
KENAI;202506101110;23.8;44.8;824.9;2.2;5.0;66;0.0
KENAI;202506101120;23.9;43.3;824.8;1.8;5.2;69;0.0
KENAI;202506101130;23.9;41.9;824.5;0.9;5.7;56;0.0
KENAI;202506101140;23.8;45.4;824.5;2.8;5.8;151;0.0
