442
VRXZ07 LSSW 070538
Station/Location;Date;tre200s0;uor200s0;prestas0;fkl010z0;fkl010z1;dkl010z0;rre150z0
KENAI;202508070340;14.0;92.0;824.3;0.0;1.0;0;0.0
KENAI;202508070350;-;92.1;824.4;0.7;0.8;73;0.0
KENAI;202508070400;-;92.3;824.5;0.4;0.9;117;0.0
KENAI;202508070410;-;90.9;824.5;0.0;1.0;0;0.0
KENAI;202508070420;-;90.2;824.6;0.8;1.2;68;0.0
KENAI;202508070430;-;89.1;824.6;0.5;0.9;96;0.0
KENAI;202508070440;-;88.7;824.7;0.6;1.5;108;0.0
KENAI;202508070450;-;88.1;824.8;0.7;1.3;79;0.0
KENAI;202508070500;-;86.7;824.8;0.5;1.0;176;0.0
KENAI;202508070510;-;86.0;824.9;0.8;1.3;153;0.0
KENAI;202508070520;-;84.4;824.9;0.5;1.4;31;0.0
KENAI;202508070530;-;82.8;825.0;0.0;1.4;0;0.0
