339
VRXZ07 LSSW 261838
Station/Location;Date;tre200s0;uor200s0;prestas0;fkl010z0;fkl010z1;dkl010z0;rre150z0
KENAI;202503261640;19.9;65.5;821.6;1.0;2.9;76;0.0
KENAI;202503261650;19.7;66.9;821.7;1.7;2.8;46;0.0
KENAI;202503261700;19.5;68.0;821.6;2.1;3.0;44;0.0
KENAI;202503261710;19.6;68.7;821.8;1.0;3.9;54;0.0
KENAI;202503261720;19.4;70.2;822.0;1.4;2.8;53;0.0
KENAI;202503261730;19.2;71.1;822.3;1.0;2.4;77;0.0
KENAI;202503261740;19.0;72.7;822.5;0.7;2.5;77;0.0
KENAI;202503261750;18.9;73.6;822.4;1.7;2.6;32;0.0
KENAI;202503261800;18.9;73.4;822.6;0.7;2.5;4;0.0
KENAI;202503261810;18.8;72.4;822.6;0.4;2.3;17;0.0
KENAI;202503261820;18.4;72.3;822.6;1.9;2.9;33;0.0
KENAI;202503261830;18.4;73.0;822.7;0.7;2.5;352;0.0
