901
VRXZ07 LSSW 182208
Station/Location;Date;tre200s0;uor200s0;prestas0;fkl010z0;fkl010z1;dkl010z0;rre150z0
KENAI;202411182010;19.1;75.6;824.6;1.9;3.3;41;0.0
KENAI;202411182020;19.1;76.9;824.5;0.9;3.0;18;0.0
KENAI;202411182030;18.9;78.3;824.4;1.4;3.2;65;0.0
KENAI;202411182040;19.0;78.2;824.4;0.7;2.0;37;0.0
KENAI;202411182050;18.9;77.5;824.4;4.0;5.0;42;0.0
KENAI;202411182100;18.4;81.5;824.3;1.4;4.4;11;0.1
KENAI;202411182110;17.6;87.1;824.3;1.1;3.7;321;1.2
KENAI;202411182120;17.1;90.8;824.1;2.0;2.7;59;0.0
KENAI;202411182130;16.9;92.7;824.1;1.4;2.8;62;0.0
KENAI;202411182140;17.1;93.2;824.2;0.8;1.6;60;0.0
KENAI;202411182150;17.1;93.7;824.1;0.5;0.9;58;0.0
KENAI;202411182200;17.2;93.9;824.0;0.4;0.9;37;0.0
