970
VRXZ07 LSSW 071658
Station/Location;Date;tre200s0;uor200s0;prestas0;fkl010z0;fkl010z1;dkl010z0;rre150z0
KENAI;202504071500;22.2;67.5;823.1;5.0;7.2;73;0.0
KENAI;202504071510;21.6;69.9;823.2;2.6;6.4;86;0.0
KENAI;202504071520;21.2;70.1;823.3;3.7;6.5;54;0.0
KENAI;202504071530;20.8;71.2;823.4;2.0;6.5;41;0.0
KENAI;202504071540;20.5;72.5;823.5;2.5;4.3;84;0.0
KENAI;202504071550;20.2;73.7;823.6;1.5;3.6;49;0.0
KENAI;202504071600;20.1;73.3;823.8;2.1;4.3;61;0.0
KENAI;202504071610;19.8;73.2;823.9;2.3;4.9;30;0.0
KENAI;202504071620;19.6;73.6;824.0;3.2;4.8;25;0.0
KENAI;202504071630;19.4;74.9;824.3;2.6;4.1;43;0.0
KENAI;202504071640;19.3;75.8;824.4;2.1;4.2;58;0.0
KENAI;202504071650;19.1;77.0;824.6;1.0;2.9;51;0.0
