333
VRXZ07 LSSW 181108
Station/Location;Date;tre200s0;uor200s0;prestas0;fkl010z0;fkl010z1;dkl010z0;rre150z0
KENAI;202506180910;22.0;60.4;826.6;0.0;2.9;0;0.0
KENAI;202506180920;22.3;56.4;826.4;2.5;4.2;102;0.0
KENAI;202506180930;22.2;56.2;826.4;1.4;4.0;132;0.0
KENAI;202506180940;22.6;56.8;826.2;2.0;3.1;84;0.0
KENAI;202506180950;23.3;54.0;826.1;0.8;4.5;145;0.0
KENAI;202506181000;22.6;54.6;826.0;2.1;4.4;126;0.0
KENAI;202506181010;-;55.6;825.9;3.5;4.1;133;0.0
KENAI;202506181020;22.0;57.1;825.9;2.3;5.1;175;0.0
KENAI;202506181030;-;57.3;825.9;1.1;3.8;165;0.0
KENAI;202506181040;-;57.5;825.7;2.3;4.8;148;0.0
KENAI;202506181050;-;58.8;825.7;0.4;3.9;152;0.0
KENAI;202506181100;22.9;58.3;825.5;1.4;4.8;190;0.0
