317
VRXZ07 LSSW 172058
Station/Location;Date;tre200s0;uor200s0;prestas0;fkl010z0;fkl010z1;dkl010z0;rre150z0
KENAI;202506171900;-;75.2;826.4;0.7;3.5;116;0.0
KENAI;202506171910;-;75.3;826.5;1.1;3.7;134;0.0
KENAI;202506171920;-;76.2;826.4;0.8;2.4;165;0.0
KENAI;202506171930;-;77.1;826.5;0.4;1.6;156;0.0
KENAI;202506171940;-;77.6;826.6;0.6;1.3;115;0.0
KENAI;202506171950;-;77.0;826.6;0.7;2.5;139;0.0
KENAI;202506172000;-;77.4;826.8;0.6;1.8;99;0.0
KENAI;202506172010;-;77.0;826.7;0.6;2.0;62;0.0
KENAI;202506172020;-;77.0;826.8;1.3;2.2;94;0.0
KENAI;202506172030;-;77.5;826.8;0.6;2.0;109;0.0
KENAI;202506172040;-;77.5;826.8;0.4;2.6;170;0.0
KENAI;202506172050;-;77.8;826.8;0.9;1.5;89;0.0
