026
VRXZ07 LSSW 102348
Station/Location;Date;tre200s0;uor200s0;prestas0;fkl010z0;fkl010z1;dkl010z0;rre150z0
KENAI;202503102150;18.5;81.1;823.2;0.6;0.8;61;0.0
KENAI;202503102200;18.5;78.8;823.1;0.4;0.6;53;0.0
KENAI;202503102210;18.6;78.1;822.9;0.4;0.6;114;0.0
KENAI;202503102220;18.5;82.9;822.8;0.0;0.6;0;0.0
KENAI;202503102230;18.3;83.8;822.7;0.5;0.9;195;0.0
KENAI;202503102240;18.1;83.5;822.8;0.7;0.9;182;0.0
KENAI;202503102250;18.1;84.9;822.7;0.4;0.8;120;0.0
KENAI;202503102300;18.1;83.3;822.6;0.4;0.7;199;0.0
KENAI;202503102310;18.1;84.6;822.6;0.4;0.6;260;0.0
KENAI;202503102320;17.9;84.0;822.6;0.0;0.6;0;0.0
KENAI;202503102330;17.9;84.8;822.4;0.0;0.4;0;0.0
KENAI;202503102340;18.1;84.1;822.3;0.5;0.5;260;0.0
