389
VRXZ07 LSSW 080948
Station/Location;Date;tre200s0;uor200s0;prestas0;fkl010z0;fkl010z1;dkl010z0;rre150z0
KENAI;202503080750;23.6;60.7;822.7;3.3;5.5;84;0.0
KENAI;202503080800;23.9;59.0;822.8;3.9;7.0;24;0.0
KENAI;202503080810;24.2;58.9;822.7;2.5;6.6;23;0.0
KENAI;202503080820;25.3;56.1;822.6;2.5;6.2;44;0.0
KENAI;202503080830;25.3;57.1;822.5;1.9;6.4;349;0.0
KENAI;202503080840;24.4;56.2;822.4;2.6;5.1;86;0.0
KENAI;202503080850;25.1;55.7;822.4;0.7;6.6;76;0.0
KENAI;202503080900;25.0;52.9;822.1;3.4;6.9;78;0.0
KENAI;202503080910;24.8;52.1;821.9;3.1;6.3;55;0.0
KENAI;202503080920;25.9;50.6;821.7;3.6;8.2;69;0.0
KENAI;202503080930;26.1;50.8;821.4;2.3;5.7;360;0.0
KENAI;202503080940;26.3;49.9;821.3;2.1;6.1;78;0.0
