814
VRXZ07 LSSW 190548
Station/Location;Date;tre200s0;uor200s0;prestas0;fkl010z0;fkl010z1;dkl010z0;rre150z0
KENAI;202506190350;15.3;91.5;827.0;0.8;1.3;185;0.0
KENAI;202506190400;-;91.9;827.1;1.2;2.0;199;0.0
KENAI;202506190410;-;92.1;827.2;0.8;1.4;231;0.0
KENAI;202506190420;-;92.0;827.2;0.8;1.7;210;0.0
KENAI;202506190430;15.4;91.3;827.3;0.7;1.9;204;0.0
KENAI;202506190440;15.6;90.7;827.4;0.0;1.8;0;0.0
KENAI;202506190450;15.7;89.8;827.5;0.7;1.5;159;0.0
KENAI;202506190500;-;89.8;827.7;0.5;1.3;193;0.0
KENAI;202506190510;-;89.8;827.8;0.6;1.2;144;0.0
KENAI;202506190520;-;89.6;827.8;1.0;1.6;182;0.0
KENAI;202506190530;-;87.1;827.8;1.3;2.2;213;0.0
KENAI;202506190540;-;-;-;-;1.6;-;-
