590
VRXZ07 LSSW 170908
Station/Location;Date;tre200s0;uor200s0;prestas0;fkl010z0;fkl010z1;dkl010z0;rre150z0
KENAI;202504170710;21.9;67.9;825.5;0.7;4.0;144;0.0
KENAI;202504170720;-;-;-;-;4.6;-;-
KENAI;202504170730;22.5;62.8;825.6;1.4;3.1;56;0.0
KENAI;202504170740;-;-;-;-;3.7;-;-
KENAI;202504170750;23.0;62.1;825.5;2.0;3.7;118;0.0
KENAI;202504170800;23.4;53.9;825.3;2.2;3.9;10;0.0
KENAI;202504170810;23.2;55.4;825.2;0.0;4.1;0;0.0
KENAI;202504170820;23.8;49.1;825.1;0.9;4.6;43;0.0
KENAI;202504170830;24.2;51.5;825.0;1.3;3.9;17;0.0
KENAI;202504170840;24.5;54.9;824.8;2.8;4.0;23;0.0
KENAI;202504170850;24.4;47.6;824.8;2.4;4.8;8;0.0
KENAI;202504170900;24.2;50.3;824.7;1.2;5.5;144;0.0
