709
VRXZ07 LSSW 261958
Station/Location;Date;tre200s0;uor200s0;prestas0;fkl010z0;fkl010z1;dkl010z0;rre150z0
KENAI;202503261800;18.9;73.4;822.6;0.7;2.5;4;0.0
KENAI;202503261810;18.8;72.4;822.6;0.4;2.3;17;0.0
KENAI;202503261820;18.4;72.3;822.6;1.9;2.9;33;0.0
KENAI;202503261830;18.4;73.0;822.7;0.7;2.5;352;0.0
KENAI;202503261840;18.4;73.3;822.7;0.8;2.6;327;0.0
KENAI;202503261850;18.2;73.4;822.8;0.5;1.8;26;0.0
KENAI;202503261900;18.0;72.8;822.7;1.4;2.1;47;0.0
KENAI;202503261910;17.9;73.1;822.9;0.5;1.5;62;0.0
KENAI;202503261920;17.5;74.4;823.0;0.5;1.2;69;0.0
KENAI;202503261930;17.7;73.5;823.1;0.8;1.0;4;0.0
KENAI;202503261940;17.4;74.8;823.1;0.7;1.4;57;0.0
KENAI;202503261950;17.3;75.5;823.1;0.3;1.4;15;0.0
