945
VRXZ07 LSSW 191628
Station/Location;Date;tre200s0;uor200s0;prestas0;fkl010z0;fkl010z1;dkl010z0;rre150z0
KENAI;202411191430;23.9;54.1;821.2;4.1;4.9;40;0.0
KENAI;202411191440;24.2;54.3;821.1;2.7;5.8;89;0.0
KENAI;202411191450;23.6;56.2;821.1;3.3;4.6;74;0.0
KENAI;202411191500;23.3;58.0;821.2;0.8;5.1;65;0.0
KENAI;202411191510;23.2;58.8;821.4;3.0;4.6;42;0.0
KENAI;202411191520;22.9;60.1;821.5;2.6;4.4;61;0.0
KENAI;202411191530;22.6;-;821.8;3.4;4.6;-;0.0
KENAI;202411191540;22.3;62.5;822.1;4.1;6.1;71;0.0
KENAI;202411191550;22.0;64.2;822.3;3.2;5.7;46;0.0
KENAI;202411191600;21.9;64.7;822.4;3.8;5.6;77;0.0
KENAI;202411191610;21.6;63.5;822.4;2.9;6.1;65;0.0
KENAI;202411191620;-;-;-;-;4.9;-;-
