801
VRXZ07 LSSW 091338
Station/Location;Date;tre200s0;uor200s0;prestas0;fkl010z0;fkl010z1;dkl010z0;rre150z0
KENAI;202504091140;26.7;38.9;823.3;2.0;5.6;55;0.0
KENAI;202504091150;27.1;37.6;823.1;2.8;7.6;61;0.0
KENAI;202504091200;27.4;39.4;823.2;3.0;5.9;71;0.0
KENAI;202504091210;27.1;38.2;823.2;2.2;4.3;61;0.0
KENAI;202504091220;27.1;40.0;823.2;2.3;5.2;10;0.0
KENAI;202504091230;26.8;41.5;822.9;0.6;4.5;28;0.0
KENAI;202504091240;27.1;44.1;822.8;3.2;5.5;34;0.0
KENAI;202504091250;27.4;42.9;822.6;0.8;4.0;59;0.0
KENAI;202504091300;27.6;42.3;822.5;2.5;4.8;53;0.0
KENAI;202504091310;26.9;41.7;822.4;1.1;4.6;138;0.0
KENAI;202504091320;27.3;43.4;822.4;1.5;4.6;70;0.0
KENAI;202504091330;27.0;41.3;822.5;1.8;4.4;77;0.0
