502
VRXZ07 LSSW 130058
Station/Location;Date;tre200s0;uor200s0;prestas0;fkl010z0;fkl010z1;dkl010z0;rre150z0
KENAI;202503122300;18.3;89.7;822.8;1.2;1.8;66;0.0
KENAI;202503122310;18.1;90.3;822.6;0.8;1.5;67;0.0
KENAI;202503122320;18.1;89.1;822.7;1.0;2.8;58;0.0
KENAI;202503122330;18.1;89.2;822.5;1.2;3.1;72;0.0
KENAI;202503122340;18.0;89.6;822.5;0.5;2.5;28;0.0
KENAI;202503122350;18.1;89.3;822.4;1.7;3.0;57;0.0
KENAI;202503130000;18.1;89.2;822.5;1.4;3.2;58;0.0
KENAI;202503130010;18.1;88.9;822.5;1.2;2.2;5;0.0
KENAI;202503130020;18.1;89.1;822.5;1.3;3.8;46;0.0
KENAI;202503130030;18.1;88.9;822.6;1.5;3.5;38;0.0
KENAI;202503130040;18.2;89.2;822.5;1.4;2.2;65;0.0
KENAI;202503130050;18.1;88.9;822.6;1.1;3.1;42;0.0
