128
VRXZ07 LSSW 141638
Station/Location;Date;tre200s0;uor200s0;prestas0;fkl010z0;fkl010z1;dkl010z0;rre150z0
KENAI;202504141440;22.4;64.4;822.2;1.9;3.9;86;0.0
KENAI;202504141450;22.3;65.0;822.3;1.4;3.1;115;0.0
KENAI;202504141500;22.4;64.6;822.5;0.8;3.7;57;0.0
KENAI;202504141510;22.3;65.3;822.6;0.6;3.2;40;0.0
KENAI;202504141520;22.0;66.9;822.7;1.6;3.6;24;0.0
KENAI;202504141530;21.7;68.1;822.8;1.3;3.0;64;0.0
KENAI;202504141540;21.6;69.2;822.8;0.5;2.2;56;0.0
KENAI;202504141550;21.5;70.3;823.0;0.6;2.2;62;0.0
KENAI;202504141600;21.6;69.5;823.1;0.7;4.5;103;0.0
KENAI;202504141610;21.5;69.2;823.3;0.6;4.0;55;0.0
KENAI;202504141620;21.5;69.3;823.5;0.9;4.3;90;0.0
KENAI;202504141630;21.3;70.0;823.8;3.6;4.7;99;0.0
