653
VRXZ07 LSSW 091358
Station/Location;Date;tre200s0;uor200s0;prestas0;fkl010z0;fkl010z1;dkl010z0;rre150z0
KENAI;202506091200;-;62.1;825.7;0.5;3.6;3;0.0
KENAI;202506091210;-;59.3;825.6;2.8;6.2;139;0.0
KENAI;202506091220;21.8;63.2;825.5;2.3;5.6;152;0.0
KENAI;202506091230;-;64.2;825.6;2.8;5.2;105;0.0
KENAI;202506091240;-;63.2;825.4;1.8;6.1;118;0.0
KENAI;202506091250;21.3;64.4;825.4;3.3;6.1;108;0.0
KENAI;202506091300;-;62.7;825.3;2.0;4.7;141;0.0
KENAI;202506091310;22.7;61.9;825.3;3.7;6.9;144;0.0
KENAI;202506091320;21.7;65.8;825.5;1.9;7.3;142;0.0
KENAI;202506091330;-;65.7;825.4;0.5;6.6;106;0.0
KENAI;202506091340;-;65.4;825.4;2.1;4.6;182;0.0
KENAI;202506091350;21.6;64.8;825.5;1.0;3.1;204;0.0
