416
VRXZ07 LSSW 182158
Station/Location;Date;tre200s0;uor200s0;prestas0;fkl010z0;fkl010z1;dkl010z0;rre150z0
KENAI;202502182000;18.7;51.1;824.6;1.5;3.2;26;0.0
KENAI;202502182010;18.8;51.5;824.5;1.3;2.7;44;0.0
KENAI;202502182020;18.5;52.3;824.5;0.7;2.1;354;0.0
KENAI;202502182030;18.2;53.3;824.6;0.7;2.0;28;0.0
KENAI;202502182040;17.9;54.6;824.6;1.1;1.5;29;0.0
KENAI;202502182050;17.5;56.0;824.6;0.5;1.3;82;0.0
KENAI;202502182100;17.8;55.3;824.4;0.6;2.9;43;0.0
KENAI;202502182110;18.1;54.7;824.4;0.8;3.0;30;0.0
KENAI;202502182120;17.8;55.5;824.4;0.6;1.5;75;0.0
KENAI;202502182130;17.6;56.1;824.4;1.5;2.3;10;0.0
KENAI;202502182140;17.4;56.9;824.3;0.4;2.2;34;0.0
KENAI;202502182150;17.1;57.9;824.1;0.9;1.6;32;0.0
