254
VRXZ07 LSSW 222348
Station/Location;Date;tre200s0;uor200s0;prestas0;fkl010z0;fkl010z1;dkl010z0;rre150z0
KENAI;202502222150;17.5;61.1;824.8;0.5;1.8;353;0.0
KENAI;202502222200;17.3;61.8;824.7;1.4;2.1;9;0.0
KENAI;202502222210;16.9;63.8;824.7;0.6;1.5;47;0.0
KENAI;202502222220;16.8;64.1;824.5;1.0;2.3;18;0.0
KENAI;202502222230;17.1;63.3;824.5;0.6;2.3;7;0.0
KENAI;202502222240;17.0;63.6;824.5;0.8;1.9;346;0.0
KENAI;202502222250;16.7;64.7;824.5;0.4;1.6;48;0.0
KENAI;202502222300;16.3;65.9;824.4;0.4;1.6;45;0.0
KENAI;202502222310;16.2;65.8;824.3;0.0;0.8;0;0.0
KENAI;202502222320;16.5;65.7;824.1;0.8;2.9;55;0.0
KENAI;202502222330;16.6;65.6;824.0;1.0;2.7;16;0.0
KENAI;202502222340;16.2;67.1;823.9;0.4;1.7;45;0.0
