360
VRXZ07 LSSW 111418
Station/Location;Date;tre200s0;uor200s0;prestas0;fkl010z0;fkl010z1;dkl010z0;rre150z0
KENAI;202507111220;-;60.5;824.8;1.2;3.8;142;0.0
KENAI;202507111230;-;62.6;824.7;1.3;3.7;172;0.0
KENAI;202507111240;20.0;62.5;824.7;1.3;4.6;136;0.0
KENAI;202507111250;-;60.5;824.7;1.4;4.0;192;0.0
KENAI;202507111300;-;61.4;824.6;1.1;3.8;131;0.0
KENAI;202507111310;20.1;61.2;824.6;1.1;3.5;138;0.0
KENAI;202507111320;19.8;61.9;824.5;2.4;3.3;121;0.0
KENAI;202507111330;-;61.9;824.5;0.5;2.3;238;0.0
KENAI;202507111340;-;62.6;824.5;1.0;1.4;102;0.0
KENAI;202507111350;19.5;64.6;824.6;0.7;1.5;141;0.0
KENAI;202507111400;-;65.6;824.6;0.9;1.8;161;0.0
KENAI;202507111410;-;64.8;824.6;0.4;1.5;166;0.0
