994
VRXZ07 LSSW 131318
Station/Location;Date;tre200s0;uor200s0;prestas0;fkl010z0;fkl010z1;dkl010z0;rre150z0
KENAI;202503131120;26.0;48.9;821.7;2.4;5.6;45;0.0
KENAI;202503131130;26.2;46.4;821.5;3.6;5.6;35;0.0
KENAI;202503131140;25.9;47.3;821.5;3.1;5.3;19;0.0
KENAI;202503131150;26.1;46.6;821.3;1.8;5.3;127;0.0
KENAI;202503131200;26.4;43.8;821.3;0.9;4.3;42;0.0
KENAI;202503131210;26.0;44.4;821.3;2.8;6.3;18;0.0
KENAI;202503131220;26.4;44.5;821.2;0.7;6.5;341;0.0
KENAI;202503131230;25.4;46.1;821.3;2.2;8.4;56;0.0
KENAI;202503131240;26.5;43.1;821.2;1.0;4.3;25;0.0
KENAI;202503131250;26.4;44.7;821.2;3.8;6.1;103;0.0
KENAI;202503131300;26.7;43.5;821.1;3.2;6.2;19;0.0
KENAI;202503131310;26.9;45.6;821.0;2.4;5.0;67;0.0
