048
VRXZ07 LSSW 172238
Station/Location;Date;tre200s0;uor200s0;prestas0;fkl010z0;fkl010z1;dkl010z0;rre150z0
KENAI;202505172040;17.3;84.1;825.1;0.4;1.0;71;0.0
KENAI;202505172050;-;86.6;825.1;0.5;0.9;176;0.0
KENAI;202505172100;-;86.2;825.0;0.7;0.7;175;0.0
KENAI;202505172110;16.5;87.7;824.9;0.9;2.3;214;0.0
KENAI;202505172120;-;87.5;824.7;0.5;1.2;187;0.0
KENAI;202505172130;16.6;87.4;824.6;0.8;1.1;85;0.0
KENAI;202505172140;16.8;86.1;824.6;0.7;1.9;131;0.0
KENAI;202505172150;-;86.3;824.4;0.5;0.9;89;0.0
KENAI;202505172200;16.3;87.7;824.4;0.4;1.9;13;0.0
KENAI;202505172210;-;89.0;824.3;0.0;0.7;0;0.0
KENAI;202505172220;-;89.2;824.1;0.0;0.6;0;0.0
KENAI;202505172230;-;89.0;823.9;0.7;1.0;128;0.0
