254
VRXZ07 LSSW 101308
Station/Location;Date;tre200s0;uor200s0;prestas0;fkl010z0;fkl010z1;dkl010z0;rre150z0
KENAI;202505101110;22.9;61.4;824.2;2.5;3.8;84;0.0
KENAI;202505101120;23.1;63.2;824.0;1.9;3.5;162;0.0
KENAI;202505101130;23.3;62.8;823.9;0.8;3.2;218;0.0
KENAI;202505101140;23.5;60.8;823.7;1.2;3.1;172;0.0
KENAI;202505101150;24.1;62.1;823.6;2.6;4.1;214;0.0
KENAI;202505101200;23.5;61.7;823.7;1.4;5.3;144;0.0
KENAI;202505101210;23.2;61.9;823.6;2.8;4.1;177;0.0
KENAI;202505101220;23.2;67.2;823.5;2.7;5.2;155;0.0
KENAI;202505101230;24.3;61.3;823.3;2.4;4.1;201;0.0
KENAI;202505101240;23.9;62.9;823.4;1.4;4.9;177;0.0
KENAI;202505101250;20.6;78.8;823.7;3.0;6.5;106;2.8
KENAI;202505101300;17.8;90.1;823.6;0.7;5.0;134;8.4
