738
VRXZ07 LSSW 250138
Station/Location;Date;tre200s0;uor200s0;prestas0;fkl010z0;fkl010z1;dkl010z0;rre150z0
KENAI;202507242340;-;80.5;825.4;0.5;1.4;254;0.0
KENAI;202507242350;-;81.5;825.2;0.7;2.1;218;0.0
KENAI;202507250000;-;82.2;825.0;0.5;1.2;206;0.0
KENAI;202507250010;-;83.2;825.0;0.5;1.8;221;0.0
KENAI;202507250020;-;83.6;824.7;0.6;1.4;262;0.0
KENAI;202507250030;-;83.5;824.8;1.0;2.1;283;0.0
KENAI;202507250040;-;83.7;824.7;1.2;2.2;276;0.0
KENAI;202507250050;13.6;83.9;824.6;0.8;2.6;183;0.0
KENAI;202507250100;-;84.3;824.6;1.1;1.9;270;0.0
KENAI;202507250110;13.2;85.6;824.5;0.5;1.7;212;0.0
KENAI;202507250120;-;85.8;824.5;0.0;0.9;0;0.0
KENAI;202507250130;-;85.4;824.5;0.6;1.0;293;0.0
