885
VRXZ07 LSSW 232158
Station/Location;Date;tre200s0;uor200s0;prestas0;fkl010z0;fkl010z1;dkl010z0;rre150z0
KENAI;202507232000;-;76.8;826.6;0.4;0.9;232;0.0
KENAI;202507232010;15.9;77.2;826.6;0.4;0.9;219;0.0
KENAI;202507232020;-;77.3;826.6;0.4;0.7;199;0.0
KENAI;202507232030;-;77.5;826.5;0.6;1.0;227;0.0
KENAI;202507232040;15.8;77.6;826.4;0.6;1.7;191;0.0
KENAI;202507232050;-;78.0;826.4;0.0;1.8;0;0.0
KENAI;202507232100;-;77.5;826.3;0.4;1.1;148;0.0
KENAI;202507232110;-;78.5;826.2;0.6;1.4;123;0.0
KENAI;202507232120;15.7;77.8;826.2;0.4;1.7;146;0.0
KENAI;202507232130;15.8;76.7;826.2;0.3;1.5;142;0.0
KENAI;202507232140;-;78.1;826.2;0.3;0.7;149;0.0
KENAI;202507232150;-;77.6;826.1;0.3;0.6;222;0.0
