858
VRXZ07 LSSW 280238
Station/Location;Date;tre200s0;uor200s0;prestas0;fkl010z0;fkl010z1;dkl010z0;rre150z0
KENAI;202506280040;-;85.7;824.6;0.6;0.8;114;0.0
KENAI;202506280050;-;85.6;824.6;0.6;0.8;176;0.0
KENAI;202506280100;-;85.6;824.5;0.7;1.2;142;0.0
KENAI;202506280110;-;85.6;824.5;0.5;1.5;164;0.0
KENAI;202506280120;-;86.0;824.6;1.0;1.4;156;0.0
KENAI;202506280130;-;86.7;824.5;0.5;1.2;203;0.0
KENAI;202506280140;-;86.9;824.5;0.9;1.5;137;0.0
KENAI;202506280150;-;87.9;824.5;0.8;1.7;130;0.0
KENAI;202506280200;-;88.8;824.7;1.0;1.8;148;0.0
KENAI;202506280210;-;89.0;824.8;0.5;1.5;121;0.0
KENAI;202506280220;-;89.1;824.9;1.1;1.2;115;0.0
KENAI;202506280230;-;89.4;824.8;0.9;1.6;95;0.0
