270
VRXZ07 LSSW 141408
Station/Location;Date;tre200s0;uor200s0;prestas0;fkl010z0;fkl010z1;dkl010z0;rre150z0
KENAI;202411141210;24.7;53.5;820.2;1.5;4.5;96;0.0
KENAI;202411141220;24.8;54.3;820.1;1.3;3.5;87;0.0
KENAI;202411141230;24.7;54.3;820.1;2.3;3.3;57;0.0
KENAI;202411141240;24.3;55.0;819.8;2.8;4.6;78;0.0
KENAI;202411141250;24.2;57.5;819.8;1.6;4.4;74;0.0
KENAI;202411141300;24.5;55.3;819.7;3.5;5.1;74;0.0
KENAI;202411141310;25.6;51.4;819.6;2.8;4.5;59;0.0
KENAI;202411141320;24.2;55.3;819.6;1.9;4.8;122;0.0
KENAI;202411141330;22.7;60.7;819.7;2.0;4.1;169;0.0
KENAI;202411141340;21.1;71.0;819.8;2.0;3.7;268;0.0
KENAI;202411141350;20.6;70.8;819.9;1.5;3.4;237;0.0
KENAI;202411141400;20.6;71.1;819.9;1.2;1.8;219;0.0
