710
VRXZ07 LSSW 040608
Station/Location;Date;tre200s0;uor200s0;prestas0;fkl010z0;fkl010z1;dkl010z0;rre150z0
KENAI;202506040410;-;91.0;826.5;0.5;1.0;223;0.0
KENAI;202506040420;-;90.1;826.5;0.0;0.9;0;0.0
KENAI;202506040430;-;90.2;826.7;0.6;1.1;205;0.0
KENAI;202506040440;-;89.2;826.7;1.0;1.7;114;0.0
KENAI;202506040450;-;88.9;826.7;1.1;1.9;116;0.0
KENAI;202506040500;-;87.7;826.9;0.6;1.2;139;0.0
KENAI;202506040510;16.9;81.6;827.0;1.3;2.8;123;0.0
KENAI;202506040520;-;80.0;827.0;0.8;1.9;48;0.0
KENAI;202506040530;-;80.2;827.2;0.8;1.8;133;0.0
KENAI;202506040540;-;78.9;827.1;1.5;1.9;75;0.0
KENAI;202506040550;18.3;75.0;827.2;0.5;2.7;143;0.0
KENAI;202506040600;-;73.9;827.3;2.4;4.0;20;0.0
