283
VRXZ07 LSSW 300108
Station/Location;Date;tre200s0;uor200s0;prestas0;fkl010z0;fkl010z1;dkl010z0;rre150z0
KENAI;202507292310;14.8;70.0;827.3;0.8;2.0;155;0.0
KENAI;202507292320;-;71.4;827.2;0.8;1.8;172;0.0
KENAI;202507292330;-;71.9;827.3;0.9;2.3;133;0.0
KENAI;202507292340;14.4;72.8;827.2;1.2;2.8;125;0.0
KENAI;202507292350;-;74.2;827.2;1.1;3.4;142;0.0
KENAI;202507300000;-;-;827.3;1.0;3.3;-;0.0
KENAI;202507300010;13.9;76.2;827.4;1.2;3.9;130;0.0
KENAI;202507300020;-;76.8;827.4;2.6;3.2;160;0.0
KENAI;202507300030;13.6;78.0;827.4;0.3;3.3;128;0.0
KENAI;202507300040;13.4;78.6;827.5;1.4;3.8;149;0.0
KENAI;202507300050;13.4;79.3;827.6;1.0;4.5;179;0.0
KENAI;202507300100;-;-;-;-;2.4;-;-
