249
VRXZ07 LSSW 062308
Station/Location;Date;tre200s0;uor200s0;prestas0;fkl010z0;fkl010z1;dkl010z0;rre150z0
KENAI;202508062110;-;79.3;824.9;1.1;1.9;99;0.0
KENAI;202508062120;-;79.9;824.8;0.9;2.0;126;0.0
KENAI;202508062130;16.1;80.0;824.7;0.7;1.8;119;0.0
KENAI;202508062140;16.1;80.5;824.6;0.4;1.3;178;0.0
KENAI;202508062150;-;80.7;824.5;1.0;1.3;124;0.0
KENAI;202508062200;-;81.2;824.4;0.4;1.4;130;0.0
KENAI;202508062210;-;81.6;824.4;0.7;0.9;102;0.0
KENAI;202508062220;-;81.5;824.3;0.5;0.9;116;0.0
KENAI;202508062230;-;82.0;824.2;0.4;1.5;169;0.0
KENAI;202508062240;-;82.2;824.1;0.3;1.7;130;0.0
KENAI;202508062250;-;82.4;823.8;0.0;1.2;0;0.0
KENAI;202508062300;-;83.0;823.8;0.7;1.7;77;0.0
