320
VRXZ07 LSSW 192148
Station/Location;Date;tre200s0;uor200s0;prestas0;fkl010z0;fkl010z1;dkl010z0;rre150z0
KENAI;202502191950;19.5;49.8;823.6;1.0;2.5;37;0.0
KENAI;202502192000;19.3;50.5;823.7;0.5;1.8;95;0.0
KENAI;202502192010;18.5;53.6;823.8;0.6;0.9;33;0.0
KENAI;202502192020;18.7;53.3;823.8;0.6;2.2;42;0.0
KENAI;202502192030;18.8;53.5;823.9;0.5;2.4;19;0.0
KENAI;202502192040;19.0;53.4;824.0;0.5;2.8;38;0.0
KENAI;202502192050;18.8;54.5;824.0;0.3;1.7;32;0.0
KENAI;202502192100;18.4;55.9;824.0;0.3;1.6;53;0.0
KENAI;202502192110;18.3;56.3;823.9;1.1;1.5;358;0.0
KENAI;202502192120;18.3;57.1;823.8;0.6;1.6;98;0.0
KENAI;202502192130;18.0;58.3;823.8;1.0;1.5;21;0.0
KENAI;202502192140;18.1;58.4;823.8;0.6;2.3;77;0.0
