989
VRXZ07 LSSW 041858
Station/Location;Date;tre200s0;uor200s0;prestas0;fkl010z0;fkl010z1;dkl010z0;rre150z0
KENAI;202506041700;-;67.6;825.6;0.0;2.3;0;0.0
KENAI;202506041710;-;65.9;825.6;0.9;3.2;104;0.0
KENAI;202506041720;-;66.8;825.7;0.5;1.7;64;0.0
KENAI;202506041730;19.3;66.1;825.8;0.4;1.0;82;0.0
KENAI;202506041740;-;66.4;826.0;0.5;0.7;32;0.0
KENAI;202506041750;-;71.2;825.9;1.4;1.6;344;0.0
KENAI;202506041800;18.9;72.3;826.1;0.9;2.4;26;0.0
KENAI;202506041810;-;73.2;826.3;0.5;1.9;39;0.0
KENAI;202506041820;-;72.8;826.3;0.6;1.5;89;0.0
KENAI;202506041830;-;70.7;826.2;1.6;2.4;78;0.0
KENAI;202506041840;-;70.3;826.3;0.7;2.5;122;0.0
KENAI;202506041850;18.5;70.2;826.2;0.5;1.3;130;0.0
