332
VRXZ07 LSSW 091608
Station/Location;Date;tre200s0;uor200s0;prestas0;fkl010z0;fkl010z1;dkl010z0;rre150z0
KENAI;202505091410;18.9;77.6;823.0;2.0;4.2;115;0.0
KENAI;202505091420;-;-;823.1;1.5;4.2;-;0.0
KENAI;202505091430;-;79.5;823.1;1.0;3.4;248;0.0
KENAI;202505091440;18.6;78.3;823.3;0.8;2.0;197;0.0
KENAI;202505091450;-;78.0;823.3;1.2;2.4;210;0.0
KENAI;202505091500;18.4;79.6;823.5;1.5;2.3;234;0.0
KENAI;202505091510;-;80.7;823.4;0.6;1.3;170;0.0
KENAI;202505091520;-;81.8;823.4;0.6;1.3;54;0.0
KENAI;202505091530;-;82.2;823.5;0.6;0.7;61;0.0
KENAI;202505091540;18.2;83.0;823.5;0.8;0.9;321;0.0
KENAI;202505091550;-;83.5;823.7;0.6;1.0;108;0.0
KENAI;202505091600;18.9;82.4;823.7;0.0;1.3;0;0.0
