988
VRXZ07 LSSW 051358
Station/Location;Date;tre200s0;uor200s0;prestas0;fkl010z0;fkl010z1;dkl010z0;rre150z0
KENAI;202504051200;25.0;53.6;820.9;2.7;5.5;80;0.0
KENAI;202504051210;25.0;53.3;820.7;3.2;6.2;33;0.0
KENAI;202504051220;25.1;55.1;820.4;2.8;7.1;24;0.0
KENAI;202504051230;25.5;53.8;820.3;3.7;6.7;70;0.0
KENAI;202504051240;25.2;53.4;820.1;3.7;6.4;57;0.0
KENAI;202504051250;25.2;55.7;820.0;3.1;6.4;58;0.0
KENAI;202504051300;25.4;54.7;820.2;3.1;7.0;58;0.0
KENAI;202504051310;24.3;56.0;820.2;3.0;6.2;46;0.0
KENAI;202504051320;25.5;55.3;820.2;1.8;4.9;14;0.0
KENAI;202504051330;24.7;55.5;820.2;4.5;5.8;92;0.0
KENAI;202504051340;24.5;56.0;820.4;1.7;6.4;102;0.0
KENAI;202504051350;23.9;56.5;820.5;0.8;6.1;60;0.0
