496
VRXZ07 LSSW 010338
Station/Location;Date;tre200s0;uor200s0;prestas0;fkl010z0;fkl010z1;dkl010z0;rre150z0
KENAI;202504010140;17.2;92.1;822.4;0.8;3.1;44;0.0
KENAI;202504010150;17.2;91.7;822.5;0.8;3.0;83;0.0
KENAI;202504010200;17.1;90.9;822.5;1.6;3.1;102;0.0
KENAI;202504010210;17.0;92.1;822.5;1.6;2.6;82;0.0
KENAI;202504010220;16.9;92.1;822.4;1.7;3.4;113;0.0
KENAI;202504010230;16.7;92.3;822.6;0.6;2.3;141;0.0
KENAI;202504010240;16.8;92.8;822.7;0.7;2.1;65;0.0
KENAI;202504010250;16.8;92.7;822.9;0.7;2.2;80;0.0
KENAI;202504010300;16.8;93.1;823.0;0.5;1.2;112;0.0
KENAI;202504010310;16.6;92.6;823.1;1.8;3.5;88;0.0
KENAI;202504010320;16.7;92.6;823.3;0.7;2.5;54;0.0
KENAI;202504010330;16.7;90.9;823.3;1.4;2.6;28;0.0
