954
VRXZ07 LSSW 121808
Station/Location;Date;tre200s0;uor200s0;prestas0;fkl010z0;fkl010z1;dkl010z0;rre150z0
KENAI;202503121610;20.0;68.4;822.1;1.0;2.1;88;0.0
KENAI;202503121620;20.1;67.2;822.2;2.0;3.8;40;0.0
KENAI;202503121630;20.2;68.4;822.5;1.4;3.3;55;0.0
KENAI;202503121640;20.2;70.2;822.5;2.9;4.3;44;0.0
KENAI;202503121650;20.2;71.6;822.8;1.0;4.1;37;0.0
KENAI;202503121700;20.1;72.6;823.1;0.7;4.4;61;0.0
KENAI;202503121710;20.0;72.9;823.1;0.6;2.9;11;0.0
KENAI;202503121720;19.8;73.8;823.2;1.7;3.2;46;0.0
KENAI;202503121730;19.9;74.6;823.3;0.3;4.2;84;0.0
KENAI;202503121740;19.8;76.3;823.6;1.2;5.0;57;0.0
KENAI;202503121750;19.6;76.9;823.8;2.7;4.4;29;0.0
KENAI;202503121800;19.3;78.3;823.8;0.9;4.1;37;0.0
