539
VRXZ07 LSSW 261208
Station/Location;Date;tre200s0;uor200s0;prestas0;fkl010z0;fkl010z1;dkl010z0;rre150z0
KENAI;202411261010;24.1;49.4;822.5;0.8;6.2;55;0.0
KENAI;202411261020;23.7;54.4;822.3;1.5;5.4;72;0.0
KENAI;202411261030;23.0;55.7;822.3;2.3;4.0;27;0.0
KENAI;202411261040;23.0;57.1;822.2;1.9;3.5;93;0.0
KENAI;202411261050;24.2;56.0;822.2;1.7;5.2;66;0.0
KENAI;202411261100;24.1;51.7;821.9;2.2;4.5;38;0.0
KENAI;202411261110;23.5;55.5;821.9;1.6;4.0;55;0.0
KENAI;202411261120;23.7;54.3;821.7;1.0;3.7;92;0.0
KENAI;202411261130;25.1;52.2;821.6;2.1;4.0;57;0.0
KENAI;202411261140;24.7;51.2;821.4;3.1;4.9;175;0.0
KENAI;202411261150;-;-;-;-;-;-;-
KENAI;202411261200;-;-;-;-;6.2;-;-
