643
VRXZ07 LSSW 161938
Station/Location;Date;tre200s0;uor200s0;prestas0;fkl010z0;fkl010z1;dkl010z0;rre150z0
KENAI;202502161740;21.5;54.4;822.3;1.7;3.2;57;0.0
KENAI;202502161750;21.4;55.8;822.2;2.1;4.0;44;0.0
KENAI;202502161800;21.1;57.1;822.2;1.3;3.5;60;0.0
KENAI;202502161810;21.0;58.0;822.4;1.8;3.5;58;0.0
KENAI;202502161820;21.2;58.1;822.5;1.2;3.8;77;0.0
KENAI;202502161830;21.1;58.5;822.8;1.3;5.4;56;0.0
KENAI;202502161840;21.0;59.1;823.1;2.8;5.3;52;0.0
KENAI;202502161850;20.7;63.3;823.1;1.7;2.9;69;0.0
KENAI;202502161900;20.6;63.8;823.2;1.3;2.9;23;0.0
KENAI;202502161910;20.5;66.9;823.1;2.4;5.0;58;0.0
KENAI;202502161920;20.3;68.0;823.2;1.7;4.9;69;0.0
KENAI;202502161930;20.3;68.8;823.3;1.6;4.7;72;0.0
