798
VRXZ07 LSSW 212028
Station/Location;Date;tre200s0;uor200s0;prestas0;fkl010z0;fkl010z1;dkl010z0;rre150z0
KENAI;202502211830;20.6;37.4;823.1;1.8;4.6;47;0.0
KENAI;202502211840;20.4;39.4;823.2;0.9;3.9;48;0.0
KENAI;202502211850;20.1;40.6;823.3;1.3;3.4;48;0.0
KENAI;202502211900;20.0;41.5;823.4;1.1;3.0;18;0.0
KENAI;202502211910;19.9;42.9;823.4;0.8;3.6;29;0.0
KENAI;202502211920;19.7;43.7;823.5;1.5;3.0;35;0.0
KENAI;202502211930;19.4;45.2;823.7;2.5;2.9;359;0.0
KENAI;202502211940;19.4;45.8;823.8;0.7;2.8;20;0.0
KENAI;202502211950;19.2;46.5;823.8;1.1;2.8;36;0.0
KENAI;202502212000;19.0;47.6;823.8;1.3;2.9;10;0.0
KENAI;202502212010;19.0;47.9;823.8;1.7;3.0;28;0.0
KENAI;202502212020;18.8;48.6;823.8;1.8;3.1;20;0.0
