894
VRXZ07 LSSW 061148
Station/Location;Date;tre200s0;uor200s0;prestas0;fkl010z0;fkl010z1;dkl010z0;rre150z0
KENAI;202504060950;21.3;78.0;823.6;2.6;3.8;48;0.0
KENAI;202504061000;21.3;74.5;823.4;2.3;4.9;35;0.0
KENAI;202504061010;21.9;-;823.1;2.7;5.4;-;0.0
KENAI;202504061020;22.5;69.1;822.9;3.2;5.4;18;0.0
KENAI;202504061030;22.6;67.6;822.7;3.6;5.1;29;0.0
KENAI;202504061040;22.9;69.5;822.5;1.8;4.2;46;0.0
KENAI;202504061050;22.3;69.6;822.4;2.6;6.4;46;0.0
KENAI;202504061100;22.4;71.7;822.2;2.8;5.5;58;0.0
KENAI;202504061110;22.8;71.0;822.0;1.3;5.0;49;0.0
KENAI;202504061120;22.7;67.7;821.9;4.7;6.8;31;0.1
KENAI;202504061130;21.0;75.5;822.0;2.6;7.3;36;0.1
KENAI;202504061140;20.0;81.9;821.8;1.8;5.5;50;0.1
