314
VRXZ07 LSSW 150308
Station/Location;Date;tre200s0;uor200s0;prestas0;fkl010z0;fkl010z1;dkl010z0;rre150z0
KENAI;202503150110;17.7;70.9;822.6;0.4;1.7;319;0.0
KENAI;202503150120;17.6;71.7;822.6;0.4;2.1;13;0.0
KENAI;202503150130;17.6;72.0;822.7;0.8;1.6;11;0.0
KENAI;202503150140;17.7;71.9;822.6;2.0;2.5;356;0.0
KENAI;202503150150;17.7;72.1;822.7;0.7;2.3;310;0.0
KENAI;202503150200;17.5;73.5;822.9;0.0;1.8;0;0.0
KENAI;202503150210;17.3;74.0;822.9;0.7;2.5;55;0.0
KENAI;202503150220;17.1;75.2;822.9;0.4;1.4;59;0.0
KENAI;202503150230;17.0;76.0;822.9;0.9;1.6;56;0.0
KENAI;202503150240;16.9;76.6;823.2;0.9;2.1;137;0.0
KENAI;202503150250;17.1;76.0;823.2;0.0;1.7;0;0.0
KENAI;202503150300;16.6;78.4;823.5;0.4;1.2;248;0.0
