307
VRXZ07 LSSW 291628
Station/Location;Date;tre200s0;uor200s0;prestas0;fkl010z0;fkl010z1;dkl010z0;rre150z0
KENAI;202503291430;22.3;61.2;820.6;2.0;4.8;31;0.0
KENAI;202503291440;22.1;66.8;820.7;2.3;6.1;14;0.0
KENAI;202503291450;21.9;68.9;821.0;2.1;4.4;21;0.0
KENAI;202503291500;21.3;73.1;821.3;3.6;7.1;340;0.0
KENAI;202503291510;19.0;74.8;821.9;1.9;6.7;254;0.2
KENAI;202503291520;15.8;92.6;821.7;2.4;5.9;290;8.3
KENAI;202503291530;15.6;-;821.6;1.6;6.1;-;5.0
KENAI;202503291540;15.9;95.5;821.5;0.7;3.3;291;0.4
KENAI;202503291550;16.3;94.6;821.6;1.1;2.5;309;0.0
KENAI;202503291600;16.5;94.7;821.6;0.4;2.0;339;0.0
KENAI;202503291610;16.3;94.3;821.8;0.9;2.9;327;0.0
KENAI;202503291620;16.4;93.6;822.0;0.8;1.6;233;0.0
