685
VRXZ07 LSSW 250908
Station/Location;Date;tre200s0;uor200s0;prestas0;fkl010z0;fkl010z1;dkl010z0;rre150z0
KENAI;202507250710;-;82.2;827.1;1.8;2.6;88;0.0
KENAI;202507250720;-;75.5;827.1;1.1;2.8;60;0.0
KENAI;202507250730;-;72.7;827.0;2.0;3.2;44;0.0
KENAI;202507250740;-;72.3;826.9;2.0;2.8;176;0.0
KENAI;202507250750;-;71.0;826.8;0.0;2.5;0;0.0
KENAI;202507250800;19.6;66.6;826.7;0.7;2.9;165;0.0
KENAI;202507250810;-;64.1;826.6;1.7;3.7;86;0.0
KENAI;202507250820;-;61.5;826.5;1.4;3.6;172;0.0
KENAI;202507250830;-;61.0;826.5;2.2;3.5;108;0.0
KENAI;202507250840;-;61.9;826.3;1.7;3.5;91;0.0
KENAI;202507250850;-;58.9;826.3;0.9;3.5;191;0.0
KENAI;202507250900;21.8;59.7;826.1;0.0;3.3;0;0.0
