050
VRXZ07 LSSW 240918
Station/Location;Date;tre200s0;uor200s0;prestas0;fkl010z0;fkl010z1;dkl010z0;rre150z0
KENAI;202504240720;19.9;74.0;825.4;3.2;4.6;62;0.0
KENAI;202504240730;19.8;73.4;825.3;3.2;7.8;62;0.0
KENAI;202504240740;20.3;71.8;825.3;2.1;6.3;34;0.0
KENAI;202504240750;20.8;71.3;825.2;2.8;6.7;58;0.0
KENAI;202504240800;20.7;67.1;825.2;4.8;7.6;68;0.0
KENAI;202504240810;20.8;72.1;825.1;1.7;7.2;57;0.0
KENAI;202504240820;21.0;68.1;825.0;1.6;5.7;26;0.0
KENAI;202504240830;21.2;68.1;825.0;2.1;5.8;38;0.0
KENAI;202504240840;21.0;68.2;824.8;1.4;5.9;22;0.0
KENAI;202504240850;21.2;65.5;824.6;2.5;5.4;48;0.0
KENAI;202504240900;22.2;63.2;824.5;4.1;5.9;48;0.0
KENAI;202504240910;21.3;63.6;824.5;3.4;-;116;0.0
