302
VRXZ07 LSSW 162348
Station/Location;Date;tre200s0;uor200s0;prestas0;fkl010z0;fkl010z1;dkl010z0;rre150z0
KENAI;202505162150;-;83.5;824.9;1.2;2.9;147;0.0
KENAI;202505162200;16.8;84.9;824.9;0.9;2.3;110;0.0
KENAI;202505162210;16.6;85.7;824.8;1.2;1.7;178;0.0
KENAI;202505162220;-;85.8;824.7;1.4;3.0;134;0.0
KENAI;202505162230;-;86.5;824.6;1.8;2.8;136;0.0
KENAI;202505162240;-;87.6;824.4;1.4;3.1;69;0.0
KENAI;202505162250;-;88.6;824.4;0.9;1.6;162;0.0
KENAI;202505162300;15.9;89.7;824.2;0.6;2.0;135;0.0
KENAI;202505162310;-;90.3;824.2;0.5;1.3;94;0.0
KENAI;202505162320;15.7;91.2;824.0;1.1;2.1;156;0.0
KENAI;202505162330;-;91.1;824.0;0.9;2.4;129;0.0
KENAI;202505162340;15.6;91.4;824.0;0.8;2.5;114;0.0
