364
VRXZ07 LSSW 271848
Station/Location;Date;tre200s0;uor200s0;prestas0;fkl010z0;fkl010z1;dkl010z0;rre150z0
KENAI;202507271650;-;57.8;826.6;0.7;1.8;74;0.0
KENAI;202507271700;18.4;64.2;826.6;0.5;1.2;50;0.0
KENAI;202507271710;-;68.5;826.7;1.8;2.8;27;0.0
KENAI;202507271720;18.1;70.2;826.8;1.8;3.8;52;0.0
KENAI;202507271730;-;71.4;827.0;1.3;3.2;53;0.0
KENAI;202507271740;17.7;72.1;827.0;1.6;3.5;77;0.0
KENAI;202507271750;17.5;72.7;827.1;0.7;2.2;15;0.0
KENAI;202507271800;17.3;74.2;827.1;0.5;1.6;35;0.0
KENAI;202507271810;-;75.0;827.3;0.3;2.3;346;0.0
KENAI;202507271820;-;75.3;827.4;0.4;2.3;36;0.0
KENAI;202507271830;16.9;75.2;827.6;0.3;1.4;50;0.0
KENAI;202507271840;-;75.4;827.7;1.3;2.5;3;0.0
