225
VRXZ07 LSSW 030038
Station/Location;Date;tre200s0;uor200s0;prestas0;fkl010z0;fkl010z1;dkl010z0;rre150z0
KENAI;202412022240;15.7;97.9;822.9;0.9;4.3;142;1.5
KENAI;202412022250;15.6;98.1;822.9;1.9;5.2;99;1.0
KENAI;202412022300;15.6;98.1;822.7;1.0;3.6;94;0.6
KENAI;202412022310;15.7;98.4;822.6;1.0;3.1;57;0.1
KENAI;202412022320;15.7;98.3;822.6;2.1;6.0;85;0.0
KENAI;202412022330;15.6;98.1;822.6;2.4;4.6;29;0.0
KENAI;202412022340;15.7;98.2;822.6;4.2;4.3;15;0.1
KENAI;202412022350;15.6;98.2;822.5;2.0;5.1;92;0.5
KENAI;202412030000;15.6;98.3;822.5;2.6;5.2;79;1.1
KENAI;202412030010;15.6;98.4;822.6;0.9;3.8;15;0.4
KENAI;202412030020;15.6;98.6;822.6;1.5;3.1;6;0.8
KENAI;202412030030;15.6;98.6;822.6;1.6;3.6;19;0.3
