383
VRXZ07 LSSW 161348
Station/Location;Date;tre200s0;uor200s0;prestas0;fkl010z0;fkl010z1;dkl010z0;rre150z0
KENAI;202503161150;27.9;35.0;822.4;4.4;6.6;90;0.0
KENAI;202503161200;26.7;36.7;822.2;1.4;5.1;44;0.0
KENAI;202503161210;27.5;34.9;822.0;1.0;4.9;20;0.0
KENAI;202503161220;28.2;34.8;821.8;2.5;4.4;64;0.0
KENAI;202503161230;27.6;33.0;821.8;1.2;6.0;136;0.0
KENAI;202503161240;27.7;31.4;821.7;3.4;6.6;61;0.0
KENAI;202503161250;27.4;35.9;821.6;1.7;4.4;21;0.0
KENAI;202503161300;27.4;35.5;821.6;0.9;5.7;80;0.0
KENAI;202503161310;28.1;33.8;821.4;2.6;4.6;23;0.0
KENAI;202503161320;27.6;35.7;821.5;2.3;5.7;25;0.0
KENAI;202503161330;26.5;38.9;821.5;0.9;6.1;40;0.0
KENAI;202503161340;27.4;35.6;821.4;1.9;4.5;40;0.0
