073
VRXZ07 LSSW 181928
Station/Location;Date;tre200s0;uor200s0;prestas0;fkl010z0;fkl010z1;dkl010z0;rre150z0
KENAI;202411181730;20.3;63.3;823.7;1.3;3.7;346;0.0
KENAI;202411181740;20.0;65.4;823.9;0.8;2.5;17;0.0
KENAI;202411181750;20.0;66.9;824.0;1.6;3.0;8;0.0
KENAI;202411181800;19.9;68.5;824.1;1.0;3.3;31;0.0
KENAI;202411181810;19.8;69.1;824.2;1.4;3.5;19;0.0
KENAI;202411181820;19.6;70.0;824.4;1.3;3.4;17;0.0
KENAI;202411181830;19.4;71.1;824.5;0.9;2.0;55;0.0
KENAI;202411181840;19.4;71.6;824.5;0.4;1.9;44;0.0
KENAI;202411181850;19.1;72.7;824.6;0.7;2.7;38;0.0
KENAI;202411181900;19.0;73.7;824.6;0.7;2.2;55;0.0
KENAI;202411181910;19.0;73.8;824.5;1.8;2.7;30;0.0
KENAI;202411181920;19.1;73.5;824.6;2.3;3.3;11;0.0
