518
VRXZ07 LSSW 230318
Station/Location;Date;tre200s0;uor200s0;prestas0;fkl010z0;fkl010z1;dkl010z0;rre150z0
KENAI;202411230120;16.1;97.1;823.4;1.2;2.2;39;0.1
KENAI;202411230130;16.2;97.3;823.7;0.9;3.0;22;0.4
KENAI;202411230140;16.2;97.5;823.8;2.3;4.7;52;0.0
KENAI;202411230150;16.2;-;823.8;1.6;3.2;-;0.0
KENAI;202411230200;16.2;97.9;823.8;0.8;2.9;24;0.0
KENAI;202411230210;16.2;98.1;824.0;2.0;3.1;321;0.2
KENAI;202411230220;16.1;98.2;824.1;2.5;4.0;64;0.1
KENAI;202411230230;16.1;98.2;824.2;1.1;3.0;35;0.9
KENAI;202411230240;-;-;-;-;3.2;-;-
KENAI;202411230250;16.3;98.2;824.4;0.8;3.4;360;0.1
KENAI;202411230300;16.2;98.3;824.4;1.2;4.3;358;0.0
KENAI;202411230310;16.3;98.4;824.4;1.6;3.3;10;0.0
