616
VRXZ07 LSSW 191228
Station/Location;Date;tre200s0;uor200s0;prestas0;fkl010z0;fkl010z1;dkl010z0;rre150z0
KENAI;202502191030;25.9;24.3;822.9;0.9;5.0;149;0.0
KENAI;202502191040;26.4;26.8;822.7;0.6;6.2;126;0.0
KENAI;202502191050;26.3;26.3;822.7;3.1;5.4;100;0.0
KENAI;202502191100;27.3;29.4;822.4;0.6;4.1;59;0.0
KENAI;202502191110;27.1;22.2;822.3;1.3;5.8;56;0.0
KENAI;202502191120;27.3;22.1;822.2;2.2;4.8;18;0.0
KENAI;202502191130;27.3;24.7;822.1;2.1;4.4;12;0.0
KENAI;202502191140;26.9;23.2;822.0;0.7;3.6;179;0.0
KENAI;202502191150;27.2;19.8;821.8;0.5;4.5;29;0.0
KENAI;202502191200;27.3;22.4;821.7;1.6;5.0;16;0.0
KENAI;202502191210;27.7;22.7;821.7;3.0;5.9;23;0.0
KENAI;202502191220;27.3;20.8;821.5;2.9;4.6;9;0.0
