775
VRXZ07 LSSW 150718
Station/Location;Date;tre200s0;uor200s0;prestas0;fkl010z0;fkl010z1;dkl010z0;rre150z0
KENAI;202503150520;20.3;65.9;825.0;0.6;2.8;42;0.0
KENAI;202503150530;20.6;66.5;825.1;2.0;2.8;9;0.0
KENAI;202503150540;21.2;64.5;825.3;2.4;3.0;17;0.0
KENAI;202503150550;21.4;61.8;825.3;1.7;4.1;34;0.0
KENAI;202503150600;22.0;61.6;825.3;1.8;3.9;90;0.0
KENAI;202503150610;22.4;59.6;825.4;2.2;3.9;42;0.0
KENAI;202503150620;22.7;60.8;825.4;1.9;4.3;69;0.0
KENAI;202503150630;23.1;59.5;825.6;1.5;4.9;18;0.0
KENAI;202503150640;23.5;60.9;825.8;2.1;5.2;41;0.0
KENAI;202503150650;23.5;56.5;825.7;2.3;5.6;89;0.0
KENAI;202503150700;22.2;59.9;825.7;1.9;4.7;58;0.0
KENAI;202503150710;23.2;58.1;825.6;2.3;4.8;38;0.0
