941
VRXZ07 LSSW 212358
Station/Location;Date;tre200s0;uor200s0;prestas0;fkl010z0;fkl010z1;dkl010z0;rre150z0
KENAI;202411212200;16.4;94.0;823.5;1.3;2.6;25;0.0
KENAI;202411212210;16.3;94.0;823.5;1.0;3.1;9;0.0
KENAI;202411212220;16.2;94.0;823.4;0.8;1.9;7;0.0
KENAI;202411212230;16.2;94.0;823.4;0.8;1.5;357;0.0
KENAI;202411212240;16.2;93.6;823.2;1.2;1.7;35;0.0
KENAI;202411212250;16.1;93.5;823.2;1.7;2.5;24;0.0
KENAI;202411212300;16.0;93.2;823.1;0.9;2.2;61;0.0
KENAI;202411212310;16.0;93.3;822.9;1.5;2.6;3;0.0
KENAI;202411212320;16.0;92.8;823.0;1.0;3.2;13;0.0
KENAI;202411212330;16.0;93.1;822.9;0.7;1.8;7;0.0
KENAI;202411212340;16.0;92.7;822.9;0.6;2.1;351;0.0
KENAI;202411212350;16.4;91.6;822.8;1.2;2.7;342;0.0
