246
VRXZ07 LSSW 081248
Station/Location;Date;tre200s0;uor200s0;prestas0;fkl010z0;fkl010z1;dkl010z0;rre150z0
KENAI;202503081050;27.8;42.7;820.1;3.1;8.7;38;0.0
KENAI;202503081100;27.7;45.1;819.9;3.3;7.7;64;0.0
KENAI;202503081110;27.5;42.5;819.6;3.4;6.9;26;0.0
KENAI;202503081120;28.8;39.6;819.5;2.9;6.7;340;0.0
KENAI;202503081130;27.1;41.9;819.5;4.4;8.5;11;0.0
KENAI;202503081140;27.9;42.4;819.4;3.9;7.0;73;0.0
KENAI;202503081150;28.3;38.9;819.3;4.0;7.2;77;0.0
KENAI;202503081200;28.0;39.4;819.3;3.0;6.6;77;0.0
KENAI;202503081210;28.4;39.7;819.1;4.0;5.7;21;0.0
KENAI;202503081220;27.1;41.0;819.1;1.6;5.4;42;0.0
KENAI;202503081230;28.1;40.8;818.7;1.2;6.0;358;0.0
KENAI;202503081240;28.7;39.5;818.7;3.1;7.0;15;0.0
