471
VRXZ07 LSSW 220918
Station/Location;Date;tre200s0;uor200s0;prestas0;fkl010z0;fkl010z1;dkl010z0;rre150z0
KENAI;202506220720;-;70.0;826.9;1.7;2.7;127;0.0
KENAI;202506220730;20.8;69.1;826.8;1.0;2.6;121;0.0
KENAI;202506220740;-;68.2;826.7;1.0;2.7;128;0.0
KENAI;202506220750;-;65.6;826.7;0.9;3.1;220;0.0
KENAI;202506220800;-;67.9;826.7;1.8;2.7;90;0.0
KENAI;202506220810;-;66.5;826.6;0.9;3.0;173;0.0
KENAI;202506220820;-;68.2;826.4;1.2;3.1;133;0.0
KENAI;202506220830;-;66.2;826.3;1.3;2.6;91;0.0
KENAI;202506220840;21.3;64.6;826.2;0.5;3.3;70;0.0
KENAI;202506220850;-;67.8;826.2;1.4;4.7;40;0.0
KENAI;202506220900;21.9;69.4;826.1;1.5;3.9;160;0.0
KENAI;202506220910;-;64.1;826.0;1.3;3.0;108;0.0
