795
VRXZ07 LSSW 141938
Station/Location;Date;tre200s0;uor200s0;prestas0;fkl010z0;fkl010z1;dkl010z0;rre150z0
KENAI;202508141740;-;56.9;825.5;1.3;2.8;172;0.0
KENAI;202508141750;-;59.6;825.5;1.0;2.9;206;0.0
KENAI;202508141800;-;62.4;825.5;0.9;1.9;167;0.0
KENAI;202508141810;-;62.7;825.6;2.4;2.9;78;0.0
KENAI;202508141820;-;61.0;825.8;0.0;2.1;0;0.0
KENAI;202508141830;-;60.9;825.8;1.2;2.0;48;0.0
KENAI;202508141840;-;62.4;825.9;0.6;1.7;132;0.0
KENAI;202508141850;18.2;61.4;825.8;0.4;1.4;185;0.0
KENAI;202508141900;-;60.9;825.8;0.5;1.4;107;0.0
KENAI;202508141910;-;60.9;825.7;0.9;2.1;53;0.0
KENAI;202508141920;-;61.6;825.8;0.9;2.0;77;0.0
KENAI;202508141930;-;60.9;825.8;1.1;2.5;75;0.0
