372
VRXZ07 LSSW 062338
Station/Location;Date;tre200s0;uor200s0;prestas0;fkl010z0;fkl010z1;dkl010z0;rre150z0
KENAI;202506062140;-;85.2;827.8;1.7;2.0;171;0.0
KENAI;202506062150;-;86.2;827.7;1.4;2.4;148;0.0
KENAI;202506062200;-;86.9;827.8;1.1;2.5;150;0.0
KENAI;202506062210;-;87.7;827.7;1.6;3.1;194;0.0
KENAI;202506062220;-;88.4;827.6;1.3;3.8;161;0.0
KENAI;202506062230;-;89.1;827.6;1.1;2.6;156;0.0
KENAI;202506062240;-;90.5;827.5;0.9;2.8;116;0.0
KENAI;202506062250;-;91.2;827.5;1.0;2.2;176;0.0
KENAI;202506062300;-;91.0;827.4;1.1;2.0;195;0.0
KENAI;202506062310;-;90.9;827.3;1.8;2.7;133;0.0
KENAI;202506062320;-;90.4;827.3;0.7;2.0;144;0.0
KENAI;202506062330;-;90.6;827.2;1.6;2.1;169;0.0
