158
VRXZ07 LSSW 081058
Station/Location;Date;tre200s0;uor200s0;prestas0;fkl010z0;fkl010z1;dkl010z0;rre150z0
KENAI;202504080900;24.1;59.3;826.4;2.8;4.2;321;0.0
KENAI;202504080910;24.8;56.9;826.3;1.2;3.6;117;0.0
KENAI;202504080920;23.6;57.5;826.3;1.0;3.2;177;0.0
KENAI;202504080930;23.4;56.7;826.0;0.0;3.8;0;0.0
KENAI;202504080940;-;-;-;-;2.0;-;-
KENAI;202504080950;25.1;55.3;825.7;1.1;2.8;58;0.0
KENAI;202504081000;24.3;55.3;825.6;1.3;3.5;110;0.0
KENAI;202504081010;24.1;56.8;825.5;0.9;4.1;47;0.0
KENAI;202504081020;25.0;60.4;825.3;0.9;3.1;201;0.0
KENAI;202504081030;25.3;53.7;825.0;1.5;3.7;239;0.0
KENAI;202504081040;25.8;52.6;824.9;1.2;3.5;123;0.0
KENAI;202504081050;25.3;51.3;824.7;2.1;3.3;108;0.0
