105
VRXZ07 LSSW 301708
Station/Location;Date;tre200s0;uor200s0;prestas0;fkl010z0;fkl010z1;dkl010z0;rre150z0
KENAI;202503301510;21.5;69.6;821.0;1.0;5.5;71;0.0
KENAI;202503301520;21.3;69.9;821.1;1.7;6.3;62;0.0
KENAI;202503301530;21.1;69.7;821.1;2.9;6.2;38;0.0
KENAI;202503301540;20.7;72.1;821.4;2.3;5.6;76;0.0
KENAI;202503301550;20.4;74.8;821.6;1.0;6.1;4;0.0
KENAI;202503301600;20.3;76.2;821.8;2.6;5.1;74;0.0
KENAI;202503301610;20.3;77.4;821.9;2.0;4.4;103;0.0
KENAI;202503301620;20.2;77.9;822.0;0.7;2.8;50;0.0
KENAI;202503301630;20.3;77.8;822.2;4.1;5.0;69;0.0
KENAI;202503301640;20.3;78.0;822.2;2.9;4.8;28;0.0
KENAI;202503301650;20.3;78.2;822.5;2.3;4.8;94;0.0
KENAI;202503301700;20.1;80.6;822.8;0.5;5.4;54;0.0
