480
VRXZ07 LSSW 171048
Station/Location;Date;tre200s0;uor200s0;prestas0;fkl010z0;fkl010z1;dkl010z0;rre150z0
KENAI;202504170850;24.4;47.6;824.8;2.4;4.8;8;0.0
KENAI;202504170900;24.2;50.3;824.7;1.2;5.5;144;0.0
KENAI;202504170910;24.2;47.7;824.5;1.2;4.1;133;0.0
KENAI;202504170920;24.2;53.1;824.3;0.8;5.0;185;0.0
KENAI;202504170930;25.3;50.2;824.4;3.9;5.2;79;0.0
KENAI;202504170940;24.7;51.3;824.2;2.0;5.2;80;0.0
KENAI;202504170950;24.8;50.5;824.1;1.4;4.3;63;0.0
KENAI;202504171000;25.6;49.0;824.1;1.3;4.7;142;0.0
KENAI;202504171010;25.5;49.8;823.9;1.1;3.8;77;0.0
KENAI;202504171020;25.1;50.1;823.8;3.4;4.5;62;0.0
KENAI;202504171030;25.6;43.8;823.5;1.5;3.4;93;0.0
KENAI;202504171040;25.7;40.5;823.4;2.2;5.1;74;0.0
