387
VRXZ07 LSSW 151018
Station/Location;Date;tre200s0;uor200s0;prestas0;fkl010z0;fkl010z1;dkl010z0;rre150z0
KENAI;202508150820;-;63.4;826.6;3.2;4.9;103;0.0
KENAI;202508150830;-;63.6;826.6;1.2;4.8;86;0.0
KENAI;202508150840;20.2;62.2;826.4;1.7;4.2;13;0.0
KENAI;202508150850;-;62.2;826.2;2.2;4.3;334;0.0
KENAI;202508150900;-;63.7;826.2;1.4;5.1;24;0.0
KENAI;202508150910;-;60.8;826.0;1.2;4.6;341;0.0
KENAI;202508150920;20.2;61.4;826.0;2.4;5.4;37;0.0
KENAI;202508150930;-;61.7;825.8;2.2;4.5;0;0.0
KENAI;202508150940;-;60.3;825.5;1.9;5.5;61;0.0
KENAI;202508150950;-;57.0;825.5;3.3;3.9;16;0.0
KENAI;202508151000;-;59.1;825.3;3.1;4.4;22;0.0
KENAI;202508151010;21.1;61.2;825.1;2.1;3.9;94;0.0
