169
VRXZ07 LSSW 050658
Station/Location;Date;tre200s0;uor200s0;prestas0;fkl010z0;fkl010z1;dkl010z0;rre150z0
KENAI;202507050500;-;91.0;827.1;1.2;2.2;127;0.0
KENAI;202507050510;-;92.0;827.3;1.2;2.1;129;0.0
KENAI;202507050520;-;92.6;827.3;0.8;2.4;145;0.0
KENAI;202507050530;-;92.7;827.4;1.3;2.1;116;0.0
KENAI;202507050540;-;93.0;827.5;0.9;2.1;104;0.0
KENAI;202507050550;14.8;93.2;827.5;0.4;2.0;126;0.0
KENAI;202507050600;-;92.7;827.6;1.6;2.3;182;0.0
KENAI;202507050610;-;92.3;827.7;0.6;1.8;156;0.0
KENAI;202507050620;-;92.3;827.7;0.9;2.4;140;0.0
KENAI;202507050630;-;91.9;827.8;0.8;2.2;120;0.0
KENAI;202507050640;-;92.1;827.7;0.5;3.4;165;0.0
KENAI;202507050650;-;93.1;827.8;1.9;3.2;134;0.0
