462
VRXZ07 LSSW 071428
Station/Location;Date;tre200s0;uor200s0;prestas0;fkl010z0;fkl010z1;dkl010z0;rre150z0
KENAI;202502071230;25.5;42.5;821.0;2.2;5.8;88;0.0
KENAI;202502071240;25.5;44.0;820.8;2.0;7.4;113;0.0
KENAI;202502071250;25.6;42.3;820.7;5.4;7.7;73;0.0
KENAI;202502071300;25.4;41.7;820.7;4.5;8.5;58;0.0
KENAI;202502071310;25.5;42.3;820.6;1.4;6.0;102;0.0
KENAI;202502071320;25.6;41.5;820.5;3.5;5.7;30;0.0
KENAI;202502071330;25.4;43.4;820.4;2.5;8.4;36;0.0
KENAI;202502071340;25.1;45.5;820.5;2.1;7.8;46;0.0
KENAI;202502071350;25.4;44.5;820.5;2.3;6.8;70;0.0
KENAI;202502071400;25.0;44.1;820.5;2.2;7.2;63;0.0
KENAI;202502071410;24.9;43.2;820.7;4.7;7.8;34;0.0
KENAI;202502071420;24.6;42.4;820.7;2.9;6.2;58;0.0
