675
VRXZ07 LSSW 170908
Station/Location;Date;tre200s0;uor200s0;prestas0;fkl010z0;fkl010z1;dkl010z0;rre150z0
KENAI;202502170710;20.5;69.5;825.0;3.5;6.6;52;0.0
KENAI;202502170720;21.1;68.8;825.0;1.8;5.3;9;0.0
KENAI;202502170730;21.0;67.8;824.9;2.2;7.2;48;0.0
KENAI;202502170740;22.2;60.9;824.9;2.8;6.7;47;0.0
KENAI;202502170750;22.4;60.8;824.7;1.1;8.3;44;0.0
KENAI;202502170800;22.1;60.7;824.7;2.5;6.4;87;0.0
KENAI;202502170810;22.6;58.8;824.6;4.2;7.1;351;0.0
KENAI;202502170820;22.8;59.4;824.4;3.4;5.9;66;0.0
KENAI;202502170830;23.0;56.5;824.3;2.7;8.0;66;0.0
KENAI;202502170840;23.4;56.6;824.2;2.2;6.8;61;0.0
KENAI;202502170850;23.2;55.5;824.2;4.1;8.3;89;0.0
KENAI;202502170900;24.1;50.7;824.0;4.3;7.2;354;0.0
