612
VRXZ07 LSSW 172248
Station/Location;Date;tre200s0;uor200s0;prestas0;fkl010z0;fkl010z1;dkl010z0;rre150z0
KENAI;202503172050;19.5;76.8;824.4;1.4;3.5;353;0.0
KENAI;202503172100;19.2;78.0;824.6;0.8;2.9;30;0.0
KENAI;202503172110;19.3;77.1;824.6;1.4;3.7;41;0.0
KENAI;202503172120;19.4;76.1;824.8;2.6;6.6;48;0.0
KENAI;202503172130;19.4;75.9;824.9;2.7;4.9;55;0.0
KENAI;202503172140;19.2;77.2;824.6;2.9;6.4;65;0.0
KENAI;202503172150;19.0;78.7;824.3;1.7;4.4;15;0.0
KENAI;202503172200;18.9;78.6;824.2;1.4;5.5;47;0.0
KENAI;202503172210;18.9;79.2;823.9;3.5;6.1;42;0.0
KENAI;202503172220;18.6;80.4;823.6;3.6;4.9;18;0.0
KENAI;202503172230;18.3;82.1;823.6;2.5;5.4;48;0.0
KENAI;202503172240;18.1;83.9;823.8;3.2;4.7;58;0.0
