331
VRXZ07 LSSW 100258
Station/Location;Date;tre200s0;uor200s0;prestas0;fkl010z0;fkl010z1;dkl010z0;rre150z0
KENAI;202503100100;16.6;97.4;822.0;2.2;4.1;256;0.6
KENAI;202503100110;16.6;97.2;822.0;2.3;3.0;316;0.2
KENAI;202503100120;16.3;96.9;822.0;1.6;5.2;302;1.2
KENAI;202503100130;16.1;96.9;822.0;2.7;4.0;266;0.5
KENAI;202503100140;16.1;97.1;822.1;1.3;4.2;273;0.2
KENAI;202503100150;16.2;97.2;822.4;2.0;3.2;8;1.2
KENAI;202503100200;15.9;97.3;822.5;2.1;3.3;320;2.0
KENAI;202503100210;15.9;97.5;822.5;1.1;2.9;261;0.4
KENAI;202503100220;15.9;97.8;822.6;1.7;3.1;232;0.9
KENAI;202503100230;15.9;97.9;822.5;1.0;3.1;238;0.4
KENAI;202503100240;15.9;98.0;822.5;0.0;3.6;0;0.9
KENAI;202503100250;15.9;97.8;822.8;1.1;2.1;208;0.8
