537
VRXZ07 LSSW 171848
Station/Location;Date;tre200s0;uor200s0;prestas0;fkl010z0;fkl010z1;dkl010z0;rre150z0
KENAI;202507171650;19.9;71.5;826.5;0.7;2.8;24;0.0
KENAI;202507171700;-;72.4;826.5;1.2;1.6;84;0.0
KENAI;202507171710;-;74.0;826.7;0.7;1.8;105;0.0
KENAI;202507171720;-;74.2;826.8;1.2;2.1;77;0.0
KENAI;202507171730;19.3;74.3;826.9;0.7;3.0;84;0.0
KENAI;202507171740;-;74.8;827.0;0.8;3.2;183;0.0
KENAI;202507171750;-;74.3;827.0;0.0;1.2;0;0.0
KENAI;202507171800;19.2;73.3;827.1;0.8;2.7;62;0.0
KENAI;202507171810;-;69.3;827.3;1.3;2.1;118;0.0
KENAI;202507171820;-;69.2;827.3;0.0;2.3;0;0.0
KENAI;202507171830;-;70.9;827.3;0.7;2.4;151;0.0
KENAI;202507171840;18.7;70.1;827.3;1.1;2.2;90;0.0
