454
VRXZ07 LSSW 221438
Station/Location;Date;tre200s0;uor200s0;prestas0;fkl010z0;fkl010z1;dkl010z0;rre150z0
KENAI;202507221240;-;63.2;824.6;3.0;4.4;173;0.0
KENAI;202507221250;-;63.5;824.5;2.4;4.9;167;0.0
KENAI;202507221300;-;61.8;824.5;1.6;3.5;110;0.0
KENAI;202507221310;-;62.8;824.5;3.3;4.9;94;0.0
KENAI;202507221320;20.7;61.3;824.4;2.7;5.5;110;0.0
KENAI;202507221330;-;61.5;824.4;1.1;4.4;136;0.0
KENAI;202507221340;-;62.4;824.4;3.8;5.6;137;0.0
KENAI;202507221350;-;64.7;824.4;3.0;4.1;168;0.0
KENAI;202507221400;-;64.2;824.5;3.2;4.0;131;0.0
KENAI;202507221410;-;64.7;824.4;3.2;4.1;158;0.0
KENAI;202507221420;-;67.0;824.4;1.2;4.8;131;0.0
KENAI;202507221430;-;67.2;824.6;1.6;4.6;86;0.0
