524
VRXZ07 LSSW 020338
Station/Location;Date;tre200s0;uor200s0;prestas0;fkl010z0;fkl010z1;dkl010z0;rre150z0
KENAI;202503020140;17.6;75.2;823.2;0.8;2.3;9;0.0
KENAI;202503020150;17.4;75.9;823.3;1.8;2.3;15;0.0
KENAI;202503020200;17.0;77.7;823.2;1.2;2.2;48;0.0
KENAI;202503020210;17.1;77.3;823.3;0.8;1.9;63;0.0
KENAI;202503020220;16.9;78.0;823.3;0.8;1.7;47;0.0
KENAI;202503020230;16.9;78.3;823.5;0.0;0.8;0;0.0
KENAI;202503020240;16.6;79.1;823.4;0.5;2.2;77;0.0
KENAI;202503020250;16.7;79.3;823.6;0.0;0.6;0;0.0
KENAI;202503020300;15.8;81.1;823.5;0.0;0.7;0;0.0
KENAI;202503020310;16.2;81.1;823.7;0.0;0.8;0;0.0
KENAI;202503020320;15.9;82.3;823.7;0.0;0.7;0;0.0
KENAI;202503020330;16.0;81.7;823.7;0.4;0.6;343;0.0
