074
VRXZ07 LSSW 080138
Station/Location;Date;tre200s0;uor200s0;prestas0;fkl010z0;fkl010z1;dkl010z0;rre150z0
KENAI;202412072340;16.6;83.7;824.7;1.6;3.3;327;0.0
KENAI;202412072350;16.4;84.7;824.6;1.2;2.2;3;0.0
KENAI;202412080000;16.5;84.8;824.6;1.6;2.5;15;0.0
KENAI;202412080010;16.5;84.8;824.6;1.3;2.6;10;0.0
KENAI;202412080020;16.5;-;824.7;1.0;3.4;-;0.0
KENAI;202412080030;16.6;-;824.8;0.8;2.8;-;0.0
KENAI;202412080040;16.6;85.4;824.9;0.7;2.4;11;0.0
KENAI;202412080050;16.5;85.3;824.7;1.2;3.0;14;0.0
KENAI;202412080100;16.5;85.9;824.7;1.4;1.7;9;0.0
KENAI;202412080110;16.4;85.9;824.6;1.0;3.2;340;0.0
KENAI;202412080120;16.1;86.8;824.6;1.8;2.9;335;0.0
KENAI;202412080130;16.3;86.8;824.7;0.5;2.6;24;0.0
