266
VRXZ07 LSSW 272028
Station/Location;Date;tre200s0;uor200s0;prestas0;fkl010z0;fkl010z1;dkl010z0;rre150z0
KENAI;202411271830;18.4;88.1;824.8;1.0;3.3;25;0.0
KENAI;202411271840;18.3;88.8;825.0;2.0;3.8;26;0.0
KENAI;202411271850;18.3;88.9;825.1;2.4;4.1;24;0.0
KENAI;202411271900;18.4;88.7;825.2;2.0;3.3;12;0.0
KENAI;202411271910;18.4;88.6;825.3;0.8;3.7;331;0.0
KENAI;202411271920;18.4;88.7;825.4;0.8;3.8;30;0.0
KENAI;202411271930;18.3;89.1;825.5;2.2;2.6;8;0.0
KENAI;202411271940;18.3;89.7;825.6;2.0;3.0;52;0.0
KENAI;202411271950;18.3;90.1;825.5;0.7;4.9;330;0.0
KENAI;202411272000;18.3;90.4;825.4;1.9;3.7;10;0.0
KENAI;202411272010;18.2;90.1;825.4;1.5;4.1;39;0.0
KENAI;202411272020;18.2;90.2;825.5;2.1;4.4;21;0.0
