864
VRXZ07 LSSW 150458
Station/Location;Date;tre200s0;uor200s0;prestas0;fkl010z0;fkl010z1;dkl010z0;rre150z0
KENAI;202508150300;-;87.3;826.0;0.6;1.1;98;0.0
KENAI;202508150310;-;87.2;826.0;0.0;1.4;0;0.0
KENAI;202508150320;-;86.6;826.1;0.4;1.2;46;0.0
KENAI;202508150330;-;86.8;826.0;0.0;0.9;0;0.0
KENAI;202508150340;14.7;86.1;826.2;0.8;1.2;112;0.0
KENAI;202508150350;-;86.0;826.3;0.5;1.2;130;0.0
KENAI;202508150400;-;86.0;826.5;0.5;1.2;42;0.0
KENAI;202508150410;-;85.9;826.5;0.8;1.1;163;0.0
KENAI;202508150420;-;86.2;826.7;0.7;1.6;106;0.0
KENAI;202508150430;-;86.1;826.6;0.7;1.3;85;0.0
KENAI;202508150440;-;85.9;826.8;0.6;1.3;126;0.0
KENAI;202508150450;15.1;84.7;826.8;1.2;2.1;74;0.0
