478
VRXZ07 LSSW 301818
Station/Location;Date;tre200s0;uor200s0;prestas0;fkl010z0;fkl010z1;dkl010z0;rre150z0
KENAI;202503301620;20.2;77.9;822.0;0.7;2.8;50;0.0
KENAI;202503301630;20.3;77.8;822.2;4.1;5.0;69;0.0
KENAI;202503301640;20.3;78.0;822.2;2.9;4.8;28;0.0
KENAI;202503301650;20.3;78.2;822.5;2.3;4.8;94;0.0
KENAI;202503301700;20.1;80.6;822.8;0.5;5.4;54;0.0
KENAI;202503301710;20.1;80.1;823.0;1.8;4.5;33;0.0
KENAI;202503301720;20.0;80.7;823.1;1.9;4.2;25;0.0
KENAI;202503301730;20.0;81.3;823.1;0.9;3.3;17;0.0
KENAI;202503301740;-;-;-;-;3.6;-;-
KENAI;202503301750;18.2;90.3;823.3;1.4;4.6;73;0.6
KENAI;202503301800;17.8;94.2;823.4;1.0;3.8;64;0.0
KENAI;202503301810;17.8;95.0;823.5;0.6;2.3;55;0.0
