720
VRXZ07 LSSW 041608
Station/Location;Date;tre200s0;uor200s0;prestas0;fkl010z0;fkl010z1;dkl010z0;rre150z0
KENAI;202506041410;-;64.6;824.4;0.7;1.6;58;0.0
KENAI;202506041420;-;63.5;824.4;0.6;2.6;356;0.0
KENAI;202506041430;-;63.8;824.6;0.7;2.1;6;0.0
KENAI;202506041440;-;61.8;824.6;0.8;2.4;74;0.0
KENAI;202506041450;-;62.6;824.7;0.8;1.3;108;0.0
KENAI;202506041500;-;-;824.8;0.8;2.0;-;0.0
KENAI;202506041510;-;62.3;824.8;0.8;2.4;82;0.0
KENAI;202506041520;20.6;62.2;824.9;1.1;2.1;77;0.0
KENAI;202506041530;20.6;62.7;824.9;0.8;1.8;91;0.0
KENAI;202506041540;-;62.2;825.0;1.4;3.5;54;0.0
KENAI;202506041550;-;61.0;825.0;0.6;3.5;113;0.0
KENAI;202506041600;-;60.8;825.0;1.4;4.1;93;0.0
