659
VRXZ07 LSSW 282158
Station/Location;Date;tre200s0;uor200s0;prestas0;fkl010z0;fkl010z1;dkl010z0;rre150z0
KENAI;202504282000;19.3;81.4;823.1;1.6;2.3;16;0.0
KENAI;202504282010;19.2;81.9;823.1;1.3;2.1;35;0.0
KENAI;202504282020;19.1;82.3;823.1;0.9;2.2;45;0.0
KENAI;202504282030;19.1;82.9;823.1;1.3;3.6;59;0.0
KENAI;202504282040;-;83.3;822.9;1.5;2.9;65;0.0
KENAI;202504282050;18.9;84.1;823.0;2.6;4.1;60;0.0
KENAI;202504282100;18.8;84.9;823.0;0.7;4.4;48;0.0
KENAI;202504282110;18.7;85.3;822.8;1.7;2.9;40;0.0
KENAI;202504282120;18.6;85.9;822.7;2.8;3.8;49;0.0
KENAI;202504282130;18.3;87.0;822.5;2.5;4.0;45;0.0
KENAI;202504282140;-;87.9;822.5;1.9;3.7;52;0.0
KENAI;202504282150;-;88.5;822.4;1.0;4.0;49;0.0
