157
VRXZ07 LSSW 071018
Station/Location;Date;tre200s0;uor200s0;prestas0;fkl010z0;fkl010z1;dkl010z0;rre150z0
KENAI;202506070820;20.6;62.1;828.0;1.3;4.2;154;0.0
KENAI;202506070830;20.8;62.1;827.9;1.4;3.7;199;0.0
KENAI;202506070840;20.7;64.6;827.7;3.2;4.3;149;0.0
KENAI;202506070850;-;61.0;827.6;1.3;5.1;175;0.0
KENAI;202506070900;20.9;62.9;827.6;0.9;5.4;57;0.0
KENAI;202506070910;-;61.8;827.5;0.8;3.1;133;0.0
KENAI;202506070920;-;60.5;827.3;2.5;4.5;168;0.0
KENAI;202506070930;-;61.0;827.2;2.4;3.8;160;0.0
KENAI;202506070940;-;61.3;827.1;1.7;5.0;150;0.0
KENAI;202506070950;-;61.9;827.0;1.9;3.6;176;0.0
KENAI;202506071000;21.9;59.8;826.9;1.0;3.7;169;0.0
KENAI;202506071010;21.2;59.5;826.7;1.3;4.1;95;0.0
