533
VRXZ07 LSSW 180658
Station/Location;Date;tre200s0;uor200s0;prestas0;fkl010z0;fkl010z1;dkl010z0;rre150z0
KENAI;202505180500;18.4;81.5;824.5;1.4;2.0;77;0.0
KENAI;202505180510;18.9;79.2;824.8;0.5;1.9;128;0.0
KENAI;202505180520;19.3;76.5;825.0;1.2;3.0;79;0.0
KENAI;202505180530;19.9;72.5;825.0;0.6;1.7;125;0.0
KENAI;202505180540;20.3;69.5;825.1;1.0;2.7;48;0.0
KENAI;202505180550;20.5;68.9;825.2;1.3;2.2;15;0.0
KENAI;202505180600;21.0;67.2;825.2;1.6;2.4;35;0.0
KENAI;202505180610;21.4;65.4;825.4;0.5;2.2;67;0.0
KENAI;202505180620;20.8;66.8;825.3;2.4;3.5;14;0.0
KENAI;202505180630;20.3;67.0;825.3;1.1;2.7;31;0.0
KENAI;202505180640;-;70.3;825.3;1.2;2.1;123;0.0
KENAI;202505180650;20.2;68.5;825.3;1.3;3.2;352;0.0
