215
VRXZ07 LSSW 300328
Station/Location;Date;tre200s0;uor200s0;prestas0;fkl010z0;fkl010z1;dkl010z0;rre150z0
KENAI;202506300130;-;85.2;825.3;0.5;1.3;118;0.0
KENAI;202506300140;-;84.9;825.3;0.7;1.2;132;0.0
KENAI;202506300150;-;85.4;825.2;0.8;1.6;143;0.0
KENAI;202506300200;-;85.8;825.3;0.7;1.7;142;0.0
KENAI;202506300210;-;85.8;825.4;0.5;1.6;109;0.0
KENAI;202506300220;-;86.1;825.5;0.0;1.1;0;0.0
KENAI;202506300230;-;86.0;825.5;0.5;1.2;101;0.0
KENAI;202506300240;-;86.1;825.6;0.8;1.6;102;0.0
KENAI;202506300250;-;86.0;825.6;0.8;1.5;133;0.0
KENAI;202506300300;-;86.7;825.7;0.8;1.8;138;0.0
KENAI;202506300310;-;86.8;825.7;0.5;1.6;118;0.0
KENAI;202506300320;-;87.1;825.8;0.4;1.4;190;0.0
