457
VRXZ07 LSSW 220648
Station/Location;Date;tre200s0;uor200s0;prestas0;fkl010z0;fkl010z1;dkl010z0;rre150z0
KENAI;202411220450;18.1;80.5;824.7;1.3;2.9;32;0.0
KENAI;202411220500;18.0;83.1;824.7;1.3;3.9;43;0.0
KENAI;202411220510;18.1;81.6;824.7;1.5;3.5;97;0.0
KENAI;202411220520;18.4;81.2;824.9;1.6;3.7;26;0.0
KENAI;202411220530;18.4;81.8;825.0;2.2;4.1;349;0.0
KENAI;202411220540;18.6;81.0;825.2;2.4;4.6;15;0.0
KENAI;202411220550;19.4;78.5;825.2;2.3;5.3;27;0.0
KENAI;202411220600;19.2;77.9;825.2;3.0;3.9;79;0.0
KENAI;202411220610;19.0;79.9;825.1;2.6;5.2;95;0.0
KENAI;202411220620;19.5;76.5;825.2;2.0;4.8;59;0.0
KENAI;202411220630;19.5;77.6;825.1;1.0;3.7;29;0.0
KENAI;202411220640;19.6;77.3;825.1;2.5;4.8;37;0.0
