382
VRXZ07 LSSW 101348
Station/Location;Date;tre200s0;uor200s0;prestas0;fkl010z0;fkl010z1;dkl010z0;rre150z0
KENAI;202502101150;27.0;-;820.1;3.0;8.0;-;0.0
KENAI;202502101200;27.0;38.0;819.9;4.6;6.9;67;0.0
KENAI;202502101210;27.6;39.3;819.9;3.0;8.3;56;0.0
KENAI;202502101220;27.5;37.4;819.8;4.6;6.8;24;0.0
KENAI;202502101230;27.1;37.5;819.8;3.8;8.2;77;0.0
KENAI;202502101240;27.4;38.6;819.8;2.5;8.2;64;0.0
KENAI;202502101250;27.0;36.8;819.6;2.7;8.3;20;0.0
KENAI;202502101300;27.0;37.3;819.5;4.4;8.1;85;0.0
KENAI;202502101310;27.0;35.8;819.5;1.3;7.7;8;0.0
KENAI;202502101320;27.2;35.7;819.4;2.8;7.3;21;0.0
KENAI;202502101330;27.2;34.9;819.5;4.4;7.7;32;0.0
KENAI;202502101340;26.9;34.9;819.5;3.2;7.1;18;0.0
