368
VRXZ07 LSSW 081538
Station/Location;Date;tre200s0;uor200s0;prestas0;fkl010z0;fkl010z1;dkl010z0;rre150z0
KENAI;202502081340;27.8;25.8;821.2;3.8;6.4;44;0.0
KENAI;202502081350;27.7;26.6;821.2;1.2;5.1;69;0.0
KENAI;202502081400;27.8;25.7;821.2;2.2;5.4;22;0.0
KENAI;202502081410;27.7;25.9;821.3;0.9;3.8;4;0.0
KENAI;202502081420;27.4;24.6;821.3;2.2;5.9;96;0.0
KENAI;202502081430;27.7;25.7;821.3;3.6;4.2;40;0.0
KENAI;202502081440;27.4;25.4;821.3;1.5;4.0;44;0.0
KENAI;202502081450;27.0;28.6;821.5;1.2;5.8;31;0.0
KENAI;202502081500;26.7;29.3;821.5;3.8;7.1;55;0.0
KENAI;202502081510;26.2;32.9;821.5;3.3;5.3;70;0.0
KENAI;202502081520;25.4;35.4;821.5;0.9;7.3;24;0.0
KENAI;202502081530;25.0;37.4;821.6;1.5;6.0;38;0.0
