383
VRXZ07 LSSW 272238
Station/Location;Date;tre200s0;uor200s0;prestas0;fkl010z0;fkl010z1;dkl010z0;rre150z0
KENAI;202502272040;18.6;48.2;825.3;0.0;0.4;0;0.0
KENAI;202502272050;18.3;50.0;825.3;0.5;1.0;85;0.0
KENAI;202502272100;17.8;51.4;825.2;0.8;1.6;102;0.0
KENAI;202502272110;18.4;48.9;825.3;0.0;0.9;0;0.0
KENAI;202502272120;18.5;48.2;825.3;0.5;1.7;95;0.0
KENAI;202502272130;18.4;48.3;825.1;0.5;2.1;105;0.0
KENAI;202502272140;18.4;48.3;825.1;0.0;0.7;0;0.0
KENAI;202502272150;18.2;49.0;825.0;0.4;1.1;30;0.0
KENAI;202502272200;18.3;48.5;824.9;0.4;0.6;9;0.0
KENAI;202502272210;17.7;50.7;824.9;0.4;0.5;32;0.0
KENAI;202502272220;17.7;50.7;824.7;0.0;1.2;0;0.0
KENAI;202502272230;17.6;50.8;824.6;0.5;0.7;78;0.0
