561
VRXZ07 LSSW 102348
Station/Location;Date;tre200s0;uor200s0;prestas0;fkl010z0;fkl010z1;dkl010z0;rre150z0
KENAI;202502102150;18.7;66.0;822.1;1.3;6.1;43;0.0
KENAI;202502102200;18.6;66.7;821.7;1.5;4.9;33;0.0
KENAI;202502102210;18.3;67.9;821.6;1.4;5.5;2;0.0
KENAI;202502102220;18.3;68.5;821.5;1.4;5.5;23;0.0
KENAI;202502102230;18.2;69.7;821.4;1.3;5.0;36;0.0
KENAI;202502102240;18.1;70.0;821.2;2.4;4.8;32;0.0
KENAI;202502102250;17.9;70.9;821.2;2.2;4.1;12;0.0
KENAI;202502102300;17.6;72.3;821.1;2.2;4.9;27;0.0
KENAI;202502102310;17.4;73.4;821.0;1.5;4.0;18;0.0
KENAI;202502102320;17.2;74.2;821.0;0.9;4.0;22;0.0
KENAI;202502102330;17.0;75.3;821.0;1.2;3.2;52;0.0
KENAI;202502102340;16.9;76.4;820.8;1.3;2.7;32;0.0
