585
VRXZ07 LSSW 111908
Station/Location;Date;tre200s0;uor200s0;prestas0;fkl010z0;fkl010z1;dkl010z0;rre150z0
KENAI;202502111710;21.1;55.9;822.3;3.0;5.3;24;0.0
KENAI;202502111720;21.1;56.5;822.6;2.3;7.0;16;0.0
KENAI;202502111730;20.7;58.3;822.7;2.5;6.9;52;0.0
KENAI;202502111740;20.5;59.6;822.8;1.2;6.4;346;0.0
KENAI;202502111750;20.3;60.9;822.9;1.3;6.1;50;0.0
KENAI;202502111800;20.1;61.7;823.0;3.5;6.6;23;0.0
KENAI;202502111810;19.9;62.5;823.1;1.3;6.4;55;0.0
KENAI;202502111820;19.7;63.3;823.4;4.3;5.1;40;0.0
KENAI;202502111830;19.5;63.7;823.5;3.0;4.9;18;0.0
KENAI;202502111840;19.3;64.7;823.6;2.2;4.7;28;0.0
KENAI;202502111850;19.1;65.7;823.8;2.0;4.4;28;0.0
KENAI;202502111900;19.1;66.1;823.8;1.9;5.0;14;0.0
