055
VRXZ07 LSSW 140738
Station/Location;Date;tre200s0;uor200s0;prestas0;fkl010z0;fkl010z1;dkl010z0;rre150z0
KENAI;202507140540;15.2;85.1;828.6;0.3;1.2;75;0.0
KENAI;202507140550;-;82.8;828.6;0.5;1.6;127;0.0
KENAI;202507140600;-;-;828.7;0.8;2.5;-;0.0
KENAI;202507140610;-;-;828.8;1.1;2.7;-;0.0
KENAI;202507140620;-;83.0;828.9;1.3;2.5;158;0.0
KENAI;202507140630;-;80.7;828.9;1.1;2.8;140;0.0
KENAI;202507140640;-;79.1;829.0;2.1;3.1;136;0.0
KENAI;202507140650;-;79.8;829.2;1.2;3.4;183;0.0
KENAI;202507140700;-;77.1;829.2;1.9;3.5;158;0.0
KENAI;202507140710;18.2;72.2;829.1;1.5;4.4;167;0.0
KENAI;202507140720;19.0;70.6;829.2;2.2;4.1;159;0.0
KENAI;202507140730;-;66.9;829.1;1.3;4.6;156;0.0
