938
VRXZ07 LSSW 090818
Station/Location;Date;tre200s0;uor200s0;prestas0;fkl010z0;fkl010z1;dkl010z0;rre150z0
KENAI;202503090620;21.6;71.0;823.6;1.4;2.8;1;0.0
KENAI;202503090630;22.0;68.5;823.6;1.6;3.9;29;0.0
KENAI;202503090640;22.9;63.6;823.5;2.9;4.5;76;0.0
KENAI;202503090650;23.5;64.0;823.5;2.2;3.9;359;0.0
KENAI;202503090700;23.4;59.9;823.5;3.7;5.6;12;0.0
KENAI;202503090710;23.7;59.1;823.4;2.9;4.6;6;0.0
KENAI;202503090720;23.6;59.2;823.5;3.3;4.8;338;0.0
KENAI;202503090730;24.5;57.4;823.3;1.5;4.3;61;0.0
KENAI;202503090740;24.2;59.6;823.4;1.4;4.6;68;0.0
KENAI;202503090750;24.3;58.5;823.3;0.5;3.9;70;0.0
KENAI;202503090800;24.7;56.9;823.1;0.8;4.7;330;0.0
KENAI;202503090810;24.1;57.7;822.9;2.2;4.3;99;0.0
