486
VRXZ07 LSSW 140428
Station/Location;Date;tre200s0;uor200s0;prestas0;fkl010z0;fkl010z1;dkl010z0;rre150z0
KENAI;202507140230;-;91.2;827.2;0.0;0.7;0;0.0
KENAI;202507140240;-;89.0;827.3;0.6;1.7;164;0.0
KENAI;202507140250;14.2;88.1;827.3;0.9;1.9;109;0.0
KENAI;202507140300;-;88.0;827.3;0.6;1.9;138;0.0
KENAI;202507140310;-;88.3;827.3;0.8;1.9;178;0.0
KENAI;202507140320;-;88.6;827.5;0.7;1.5;157;0.0
KENAI;202507140330;-;88.6;827.5;0.8;1.7;132;0.0
KENAI;202507140340;-;88.9;827.6;0.0;1.5;0;0.0
KENAI;202507140350;-;89.1;827.7;0.3;2.0;172;0.0
KENAI;202507140400;-;89.0;827.6;0.9;2.0;150;0.0
KENAI;202507140410;-;89.4;827.7;0.0;1.2;0;0.0
KENAI;202507140420;-;89.5;827.7;0.6;0.9;159;0.0
