016
VRXZ07 LSSW 191318
Station/Location;Date;tre200s0;uor200s0;prestas0;fkl010z0;fkl010z1;dkl010z0;rre150z0
KENAI;202504191120;26.3;49.5;821.3;2.7;4.0;24;0.0
KENAI;202504191130;26.5;45.0;821.1;1.0;3.8;41;0.0
KENAI;202504191140;26.8;44.9;820.9;1.8;3.6;158;0.0
KENAI;202504191150;26.4;46.6;820.7;1.6;4.8;347;0.0
KENAI;202504191200;26.1;45.7;820.7;2.3;4.5;87;0.0
KENAI;202504191210;23.8;60.0;820.7;1.8;6.8;55;0.0
KENAI;202504191220;22.9;63.4;820.4;1.8;6.8;87;0.0
KENAI;202504191230;22.9;65.1;820.4;2.5;5.1;143;0.0
KENAI;202504191240;22.3;66.6;820.4;2.3;5.2;151;0.0
KENAI;202504191250;21.8;67.9;820.7;2.1;6.3;148;0.0
KENAI;202504191300;20.5;73.7;820.8;2.0;6.4;159;0.0
KENAI;202504191310;20.0;78.0;821.0;2.6;6.5;148;0.0
