106
VRXZ07 LSSW 290628
Station/Location;Date;tre200s0;uor200s0;prestas0;fkl010z0;fkl010z1;dkl010z0;rre150z0
KENAI;202504290430;-;91.3;822.9;0.8;1.2;198;0.0
KENAI;202504290440;17.7;90.6;823.0;0.6;1.5;114;0.0
KENAI;202504290450;17.8;88.7;823.0;0.5;1.8;137;0.0
KENAI;202504290500;18.1;87.8;823.2;0.4;2.5;150;0.0
KENAI;202504290510;18.3;88.2;823.2;0.4;1.5;138;0.0
KENAI;202504290520;18.5;86.3;823.3;0.8;1.9;130;0.0
KENAI;202504290530;18.5;85.4;823.5;0.5;2.2;166;0.0
KENAI;202504290540;-;84.5;823.3;1.0;2.2;132;0.0
KENAI;202504290550;19.5;81.1;823.4;0.6;2.6;196;0.0
KENAI;202504290600;20.5;77.4;823.4;0.9;2.2;67;0.0
KENAI;202504290610;20.9;77.3;823.4;1.4;2.0;174;0.0
KENAI;202504290620;21.3;71.8;823.4;1.0;1.9;110;0.0
