065
VRXZ07 LSSW 180338
Station/Location;Date;tre200s0;uor200s0;prestas0;fkl010z0;fkl010z1;dkl010z0;rre150z0
KENAI;202503180140;17.1;88.8;823.3;3.4;5.1;73;0.0
KENAI;202503180150;17.2;88.7;823.4;1.9;4.1;89;0.0
KENAI;202503180200;17.2;88.4;823.4;1.4;6.4;66;0.0
KENAI;202503180210;17.1;88.0;823.4;3.1;4.7;81;0.0
KENAI;202503180220;17.2;87.1;823.5;2.5;4.9;59;0.0
KENAI;202503180230;17.2;86.4;823.7;0.7;5.7;46;0.0
KENAI;202503180240;17.3;86.2;823.6;2.6;4.1;65;0.0
KENAI;202503180250;17.2;87.0;823.6;1.5;3.8;32;0.0
KENAI;202503180300;17.0;88.4;823.6;1.5;5.4;69;0.0
KENAI;202503180310;16.9;89.3;823.6;1.8;3.8;66;0.0
KENAI;202503180320;16.9;89.6;823.6;1.7;3.9;55;0.0
KENAI;202503180330;17.0;89.8;823.5;1.7;4.9;70;0.0
