336
VRXZ07 LSSW 071128
Station/Location;Date;tre200s0;uor200s0;prestas0;fkl010z0;fkl010z1;dkl010z0;rre150z0
KENAI;202504070930;23.7;-;824.9;1.7;5.9;-;0.0
KENAI;202504070940;23.7;59.2;824.7;2.3;4.5;40;0.0
KENAI;202504070950;23.1;58.4;824.7;1.4;5.4;93;0.0
KENAI;202504071000;22.8;60.5;824.6;2.0;5.6;88;0.0
KENAI;202504071010;23.3;57.5;824.4;2.7;5.4;48;0.0
KENAI;202504071020;23.2;58.2;824.3;3.8;6.2;88;0.0
KENAI;202504071030;23.8;61.7;824.2;2.3;5.3;82;0.0
KENAI;202504071040;24.3;56.8;824.1;3.0;5.8;66;0.0
KENAI;202504071050;24.7;55.9;824.0;3.2;5.6;25;0.0
KENAI;202504071100;23.7;57.5;823.8;1.9;5.9;61;0.0
KENAI;202504071110;23.5;56.4;823.7;3.9;6.4;20;0.0
KENAI;202504071120;24.7;55.7;823.4;4.1;5.6;65;0.0
