158
VRXZ07 LSSW 050538
Station/Location;Date;tre200s0;uor200s0;prestas0;fkl010z0;fkl010z1;dkl010z0;rre150z0
KENAI;202507050340;-;90.5;826.4;0.9;1.4;197;0.0
KENAI;202507050350;-;90.6;826.5;0.6;1.4;159;0.0
KENAI;202507050400;-;90.8;826.5;0.8;1.5;131;0.0
KENAI;202507050410;-;91.1;826.6;0.0;1.4;0;0.0
KENAI;202507050420;-;91.0;826.6;1.4;2.1;162;0.0
KENAI;202507050430;-;90.7;826.6;0.9;2.1;154;0.0
KENAI;202507050440;-;90.5;826.7;0.7;1.4;137;0.0
KENAI;202507050450;-;90.4;827.0;1.0;1.8;128;0.0
KENAI;202507050500;-;91.0;827.1;1.2;2.2;127;0.0
KENAI;202507050510;-;92.0;827.3;1.2;2.1;129;0.0
KENAI;202507050520;-;92.6;827.3;0.8;2.4;145;0.0
KENAI;202507050530;-;92.7;827.4;1.3;2.1;116;0.0
