934
VRXZ07 LSSW 081328
Station/Location;Date;tre200s0;uor200s0;prestas0;fkl010z0;fkl010z1;dkl010z0;rre150z0
KENAI;202506081130;-;54.7;826.1;1.2;5.6;137;0.0
KENAI;202506081140;22.2;58.1;825.9;1.5;5.3;162;0.0
KENAI;202506081150;-;57.9;825.8;1.4;5.7;119;0.0
KENAI;202506081200;-;56.5;825.7;2.3;4.5;91;0.0
KENAI;202506081210;-;59.2;825.7;1.3;4.7;116;0.0
KENAI;202506081220;-;59.1;825.7;1.5;3.2;52;0.0
KENAI;202506081230;21.8;56.4;825.6;1.0;2.5;56;0.0
KENAI;202506081240;-;56.6;825.6;1.6;2.3;3;0.0
KENAI;202506081250;23.3;54.5;825.5;0.6;2.1;130;0.0
KENAI;202506081300;22.7;53.9;825.4;1.0;3.8;72;0.0
KENAI;202506081310;-;55.9;825.4;0.4;3.0;114;0.0
KENAI;202506081320;-;56.5;825.3;1.0;3.2;55;0.0
