939
VRXZ07 LSSW 050718
Station/Location;Date;tre200s0;uor200s0;prestas0;fkl010z0;fkl010z1;dkl010z0;rre150z0
KENAI;202508050520;-;93.4;827.2;1.5;1.8;156;0.0
KENAI;202508050530;-;92.4;827.4;0.6;2.1;136;0.0
KENAI;202508050540;-;-;827.6;0.7;1.8;-;0.0
KENAI;202508050550;11.8;91.0;827.7;1.0;2.1;130;0.0
KENAI;202508050600;-;90.4;827.8;1.2;2.1;97;0.0
KENAI;202508050610;-;89.7;827.8;1.7;2.3;165;0.0
KENAI;202508050620;-;88.4;827.8;1.3;2.6;162;0.0
KENAI;202508050630;-;86.5;827.8;1.2;3.0;167;0.0
KENAI;202508050640;-;82.0;827.8;1.9;3.0;41;0.0
KENAI;202508050650;-;79.9;827.7;0.0;2.2;0;0.0
KENAI;202508050700;-;75.4;827.6;1.1;3.5;88;0.0
KENAI;202508050710;-;73.3;827.8;0.8;3.2;301;0.0
