737
VRXZ07 LSSW 271918
Station/Location;Date;tre200s0;uor200s0;prestas0;fkl010z0;fkl010z1;dkl010z0;rre150z0
KENAI;202506271720;19.3;76.4;824.9;1.8;2.6;110;0.0
KENAI;202506271730;19.4;76.2;824.9;1.3;2.3;68;0.0
KENAI;202506271740;-;74.8;825.0;0.8;2.5;59;0.0
KENAI;202506271750;-;75.0;825.1;0.8;2.2;57;0.0
KENAI;202506271800;-;76.7;825.2;0.7;1.5;15;0.0
KENAI;202506271810;-;76.2;825.2;1.3;3.0;12;0.0
KENAI;202506271820;-;76.7;825.3;0.8;2.5;41;0.0
KENAI;202506271830;-;77.0;825.4;0.5;2.4;24;0.0
KENAI;202506271840;-;77.3;825.4;0.6;3.0;42;0.0
KENAI;202506271850;-;77.7;825.5;0.7;2.2;26;0.0
KENAI;202506271900;-;77.8;825.4;0.5;2.1;337;0.0
KENAI;202506271910;-;78.2;825.5;0.0;1.1;0;0.0
