038
VRXZ07 LSSW 162048
Station/Location;Date;tre200s0;uor200s0;prestas0;fkl010z0;fkl010z1;dkl010z0;rre150z0
KENAI;202504161850;18.8;83.4;825.0;1.2;4.0;78;0.0
KENAI;202504161900;18.8;83.6;825.2;0.7;1.5;41;0.0
KENAI;202504161910;19.0;83.9;825.3;1.4;3.0;63;0.0
KENAI;202504161920;18.9;85.1;825.2;2.3;5.0;56;0.0
KENAI;202504161930;18.9;84.7;825.3;2.6;4.3;359;0.0
KENAI;202504161940;18.9;85.0;825.3;1.4;3.6;33;0.0
KENAI;202504161950;18.9;84.9;825.4;1.5;3.9;359;0.0
KENAI;202504162000;18.8;85.6;825.4;1.4;3.4;75;0.0
KENAI;202504162010;18.8;86.1;825.4;2.1;3.1;32;0.0
KENAI;202504162020;18.7;86.7;825.4;1.0;5.2;19;0.0
KENAI;202504162030;18.6;87.4;825.2;0.9;4.0;15;0.0
KENAI;202504162040;18.5;87.8;825.2;2.5;4.7;60;0.0
