816
VRXZ07 LSSW 100218
Station/Location;Date;tre200s0;uor200s0;prestas0;fkl010z0;fkl010z1;dkl010z0;rre150z0
KENAI;202412100020;16.4;85.4;823.7;0.4;1.8;33;0.0
KENAI;202412100030;16.6;84.1;823.7;0.9;2.5;9;0.0
KENAI;202412100040;16.5;84.2;823.7;0.7;2.2;39;0.0
KENAI;202412100050;16.6;83.6;823.7;0.9;2.5;16;0.0
KENAI;202412100100;16.7;83.6;823.6;1.1;2.2;18;0.0
KENAI;202412100110;16.7;83.6;823.6;0.4;1.9;59;0.0
KENAI;202412100120;16.6;83.5;823.6;0.7;2.4;22;0.0
KENAI;202412100130;16.6;84.1;823.7;0.9;3.0;54;0.0
KENAI;202412100140;16.7;84.0;823.7;0.7;2.5;49;0.0
KENAI;202412100150;16.5;84.6;823.6;0.5;2.4;65;0.0
KENAI;202412100200;16.3;85.2;823.8;0.0;2.5;0;0.0
KENAI;202412100210;16.0;86.5;824.0;0.7;1.5;5;0.0
