394
VRXZ07 LSSW 131808
Station/Location;Date;tre200s0;uor200s0;prestas0;fkl010z0;fkl010z1;dkl010z0;rre150z0
KENAI;202508131610;-;62.9;824.5;1.3;2.6;29;0.0
KENAI;202508131620;19.7;63.2;824.7;0.6;3.3;42;0.0
KENAI;202508131630;19.5;63.9;824.7;0.8;1.9;77;0.0
KENAI;202508131640;-;63.8;824.9;0.8;2.4;38;0.0
KENAI;202508131650;-;63.1;825.0;1.1;2.6;46;0.0
KENAI;202508131700;19.5;64.3;825.0;1.2;2.1;17;0.0
KENAI;202508131710;-;64.8;825.2;2.1;3.2;21;0.0
KENAI;202508131720;-;65.9;825.3;1.2;2.9;38;0.0
KENAI;202508131730;19.2;65.7;825.3;1.7;2.8;8;0.0
KENAI;202508131740;-;66.3;825.4;0.4;1.7;78;0.0
KENAI;202508131750;19.2;66.3;825.5;1.2;2.4;349;0.0
KENAI;202508131800;-;66.8;825.4;2.0;2.7;51;0.0
