290
VRXZ07 LSSW 180158
Station/Location;Date;tre200s0;uor200s0;prestas0;fkl010z0;fkl010z1;dkl010z0;rre150z0
KENAI;202411180000;16.5;84.3;822.8;0.7;1.4;339;0.0
KENAI;202411180010;16.4;85.0;822.8;0.7;2.0;15;0.0
KENAI;202411180020;16.4;85.1;822.6;0.0;1.9;0;0.0
KENAI;202411180030;16.5;84.5;822.8;1.0;3.1;4;0.0
KENAI;202411180040;16.5;84.4;822.6;1.3;3.5;37;0.0
KENAI;202411180050;16.5;84.1;822.7;1.2;2.5;34;0.0
KENAI;202411180100;16.1;85.2;822.9;0.8;1.6;12;0.0
KENAI;202411180110;15.9;85.5;822.8;0.6;1.4;356;0.0
KENAI;202411180120;16.1;85.5;822.9;0.5;1.9;81;0.0
KENAI;202411180130;16.4;84.5;822.9;1.5;3.2;5;0.0
KENAI;202411180140;16.3;84.8;822.9;0.5;2.0;9;0.0
KENAI;202411180150;16.3;84.7;823.0;0.4;1.9;51;0.0
