087
VRXZ07 LSSW 261848
Station/Location;Date;tre200s0;uor200s0;prestas0;fkl010z0;fkl010z1;dkl010z0;rre150z0
KENAI;202506261650;-;76.2;824.9;1.2;3.1;137;0.0
KENAI;202506261700;-;78.0;825.0;0.6;2.9;133;0.0
KENAI;202506261710;-;79.1;825.1;1.8;4.6;123;0.0
KENAI;202506261720;-;80.0;825.2;2.9;4.2;142;0.0
KENAI;202506261730;-;81.0;825.4;1.8;2.9;134;0.0
KENAI;202506261740;-;81.8;825.4;0.8;1.7;83;0.0
KENAI;202506261750;-;82.5;825.6;1.0;2.3;162;0.0
KENAI;202506261800;-;82.7;825.7;1.0;2.5;126;0.0
KENAI;202506261810;-;83.1;825.9;0.4;2.1;157;0.0
KENAI;202506261820;-;83.2;825.9;1.3;2.2;115;0.0
KENAI;202506261830;-;83.8;826.0;0.7;2.0;151;0.0
KENAI;202506261840;-;84.9;826.1;0.7;1.3;156;0.0
