717
VRXZ07 LSSW 020748
Station/Location;Date;tre200s0;uor200s0;prestas0;fkl010z0;fkl010z1;dkl010z0;rre150z0
KENAI;202503020550;20.5;70.6;824.9;2.6;3.9;13;0.0
KENAI;202503020600;20.8;69.9;825.0;0.4;3.7;60;0.0
KENAI;202503020610;21.1;67.2;825.1;1.4;4.8;82;0.0
KENAI;202503020620;21.2;68.6;825.1;0.9;4.1;50;0.0
KENAI;202503020630;21.6;65.7;825.3;2.5;5.8;329;0.0
KENAI;202503020640;21.6;64.7;825.2;4.6;5.7;6;0.0
KENAI;202503020650;21.8;64.8;825.0;1.3;4.5;107;0.0
KENAI;202503020700;22.1;63.6;825.1;1.1;5.9;354;0.0
KENAI;202503020710;22.2;62.1;825.1;2.2;4.4;38;0.0
KENAI;202503020720;22.8;60.3;825.1;2.6;6.5;34;0.0
KENAI;202503020730;23.3;57.5;825.2;1.7;4.6;343;0.0
KENAI;202503020740;23.5;56.4;825.0;2.3;6.0;24;0.0
