163
VRXZ07 LSSW 031348
Station/Location;Date;tre200s0;uor200s0;prestas0;fkl010z0;fkl010z1;dkl010z0;rre150z0
KENAI;202412031150;23.9;-;821.3;3.0;5.2;-;0.0
KENAI;202412031200;23.8;54.8;821.1;3.8;6.1;83;0.0
KENAI;202412031210;22.9;58.6;821.0;2.3;4.9;102;0.0
KENAI;202412031220;24.3;57.4;821.0;2.5;5.2;57;0.0
KENAI;202412031230;23.9;-;820.9;2.3;4.8;-;0.0
KENAI;202412031240;23.5;55.5;820.8;2.4;4.7;44;0.0
KENAI;202412031250;24.5;53.5;820.9;4.2;5.9;65;0.0
KENAI;202412031300;23.1;56.0;821.0;1.8;5.3;58;0.0
KENAI;202412031310;22.8;57.7;820.9;2.6;5.1;103;0.0
KENAI;202412031320;23.2;59.1;820.8;1.1;5.3;55;0.0
KENAI;202412031330;23.5;55.3;820.8;2.9;5.3;42;0.0
KENAI;202412031340;23.4;54.0;820.7;3.6;5.5;61;0.0
