628
VRXZ07 LSSW 210938
Station/Location;Date;tre200s0;uor200s0;prestas0;fkl010z0;fkl010z1;dkl010z0;rre150z0
KENAI;202502210740;23.7;39.6;824.7;3.8;5.9;38;0.0
KENAI;202502210750;24.2;38.3;824.6;1.9;6.2;303;0.0
KENAI;202502210800;24.2;38.3;824.6;2.7;7.4;23;0.0
KENAI;202502210810;24.7;34.6;824.6;4.6;6.9;71;0.0
KENAI;202502210820;24.7;38.2;824.5;3.1;6.6;6;0.0
KENAI;202502210830;25.3;34.7;824.3;2.5;6.4;58;0.0
KENAI;202502210840;25.2;34.0;824.1;4.3;7.2;57;0.0
KENAI;202502210850;25.4;33.1;824.0;3.0;7.0;355;0.0
KENAI;202502210900;26.1;32.4;823.9;2.2;8.8;42;0.0
KENAI;202502210910;26.3;31.8;823.7;3.7;4.8;30;0.0
KENAI;202502210920;25.7;32.2;823.6;2.3;7.4;2;0.0
KENAI;202502210930;25.9;30.9;823.5;2.3;8.3;78;0.0
