023
VRXZ07 LSSW 061938
Station/Location;Date;tre200s0;uor200s0;prestas0;fkl010z0;fkl010z1;dkl010z0;rre150z0
KENAI;202503061740;22.8;44.4;823.1;1.9;3.0;37;0.0
KENAI;202503061750;22.7;44.7;823.2;1.2;2.8;42;0.0
KENAI;202503061800;22.7;44.9;823.4;1.7;3.9;71;0.0
KENAI;202503061810;22.7;45.7;823.5;0.9;4.8;80;0.0
KENAI;202503061820;22.4;46.8;823.5;1.6;5.3;88;0.0
KENAI;202503061830;22.2;47.7;823.5;2.1;4.1;61;0.0
KENAI;202503061840;22.1;48.4;823.5;3.9;4.2;66;0.0
KENAI;202503061850;22.0;48.5;823.8;1.1;4.5;90;0.0
KENAI;202503061900;22.0;48.3;823.8;2.0;4.3;45;0.0
KENAI;202503061910;21.9;48.5;823.9;2.7;6.8;31;0.0
KENAI;202503061920;21.7;49.4;824.0;2.5;4.9;68;0.0
KENAI;202503061930;21.5;50.0;824.1;1.9;5.2;73;0.0
