760
VRXZ07 LSSW 130438
Station/Location;Date;tre200s0;uor200s0;prestas0;fkl010z0;fkl010z1;dkl010z0;rre150z0
KENAI;202507130240;-;92.0;827.1;1.0;2.3;174;0.0
KENAI;202507130250;-;92.2;827.1;1.0;3.4;134;0.0
KENAI;202507130300;14.7;92.3;827.3;1.0;2.6;129;0.0
KENAI;202507130310;14.8;92.3;827.4;0.6;2.6;130;0.0
KENAI;202507130320;-;92.1;827.5;1.2;2.7;128;0.0
KENAI;202507130330;14.8;92.2;827.6;0.5;1.9;121;0.0
KENAI;202507130340;-;92.5;827.7;1.0;1.1;120;0.0
KENAI;202507130350;-;93.1;827.7;0.8;2.2;132;0.0
KENAI;202507130400;14.7;93.8;827.8;0.3;2.1;111;0.0
KENAI;202507130410;-;94.1;827.8;1.1;1.7;132;0.0
KENAI;202507130420;-;94.2;827.8;1.4;3.0;183;0.0
KENAI;202507130430;-;94.4;827.9;0.8;2.2;129;0.0
