155
VRXZ07 LSSW 180848
Station/Location;Date;tre200s0;uor200s0;prestas0;fkl010z0;fkl010z1;dkl010z0;rre150z0
KENAI;202507180650;-;83.8;829.1;0.8;1.5;142;0.0
KENAI;202507180700;16.2;83.9;829.1;1.1;2.2;116;0.0
KENAI;202507180710;16.4;83.9;829.0;1.4;1.9;120;0.0
KENAI;202507180720;-;80.7;828.9;1.9;2.7;169;0.0
KENAI;202507180730;17.0;79.5;828.9;1.1;3.1;129;0.0
KENAI;202507180740;-;78.7;828.8;0.9;1.9;121;0.0
KENAI;202507180750;-;75.4;828.6;1.4;3.1;158;0.0
KENAI;202507180800;-;74.7;828.5;1.5;2.5;195;0.0
KENAI;202507180810;-;74.1;828.5;1.1;2.2;219;0.0
KENAI;202507180820;-;71.7;828.4;1.7;2.0;78;0.0
KENAI;202507180830;19.4;72.7;828.3;0.4;2.4;181;0.0
KENAI;202507180840;18.7;73.1;828.3;0.3;2.5;235;0.0
