438
VRXZ07 LSSW 311138
Station/Location;Date;tre200s0;uor200s0;prestas0;fkl010z0;fkl010z1;dkl010z0;rre150z0
KENAI;202503310940;21.6;73.5;823.7;1.8;5.6;42;0.0
KENAI;202503310950;22.3;70.6;823.5;3.5;5.4;75;0.0
KENAI;202503311000;22.4;68.9;823.3;2.5;6.3;76;0.0
KENAI;202503311010;21.9;73.3;823.1;0.9;6.7;75;0.0
KENAI;202503311020;19.8;79.4;823.2;5.0;7.6;140;0.0
KENAI;202503311030;19.6;81.8;823.0;2.9;6.0;128;0.0
KENAI;202503311040;20.8;78.9;822.7;2.4;5.0;107;0.0
KENAI;202503311050;22.0;76.4;822.6;1.7;5.4;71;0.0
KENAI;202503311100;22.8;68.5;822.4;0.9;5.7;65;0.0
KENAI;202503311110;23.0;68.9;822.1;1.7;6.5;131;0.0
KENAI;202503311120;23.6;62.4;822.2;3.0;6.3;40;0.0
KENAI;202503311130;23.1;62.1;821.9;4.0;7.3;76;0.0
