041
VRXZ07 LSSW 212118
Station/Location;Date;tre200s0;uor200s0;prestas0;fkl010z0;fkl010z1;dkl010z0;rre150z0
KENAI;202502211920;19.7;43.7;823.5;1.5;3.0;35;0.0
KENAI;202502211930;19.4;45.2;823.7;2.5;2.9;359;0.0
KENAI;202502211940;19.4;45.8;823.8;0.7;2.8;20;0.0
KENAI;202502211950;19.2;46.5;823.8;1.1;2.8;36;0.0
KENAI;202502212000;19.0;47.6;823.8;1.3;2.9;10;0.0
KENAI;202502212010;19.0;47.9;823.8;1.7;3.0;28;0.0
KENAI;202502212020;18.8;48.6;823.8;1.8;3.1;20;0.0
KENAI;202502212030;18.7;49.0;823.8;2.5;3.6;22;0.0
KENAI;202502212040;18.7;49.8;823.8;0.0;3.4;0;0.0
KENAI;202502212050;18.4;50.7;823.8;0.9;3.9;21;0.0
KENAI;202502212100;18.4;50.9;823.9;1.1;4.4;17;0.0
KENAI;202502212110;18.3;51.5;823.8;1.7;2.9;51;0.0
