233
VRXZ07 LSSW 160528
Station/Location;Date;tre200s0;uor200s0;prestas0;fkl010z0;fkl010z1;dkl010z0;rre150z0
KENAI;202502160330;17.9;85.4;823.4;0.7;2.9;36;0.0
KENAI;202502160340;18.0;85.2;823.5;0.9;3.6;41;0.0
KENAI;202502160350;18.0;85.9;823.5;0.4;1.9;345;0.0
KENAI;202502160400;18.1;84.3;823.5;0.4;1.8;334;0.0
KENAI;202502160410;18.1;84.8;823.7;1.0;2.0;341;0.0
KENAI;202502160420;18.2;84.4;823.7;1.4;2.1;25;0.0
KENAI;202502160430;18.3;84.3;823.8;0.5;2.3;21;0.0
KENAI;202502160440;18.5;83.3;823.8;1.3;3.1;34;0.0
KENAI;202502160450;18.9;81.9;823.9;2.0;3.2;45;0.0
KENAI;202502160500;19.1;81.2;824.1;1.1;3.4;327;0.0
KENAI;202502160510;19.2;81.6;824.2;0.8;2.9;42;0.0
KENAI;202502160520;19.4;78.5;824.3;0.9;2.9;10;0.0
