463
VRXZ07 LSSW 190458
Station/Location;Date;tre200s0;uor200s0;prestas0;fkl010z0;fkl010z1;dkl010z0;rre150z0
KENAI;202503190300;17.7;90.7;823.5;1.5;4.1;60;0.0
KENAI;202503190310;17.7;90.8;823.6;1.2;4.0;93;0.0
KENAI;202503190320;17.6;91.1;823.6;1.5;3.9;65;0.0
KENAI;202503190330;17.7;90.7;823.8;0.4;3.5;289;0.0
KENAI;202503190340;17.5;90.7;823.8;1.4;4.4;28;0.0
KENAI;202503190350;17.4;91.5;824.0;1.0;4.3;86;0.0
KENAI;202503190400;17.3;91.8;824.1;3.1;3.6;70;0.0
KENAI;202503190410;17.4;92.0;824.2;2.3;4.7;30;0.0
KENAI;202503190420;17.1;92.5;824.4;2.0;5.0;134;0.0
KENAI;202503190430;17.0;92.7;824.6;2.2;5.6;101;0.0
KENAI;202503190440;17.0;93.3;824.7;1.2;4.4;46;0.0
KENAI;202503190450;16.9;93.4;824.7;1.1;4.4;175;0.0
