929
VRXZ07 LSSW 152038
Station/Location;Date;tre200s0;uor200s0;prestas0;fkl010z0;fkl010z1;dkl010z0;rre150z0
KENAI;202505151840;18.5;80.9;825.1;1.0;2.0;138;0.0
KENAI;202505151850;18.4;81.1;825.2;0.4;1.2;160;0.0
KENAI;202505151900;18.3;82.0;825.1;0.3;0.6;163;0.0
KENAI;202505151910;18.1;83.5;825.2;0.4;0.6;228;0.0
KENAI;202505151920;17.8;84.6;825.1;0.4;0.8;235;0.0
KENAI;202505151930;17.6;84.8;825.1;0.6;0.9;206;0.0
KENAI;202505151940;17.7;84.8;825.2;0.3;0.5;324;0.0
KENAI;202505151950;17.8;83.7;825.2;0.0;0.7;0;0.0
KENAI;202505152000;17.9;83.7;825.1;0.6;0.7;51;0.0
KENAI;202505152010;17.8;84.5;825.1;0.4;0.7;138;0.0
KENAI;202505152020;17.6;85.0;825.0;0.6;2.3;110;0.0
KENAI;202505152030;-;84.1;825.1;1.2;3.8;114;0.0
