628
VRXZ07 LSSW 171128
Station/Location;Date;tre200s0;uor200s0;prestas0;fkl010z0;fkl010z1;dkl010z0;rre150z0
KENAI;202507170930;-;67.3;827.2;1.1;3.1;152;0.0
KENAI;202507170940;21.0;64.8;827.0;0.9;2.7;235;0.0
KENAI;202507170950;21.9;64.5;827.0;2.0;2.8;53;0.0
KENAI;202507171000;-;62.1;826.8;1.3;2.9;17;0.0
KENAI;202507171010;21.3;64.3;826.7;1.1;1.9;249;0.0
KENAI;202507171020;-;62.1;826.5;0.8;3.3;310;0.0
KENAI;202507171030;-;62.9;826.4;1.3;2.6;86;0.0
KENAI;202507171040;21.8;61.0;826.4;1.4;2.3;150;0.0
KENAI;202507171050;-;62.9;826.2;2.0;3.3;190;0.0
KENAI;202507171100;-;59.1;826.0;1.2;3.2;139;0.0
KENAI;202507171110;23.3;57.6;826.0;1.0;2.8;124;0.0
KENAI;202507171120;-;57.4;825.8;0.0;3.4;0;0.0
