065
VRXZ07 LSSW 121158
Station/Location;Date;tre200s0;uor200s0;prestas0;fkl010z0;fkl010z1;dkl010z0;rre150z0
KENAI;202502121000;23.6;58.4;823.2;2.3;8.8;33;0.0
KENAI;202502121010;24.1;56.6;823.3;3.1;7.9;53;0.0
KENAI;202502121020;23.1;55.7;823.0;2.6;8.6;12;0.0
KENAI;202502121030;23.9;54.9;822.8;3.9;8.0;57;0.0
KENAI;202502121040;24.2;56.8;822.8;2.7;8.5;9;0.0
KENAI;202502121050;24.3;53.9;822.7;0.0;8.6;0;0.0
KENAI;202502121100;23.8;54.4;822.4;2.3;7.5;26;0.0
KENAI;202502121110;24.4;51.6;822.5;2.8;7.5;14;0.0
KENAI;202502121120;24.3;51.1;822.3;3.7;6.7;21;0.0
KENAI;202502121130;24.3;49.8;822.3;3.4;7.3;10;0.0
KENAI;202502121140;25.0;48.6;822.1;4.0;7.5;343;0.0
KENAI;202502121150;25.6;49.6;822.1;4.8;7.8;9;0.0
