244
VRXZ07 LSSW 032118
Station/Location;Date;tre200s0;uor200s0;prestas0;fkl010z0;fkl010z1;dkl010z0;rre150z0
KENAI;202504031920;19.6;84.7;824.6;2.1;5.2;78;0.0
KENAI;202504031930;19.6;85.4;824.6;3.0;4.2;72;0.0
KENAI;202504031940;19.5;85.8;824.6;1.3;3.9;64;0.0
KENAI;202504031950;19.4;86.5;824.8;0.5;5.9;12;0.0
KENAI;202504032000;19.4;86.5;824.9;2.7;3.7;49;0.2
KENAI;202504032010;19.1;89.2;824.9;1.6;2.8;69;1.5
KENAI;202504032020;18.2;91.4;824.8;2.0;4.4;63;0.0
KENAI;202504032030;18.1;93.9;824.8;1.5;3.2;93;0.0
KENAI;202504032040;18.1;94.2;824.8;1.5;3.9;80;0.0
KENAI;202504032050;18.0;94.0;824.8;3.0;5.8;64;0.0
KENAI;202504032100;18.0;94.0;824.7;2.3;4.9;42;0.0
KENAI;202504032110;17.8;94.5;824.7;0.9;4.1;101;0.0
