638
VRXZ07 LSSW 161748
Station/Location;Date;tre200s0;uor200s0;prestas0;fkl010z0;fkl010z1;dkl010z0;rre150z0
KENAI;202503161550;24.7;-;822.2;1.0;6.2;-;0.0
KENAI;202503161600;24.7;45.7;822.3;1.5;4.6;38;0.0
KENAI;202503161610;24.3;46.5;822.4;1.5;3.5;56;0.0
KENAI;202503161620;24.2;47.3;822.6;0.4;3.1;346;0.0
KENAI;202503161630;24.3;46.0;822.7;1.1;2.5;57;0.0
KENAI;202503161640;24.0;51.2;823.2;2.3;7.1;60;0.0
KENAI;202503161650;23.5;53.3;823.4;2.1;4.8;58;0.0
KENAI;202503161700;-;-;-;-;4.9;-;-
KENAI;202503161710;23.1;54.0;823.6;2.5;3.8;32;0.0
KENAI;202503161720;22.9;55.0;823.8;1.9;4.7;56;0.0
KENAI;202503161730;22.8;56.4;823.9;2.9;4.9;35;0.0
KENAI;202503161740;22.5;57.8;823.9;2.0;4.7;24;0.0
