127
VRXZ07 LSSW 131348
Station/Location;Date;tre200s0;uor200s0;prestas0;fkl010z0;fkl010z1;dkl010z0;rre150z0
KENAI;202502131150;24.5;49.3;822.4;5.6;9.1;79;0.0
KENAI;202502131200;24.7;50.2;822.4;3.9;5.8;26;0.0
KENAI;202502131210;24.5;49.4;822.3;0.8;8.2;42;0.0
KENAI;202502131220;24.7;47.6;822.3;4.1;6.2;41;0.0
KENAI;202502131230;24.9;49.9;822.1;1.3;7.7;46;0.0
KENAI;202502131240;24.7;48.5;822.1;1.4;7.6;91;0.0
KENAI;202502131250;25.0;47.1;822.0;2.4;5.8;32;0.0
KENAI;202502131300;24.2;50.0;821.9;1.2;6.2;48;0.0
KENAI;202502131310;24.5;48.5;821.9;3.6;6.7;45;0.0
KENAI;202502131320;24.4;49.0;821.8;3.4;6.4;44;0.0
KENAI;202502131330;24.6;49.8;821.7;3.2;6.9;65;0.0
KENAI;202502131340;24.3;49.7;821.7;2.2;8.0;46;0.0
