593
VRXZ07 LSSW 290118
Station/Location;Date;tre200s0;uor200s0;prestas0;fkl010z0;fkl010z1;dkl010z0;rre150z0
KENAI;202504282320;18.2;87.6;822.0;2.0;2.9;78;0.0
KENAI;202504282330;18.1;88.6;821.9;1.2;2.6;92;0.0
KENAI;202504282340;18.0;88.9;821.9;0.8;2.3;110;0.0
KENAI;202504282350;17.9;89.6;821.7;0.6;2.0;117;0.0
KENAI;202504290000;17.9;89.6;821.7;1.0;2.6;102;0.0
KENAI;202504290010;17.8;89.4;821.6;1.5;3.6;73;0.0
KENAI;202504290020;-;89.7;821.6;1.0;3.3;91;0.0
KENAI;202504290030;-;90.0;821.7;0.9;2.4;131;0.0
KENAI;202504290040;17.8;90.1;821.9;1.4;2.0;105;0.0
KENAI;202504290050;17.7;90.6;821.9;1.4;2.1;115;0.0
KENAI;202504290100;-;91.7;821.9;1.3;1.6;98;0.0
KENAI;202504290110;-;92.5;821.8;0.6;2.1;126;0.0
