551
VRXZ07 LSSW 040758
Station/Location;Date;tre200s0;uor200s0;prestas0;fkl010z0;fkl010z1;dkl010z0;rre150z0
KENAI;202412040600;19.8;66.3;824.5;4.3;5.8;26;0.0
KENAI;202412040610;20.0;67.1;824.3;3.7;6.2;38;0.0
KENAI;202412040620;20.0;-;824.3;3.4;6.9;-;0.0
KENAI;202412040630;19.9;-;824.4;3.3;7.4;-;0.0
KENAI;202412040640;20.1;65.8;824.5;3.1;5.4;12;0.0
KENAI;202412040650;21.0;64.3;824.5;2.8;6.4;82;0.0
KENAI;202412040700;20.5;63.6;824.5;2.0;6.1;51;0.0
KENAI;202412040710;21.3;62.9;824.5;3.5;5.5;53;0.0
KENAI;202412040720;21.4;59.9;824.5;3.9;6.5;25;0.0
KENAI;202412040730;21.6;61.3;824.5;3.0;5.5;32;0.0
KENAI;202412040740;21.4;60.3;824.2;1.9;6.3;111;0.0
KENAI;202412040750;22.0;57.9;824.2;3.3;8.8;63;0.0
