496
VRXZ07 LSSW 270848
Station/Location;Date;tre200s0;uor200s0;prestas0;fkl010z0;fkl010z1;dkl010z0;rre150z0
KENAI;202507270650;-;85.0;828.7;1.3;2.2;130;0.0
KENAI;202507270700;13.6;83.7;828.8;0.0;0.9;0;0.0
KENAI;202507270710;-;83.0;828.8;0.6;2.6;210;0.0
KENAI;202507270720;-;81.4;828.9;0.7;1.9;82;0.0
KENAI;202507270730;14.2;80.2;828.8;1.2;2.3;64;0.0
KENAI;202507270740;-;79.0;828.8;0.4;1.6;158;0.0
KENAI;202507270750;15.6;77.1;828.7;0.5;2.3;260;0.0
KENAI;202507270800;-;74.9;828.7;1.1;3.6;44;0.0
KENAI;202507270810;-;77.6;828.7;2.5;4.0;220;0.0
KENAI;202507270820;-;73.7;828.6;0.8;4.3;140;0.0
KENAI;202507270830;16.2;71.7;828.6;0.5;3.6;128;0.0
KENAI;202507270840;16.1;72.1;828.5;1.0;3.5;134;0.0
