416
VRXZ07 LSSW 020758
Station/Location;Date;tre200s0;uor200s0;prestas0;fkl010z0;fkl010z1;dkl010z0;rre150z0
KENAI;202504020600;19.9;-;824.3;2.1;3.9;-;0.0
KENAI;202504020610;20.0;74.8;824.3;3.0;4.0;17;0.0
KENAI;202504020620;21.2;70.9;824.3;1.3;4.8;77;0.0
KENAI;202504020630;21.1;74.2;824.4;1.7;4.0;61;0.0
KENAI;202504020640;21.4;69.5;824.4;2.5;4.1;80;0.0
KENAI;202504020650;21.9;67.5;824.5;3.3;5.0;60;0.0
KENAI;202504020700;21.2;69.1;824.5;1.3;4.1;354;0.0
KENAI;202504020710;21.0;71.4;824.4;1.9;4.9;347;0.0
KENAI;202504020720;22.1;66.4;824.4;1.4;3.9;39;0.0
KENAI;202504020730;22.4;65.1;824.5;2.3;4.4;6;0.0
KENAI;202504020740;23.0;63.6;824.5;1.3;5.0;49;0.0
KENAI;202504020750;-;-;-;-;4.7;-;-
