968
VRXZ07 LSSW 191118
Station/Location;Date;tre200s0;uor200s0;prestas0;fkl010z0;fkl010z1;dkl010z0;rre150z0
KENAI;202505190920;21.9;67.5;824.8;1.7;5.0;157;0.0
KENAI;202505190930;22.9;63.6;824.6;2.6;5.1;100;0.0
KENAI;202505190940;22.8;68.2;824.4;0.7;4.8;253;0.0
KENAI;202505190950;23.0;65.5;824.3;2.5;3.9;108;0.0
KENAI;202505191000;23.1;63.0;824.2;1.0;4.1;206;0.0
KENAI;202505191010;22.7;64.9;823.9;1.3;4.0;181;0.0
KENAI;202505191020;23.0;62.6;823.7;1.2;4.3;175;0.0
KENAI;202505191030;-;62.9;823.7;0.9;4.5;93;0.0
KENAI;202505191040;-;60.3;823.5;1.1;4.4;83;0.0
KENAI;202505191050;23.3;60.2;823.3;1.4;4.0;124;0.0
KENAI;202505191100;22.5;64.3;823.3;4.2;5.7;152;0.1
KENAI;202505191110;22.4;71.8;823.2;1.1;3.6;54;0.0
