688
VRXZ07 LSSW 301038
Station/Location;Date;tre200s0;uor200s0;prestas0;fkl010z0;fkl010z1;dkl010z0;rre150z0
KENAI;202411300840;23.1;64.9;825.4;2.6;4.8;90;0.0
KENAI;202411300850;23.5;62.6;825.2;0.9;4.3;309;0.0
KENAI;202411300900;23.7;60.5;824.9;0.8;6.0;347;0.0
KENAI;202411300910;24.0;62.7;824.8;2.5;5.1;75;0.0
KENAI;202411300920;23.9;60.8;824.4;3.0;5.9;103;0.0
KENAI;202411300930;24.0;59.5;824.3;2.6;4.1;30;0.0
KENAI;202411300940;24.2;60.4;824.2;0.9;3.7;81;0.0
KENAI;202411300950;24.7;55.9;823.9;1.8;4.1;80;0.0
KENAI;202411301000;23.6;60.8;823.8;1.8;4.8;6;0.0
KENAI;202411301010;23.6;58.2;823.6;2.8;4.4;57;0.0
KENAI;202411301020;24.8;54.3;823.4;1.5;3.7;92;0.0
KENAI;202411301030;24.9;56.7;823.2;3.3;5.7;52;0.0
