441
VRXZ07 LSSW 272348
Station/Location;Date;tre200s0;uor200s0;prestas0;fkl010z0;fkl010z1;dkl010z0;rre150z0
KENAI;202504272150;16.9;91.3;823.7;1.0;2.5;174;0.0
KENAI;202504272200;16.6;90.8;823.7;0.9;3.3;153;0.0
KENAI;202504272210;-;91.4;823.7;0.0;1.7;0;0.0
KENAI;202504272220;16.3;91.6;823.7;0.7;1.5;194;0.0
KENAI;202504272230;-;91.4;823.5;0.6;1.4;183;0.0
KENAI;202504272240;-;91.6;823.4;0.5;1.1;298;0.0
KENAI;202504272250;-;92.0;823.3;0.0;0.9;0;0.0
KENAI;202504272300;15.8;92.1;823.1;0.0;0.5;0;0.0
KENAI;202504272310;-;92.1;823.0;0.0;0.7;0;0.0
KENAI;202504272320;-;93.2;822.9;0.0;0.5;0;0.0
KENAI;202504272330;-;93.2;823.0;0.0;0.6;0;0.0
KENAI;202504272340;-;93.4;822.8;0.0;0.7;0;0.0
