902
VRXZ07 LSSW 030338
Station/Location;Date;tre200s0;uor200s0;prestas0;fkl010z0;fkl010z1;dkl010z0;rre150z0
KENAI;202504030140;17.0;97.1;823.5;1.4;2.6;61;0.0
KENAI;202504030150;16.9;96.9;823.5;1.3;2.4;50;0.0
KENAI;202504030200;16.9;96.7;823.6;0.8;2.8;38;0.0
KENAI;202504030210;16.9;96.8;823.6;0.9;1.9;59;0.0
KENAI;202504030220;16.8;96.9;823.6;0.7;1.8;88;0.0
KENAI;202504030230;16.8;97.1;823.8;0.5;0.9;72;0.0
KENAI;202504030240;16.8;97.2;823.7;1.2;2.2;71;0.0
KENAI;202504030250;16.8;96.9;823.9;0.9;2.3;102;0.0
KENAI;202504030300;16.7;96.6;824.0;0.8;2.0;38;0.0
KENAI;202504030310;16.6;96.6;824.0;0.8;3.0;85;0.0
KENAI;202504030320;16.6;96.6;823.9;0.6;2.5;52;0.0
KENAI;202504030330;16.6;96.8;824.2;0.6;2.6;83;0.0
