258
VRXZ07 LSSW 171508
Station/Location;Date;tre200s0;uor200s0;prestas0;fkl010z0;fkl010z1;dkl010z0;rre150z0
KENAI;202503171310;27.0;45.2;821.4;3.0;5.3;9;0.0
KENAI;202503171320;-;-;-;-;4.4;-;-
KENAI;202503171330;-;-;-;-;4.7;-;-
KENAI;202503171340;26.4;41.1;821.2;1.0;5.8;73;0.0
KENAI;202503171350;26.5;43.2;821.2;2.2;5.0;29;0.0
KENAI;202503171400;26.5;42.1;821.1;1.2;4.3;57;0.0
KENAI;202503171410;26.4;43.5;821.3;1.7;5.0;45;0.0
KENAI;202503171420;26.4;42.4;821.3;1.1;4.4;34;0.0
KENAI;202503171430;26.3;42.3;821.4;2.4;4.5;60;0.0
KENAI;202503171440;25.8;42.9;821.4;1.7;4.9;352;0.0
KENAI;202503171450;25.7;47.5;821.3;1.2;4.8;21;0.0
KENAI;202503171500;25.2;52.6;821.4;4.1;7.0;54;0.0
