246
VRXZ07 LSSW 180048
Station/Location;Date;tre200s0;uor200s0;prestas0;fkl010z0;fkl010z1;dkl010z0;rre150z0
KENAI;202507172250;-;84.2;826.9;0.5;1.6;143;0.0
KENAI;202507172300;-;85.5;826.9;0.5;0.9;95;0.0
KENAI;202507172310;-;86.3;826.8;0.5;1.4;144;0.0
KENAI;202507172320;-;87.1;826.9;0.6;0.7;230;0.0
KENAI;202507172330;-;87.5;826.9;0.0;0.6;0;0.0
KENAI;202507172340;-;88.7;826.9;0.6;0.9;221;0.0
KENAI;202507172350;-;88.5;826.9;0.7;0.9;199;0.0
KENAI;202507180000;-;88.0;827.0;0.0;1.2;0;0.0
KENAI;202507180010;14.2;88.4;827.0;0.5;1.6;181;0.0
KENAI;202507180020;-;88.7;826.9;0.9;2.3;180;0.0
KENAI;202507180030;-;89.1;826.9;0.8;2.4;162;0.0
KENAI;202507180040;-;89.6;826.9;1.1;2.4;176;0.0
