894
VRXZ07 LSSW 270318
Station/Location;Date;tre200s0;uor200s0;prestas0;fkl010z0;fkl010z1;dkl010z0;rre150z0
KENAI;202506270120;-;92.6;824.6;0.0;1.0;0;0.0
KENAI;202506270130;-;92.2;824.7;0.4;1.2;174;0.0
KENAI;202506270140;-;92.7;824.8;0.5;1.2;172;0.0
KENAI;202506270150;-;92.8;824.8;0.4;1.3;180;0.0
KENAI;202506270200;-;92.3;824.9;0.4;2.5;196;0.0
KENAI;202506270210;-;92.4;825.0;0.7;1.5;148;0.0
KENAI;202506270220;-;91.9;824.8;0.4;1.4;209;0.0
KENAI;202506270230;-;91.7;825.0;0.4;1.1;186;0.0
KENAI;202506270240;-;91.5;825.1;0.0;0.7;0;0.0
KENAI;202506270250;-;91.3;825.2;0.0;0.7;0;0.0
KENAI;202506270300;-;91.4;825.3;0.5;0.9;155;0.0
KENAI;202506270310;-;91.1;825.2;0.4;0.7;263;0.0
