812
VRXZ07 LSSW 061758
Station/Location;Date;tre200s0;uor200s0;prestas0;fkl010z0;fkl010z1;dkl010z0;rre150z0
KENAI;202508061600;20.4;60.0;823.4;2.3;4.7;47;0.0
KENAI;202508061610;20.3;60.4;823.5;2.2;4.6;359;0.0
KENAI;202508061620;-;61.3;823.6;2.1;4.0;14;0.0
KENAI;202508061630;19.9;62.1;823.7;2.0;4.1;29;0.0
KENAI;202508061640;-;63.0;823.8;1.5;3.5;58;0.0
KENAI;202508061650;-;63.5;823.8;0.6;2.6;2;0.0
KENAI;202508061700;-;63.1;823.9;1.3;4.4;29;0.0
KENAI;202508061710;19.6;63.6;824.0;0.8;2.6;87;0.0
KENAI;202508061720;-;63.3;824.1;2.1;3.8;70;0.0
KENAI;202508061730;-;61.7;824.1;1.3;3.6;62;0.0
KENAI;202508061740;-;61.3;824.0;1.7;3.5;13;0.0
KENAI;202508061750;-;62.2;824.3;1.6;3.0;5;0.0
