469
VRXZ07 LSSW 110158
Station/Location;Date;tre200s0;uor200s0;prestas0;fkl010z0;fkl010z1;dkl010z0;rre150z0
KENAI;202507110000;-;90.6;825.9;1.1;2.4;131;0.0
KENAI;202507110010;-;90.4;825.8;0.5;2.1;134;0.0
KENAI;202507110020;-;90.7;825.8;1.5;2.8;130;0.0
KENAI;202507110030;13.6;89.8;825.9;1.1;3.6;114;0.0
KENAI;202507110040;-;88.0;825.9;0.0;2.6;0;0.0
KENAI;202507110050;-;86.9;826.0;1.0;2.6;126;0.0
KENAI;202507110100;-;86.7;825.9;0.4;2.1;116;0.0
KENAI;202507110110;-;87.4;826.0;0.5;1.9;89;0.0
KENAI;202507110120;-;85.7;826.0;1.0;2.0;128;0.0
KENAI;202507110130;-;85.5;826.0;0.0;0.8;0;0.0
KENAI;202507110140;-;86.3;826.0;0.5;0.8;235;0.0
KENAI;202507110150;-;84.9;826.2;0.3;0.9;279;0.0
