607
VRXZ07 LSSW 290818
Station/Location;Date;tre200s0;uor200s0;prestas0;fkl010z0;fkl010z1;dkl010z0;rre150z0
KENAI;202504290620;21.3;71.8;823.4;1.0;1.9;110;0.0
KENAI;202504290630;21.6;69.8;823.4;1.5;3.0;49;0.0
KENAI;202504290640;22.0;63.4;823.5;1.7;3.1;39;0.0
KENAI;202504290650;22.4;61.3;823.7;1.8;3.8;48;0.0
KENAI;202504290700;22.3;59.6;823.4;0.5;2.8;265;0.0
KENAI;202504290710;23.3;62.2;823.4;1.3;3.9;22;0.0
KENAI;202504290720;22.9;59.4;823.5;1.8;3.3;125;0.0
KENAI;202504290730;23.2;60.7;823.5;2.5;4.0;43;0.0
KENAI;202504290740;23.1;58.8;823.4;1.3;2.8;194;0.0
KENAI;202504290750;-;59.0;823.4;0.8;3.7;261;0.0
KENAI;202504290800;23.8;57.4;823.3;1.6;2.8;82;0.0
KENAI;202504290810;-;59.7;823.3;1.4;4.2;119;0.0
