438
VRXZ07 LSSW 012028
Station/Location;Date;tre200s0;uor200s0;prestas0;fkl010z0;fkl010z1;dkl010z0;rre150z0
KENAI;202503011830;22.3;45.5;823.5;1.9;5.6;21;0.0
KENAI;202503011840;22.0;46.4;823.8;1.5;5.3;13;0.0
KENAI;202503011850;21.8;47.1;823.9;1.3;3.7;52;0.0
KENAI;202503011900;21.7;47.4;824.0;1.5;5.7;50;0.0
KENAI;202503011910;21.4;48.9;824.0;0.7;4.7;35;0.0
KENAI;202503011920;21.5;49.0;824.1;1.5;4.7;47;0.0
KENAI;202503011930;21.4;50.6;824.2;2.4;4.6;51;0.0
KENAI;202503011940;21.2;52.1;824.1;1.3;4.3;29;0.0
KENAI;202503011950;21.0;54.5;824.1;1.3;4.0;58;0.0
KENAI;202503012000;20.9;56.6;824.1;2.3;4.1;27;0.0
KENAI;202503012010;20.6;57.7;824.2;2.0;3.1;56;0.0
KENAI;202503012020;20.6;59.2;824.0;1.0;4.5;32;0.0
