456
VRXZ07 LSSW 160338
Station/Location;Date;tre200s0;uor200s0;prestas0;fkl010z0;fkl010z1;dkl010z0;rre150z0
KENAI;202504160140;15.8;91.6;823.9;0.9;1.9;10;0.0
KENAI;202504160150;16.0;91.3;824.0;0.4;2.7;12;0.0
KENAI;202504160200;16.0;90.6;823.9;1.0;2.6;15;0.0
KENAI;202504160210;16.0;91.2;823.9;0.7;2.2;338;0.0
KENAI;202504160220;16.0;91.3;824.1;1.3;1.6;306;0.0
KENAI;202504160230;15.8;91.2;824.1;0.0;1.8;0;0.0
KENAI;202504160240;15.7;92.4;824.1;0.5;2.0;359;0.0
KENAI;202504160250;15.6;92.6;824.0;1.2;1.9;31;0.0
KENAI;202504160300;15.5;92.9;824.0;0.8;1.7;29;0.0
KENAI;202504160310;15.6;92.3;824.3;0.5;1.6;305;0.0
KENAI;202504160320;15.5;92.7;824.4;0.5;1.3;345;0.0
KENAI;202504160330;15.4;92.8;824.6;0.4;1.0;315;0.0
