064
VRXZ07 LSSW 090818
Station/Location;Date;tre200s0;uor200s0;prestas0;fkl010z0;fkl010z1;dkl010z0;rre150z0
KENAI;202506090620;19.7;71.7;828.1;1.6;2.7;73;0.0
KENAI;202506090630;18.8;72.5;828.1;0.7;3.0;202;0.0
KENAI;202506090640;-;70.7;828.1;1.7;4.1;182;0.0
KENAI;202506090650;-;72.9;828.1;1.0;2.9;70;0.0
KENAI;202506090700;-;70.9;828.2;2.5;4.2;150;0.0
KENAI;202506090710;18.7;71.5;828.2;0.9;3.9;172;0.0
KENAI;202506090720;-;69.1;828.2;2.1;4.7;103;0.0
KENAI;202506090730;19.2;70.0;828.3;2.3;4.9;129;0.0
KENAI;202506090740;-;71.2;828.3;1.9;5.1;154;0.0
KENAI;202506090750;-;67.8;828.4;2.4;6.8;86;0.0
KENAI;202506090800;-;70.0;828.4;2.2;5.3;123;0.0
KENAI;202506090810;19.6;69.3;828.3;3.2;7.6;120;0.0
