542
VRXZ07 LSSW 172328
Station/Location;Date;tre200s0;uor200s0;prestas0;fkl010z0;fkl010z1;dkl010z0;rre150z0
KENAI;202411172130;17.5;80.4;823.7;0.9;1.7;64;0.0
KENAI;202411172140;17.6;79.9;823.6;1.0;2.8;32;0.0
KENAI;202411172150;17.4;78.9;823.7;0.8;2.3;37;0.0
KENAI;202411172200;17.4;79.0;823.7;0.5;3.1;24;0.0
KENAI;202411172210;17.5;78.3;823.5;0.7;1.9;16;0.0
KENAI;202411172220;17.3;79.2;823.4;0.6;1.6;3;0.0
KENAI;202411172230;17.2;80.0;823.5;1.0;2.1;5;0.0
KENAI;202411172240;17.0;80.6;823.4;1.2;1.6;51;0.0
KENAI;202411172250;17.0;80.9;823.2;0.5;2.0;24;0.0
KENAI;202411172300;16.8;81.6;823.1;1.3;1.8;58;0.0
KENAI;202411172310;16.7;82.3;822.9;0.9;2.1;31;0.0
KENAI;202411172320;16.6;82.8;822.9;0.5;2.0;11;0.0
