478
VRXZ07 LSSW 161238
Station/Location;Date;tre200s0;uor200s0;prestas0;fkl010z0;fkl010z1;dkl010z0;rre150z0
KENAI;202502161040;26.3;43.9;821.5;2.8;5.7;30;0.0
KENAI;202502161050;26.6;42.4;821.4;1.4;7.3;14;0.0
KENAI;202502161100;27.0;41.5;821.3;4.2;6.0;83;0.0
KENAI;202502161110;27.2;40.7;821.1;3.6;6.8;24;0.0
KENAI;202502161120;27.1;42.4;821.0;3.5;6.9;18;0.0
KENAI;202502161130;26.7;41.6;820.8;2.4;8.2;81;0.0
KENAI;202502161140;27.2;40.8;820.7;4.2;7.2;21;0.0
KENAI;202502161150;27.4;38.5;820.7;3.8;6.9;88;0.0
KENAI;202502161200;27.1;39.0;820.6;4.3;8.1;79;0.0
KENAI;202502161210;27.1;39.3;820.5;2.6;6.9;80;0.0
KENAI;202502161220;27.6;37.1;820.4;3.0;6.5;340;0.0
KENAI;202502161230;27.5;38.8;820.2;4.1;5.5;25;0.0
