888
VRXZ07 LSSW 121038
Station/Location;Date;tre200s0;uor200s0;prestas0;fkl010z0;fkl010z1;dkl010z0;rre150z0
KENAI;202505120840;23.1;68.4;826.2;1.3;2.8;184;0.0
KENAI;202505120850;23.2;67.0;826.0;2.5;4.0;286;0.0
KENAI;202505120900;23.3;69.9;826.0;1.1;3.6;172;0.0
KENAI;202505120910;23.7;63.2;825.8;0.0;3.4;0;0.0
KENAI;202505120920;23.9;60.0;825.6;0.8;5.0;116;0.0
KENAI;202505120930;24.0;64.1;825.6;1.2;4.9;172;0.0
KENAI;202505120940;24.4;63.8;825.4;1.7;3.8;262;0.0
KENAI;202505120950;-;66.4;825.3;1.2;3.5;205;0.0
KENAI;202505121000;23.3;66.0;825.3;1.1;3.5;173;0.0
KENAI;202505121010;23.0;65.9;825.1;2.1;2.8;181;0.0
KENAI;202505121020;22.9;69.9;825.1;0.7;3.8;189;0.0
KENAI;202505121030;22.5;68.5;824.9;1.7;3.9;177;0.1
