808
VRXZ07 LSSW 051258
Station/Location;Date;tre200s0;uor200s0;prestas0;fkl010z0;fkl010z1;dkl010z0;rre150z0
KENAI;202507051100;-;94.3;826.3;0.4;2.6;119;0.0
KENAI;202507051110;-;93.0;826.0;1.1;2.8;168;0.0
KENAI;202507051120;-;91.0;825.8;0.6;2.1;129;0.0
KENAI;202507051130;-;88.3;825.6;1.0;2.8;176;0.0
KENAI;202507051140;-;80.1;825.5;1.1;3.0;99;0.0
KENAI;202507051150;-;79.4;825.4;1.4;3.1;155;0.0
KENAI;202507051200;-;79.0;825.1;1.0;3.4;259;0.0
KENAI;202507051210;-;77.8;825.2;2.7;3.7;147;0.0
KENAI;202507051220;-;79.5;825.2;2.6;4.5;172;0.0
KENAI;202507051230;-;77.9;825.2;0.8;3.3;124;0.0
KENAI;202507051240;-;77.4;825.1;1.1;3.0;165;0.0
KENAI;202507051250;-;76.5;825.0;1.1;2.2;128;0.0
