509
VRXZ07 LSSW 231418
Station/Location;Date;tre200s0;uor200s0;prestas0;fkl010z0;fkl010z1;dkl010z0;rre150z0
KENAI;202504231220;21.1;73.3;822.1;2.1;5.9;44;0.0
KENAI;202504231230;20.7;73.0;821.9;3.7;6.8;59;0.0
KENAI;202504231240;20.2;75.1;821.7;2.8;6.2;46;0.0
KENAI;202504231250;21.3;71.9;821.8;4.5;7.7;63;0.0
KENAI;202504231300;20.9;73.1;821.7;2.3;6.7;15;0.0
KENAI;202504231310;20.7;74.3;821.8;1.6;5.1;58;0.0
KENAI;202504231320;20.6;72.3;821.9;3.2;7.0;89;0.0
KENAI;202504231330;20.4;-;822.0;2.9;5.1;-;0.0
KENAI;202504231340;20.2;73.5;822.0;2.3;6.4;79;0.0
KENAI;202504231350;20.1;73.9;822.1;2.2;5.3;60;0.0
KENAI;202504231400;20.1;75.3;822.3;1.4;4.8;56;0.0
KENAI;202504231410;20.0;73.5;822.4;2.2;5.2;63;0.0
