667
VRXZ07 LSSW 261108
Station/Location;Date;tre200s0;uor200s0;prestas0;fkl010z0;fkl010z1;dkl010z0;rre150z0
KENAI;202506260910;-;95.4;827.0;1.1;3.7;113;0.0
KENAI;202506260920;-;93.8;826.9;1.7;2.8;118;0.0
KENAI;202506260930;-;94.1;826.8;2.7;3.7;174;0.0
KENAI;202506260940;-;90.0;826.6;1.7;4.0;123;0.0
KENAI;202506260950;-;87.3;826.4;0.8;4.0;90;0.0
KENAI;202506261000;-;86.0;826.3;1.9;3.0;152;0.0
KENAI;202506261010;17.8;83.3;826.2;1.4;3.5;151;0.0
KENAI;202506261020;-;78.4;826.0;0.0;3.6;0;0.0
KENAI;202506261030;-;70.3;825.8;1.3;4.9;111;0.0
KENAI;202506261040;20.3;73.0;825.7;2.5;5.4;121;0.0
KENAI;202506261050;-;69.3;825.6;0.8;4.4;57;0.0
KENAI;202506261100;-;70.5;825.5;2.1;3.8;173;0.0
