265
VRXZ07 LSSW 081408
Station/Location;Date;tre200s0;uor200s0;prestas0;fkl010z0;fkl010z1;dkl010z0;rre150z0
KENAI;202506081210;-;59.2;825.7;1.3;4.7;116;0.0
KENAI;202506081220;-;59.1;825.7;1.5;3.2;52;0.0
KENAI;202506081230;21.8;56.4;825.6;1.0;2.5;56;0.0
KENAI;202506081240;-;56.6;825.6;1.6;2.3;3;0.0
KENAI;202506081250;23.3;54.5;825.5;0.6;2.1;130;0.0
KENAI;202506081300;22.7;53.9;825.4;1.0;3.8;72;0.0
KENAI;202506081310;-;55.9;825.4;0.4;3.0;114;0.0
KENAI;202506081320;-;56.5;825.3;1.0;3.2;55;0.0
KENAI;202506081330;22.0;57.8;825.4;3.3;4.6;158;0.0
KENAI;202506081340;-;58.2;825.4;3.6;5.2;163;0.0
KENAI;202506081350;-;56.8;825.3;1.7;4.5;137;0.0
KENAI;202506081400;-;56.7;825.4;0.6;2.5;145;0.0
