586
VRXZ07 LSSW 160938
Station/Location;Date;tre200s0;uor200s0;prestas0;fkl010z0;fkl010z1;dkl010z0;rre150z0
KENAI;202411160740;15.1;96.8;824.8;4.6;5.9;69;1.3
KENAI;202411160750;14.9;97.4;824.8;2.4;6.7;102;4.9
KENAI;202411160800;15.0;98.0;824.8;3.0;4.4;91;2.5
KENAI;202411160810;15.1;98.3;824.6;1.7;5.1;43;2.2
KENAI;202411160820;15.1;98.4;824.7;2.6;4.3;22;2.0
KENAI;202411160830;15.2;98.6;824.5;1.8;4.5;72;2.3
KENAI;202411160840;15.3;98.7;824.5;2.0;4.8;74;2.0
KENAI;202411160850;15.4;98.8;824.5;4.6;6.8;101;2.6
KENAI;202411160900;15.1;98.7;824.5;3.3;6.1;72;2.1
KENAI;202411160910;15.0;98.9;824.3;2.9;5.6;57;1.7
KENAI;202411160920;14.9;98.8;824.0;2.5;5.4;97;0.5
KENAI;202411160930;15.1;98.9;824.0;3.0;6.2;90;0.1
