663
VRXZ07 LSSW 080038
Station/Location;Date;tre200s0;uor200s0;prestas0;fkl010z0;fkl010z1;dkl010z0;rre150z0
KENAI;202503072240;20.2;71.5;822.5;1.1;5.9;63;0.0
KENAI;202503072250;20.0;71.5;822.5;1.6;6.0;65;0.0
KENAI;202503072300;20.0;71.9;822.4;2.8;5.3;37;0.0
KENAI;202503072310;20.1;71.5;822.3;2.7;6.2;44;0.0
KENAI;202503072320;20.0;71.9;822.1;2.3;5.0;54;0.0
KENAI;202503072330;19.9;72.4;822.3;1.4;4.7;25;0.0
KENAI;202503072340;19.9;72.5;822.2;0.8;5.1;50;0.0
KENAI;202503072350;19.8;71.6;822.1;2.3;6.1;22;0.0
KENAI;202503080000;19.8;71.8;822.0;1.6;5.4;25;0.0
KENAI;202503080010;19.6;72.9;821.9;1.6;3.6;12;0.0
KENAI;202503080020;19.3;74.0;821.9;2.5;6.1;24;0.0
KENAI;202503080030;19.2;74.3;821.7;2.0;4.2;54;0.0
