246
VRXZ07 LSSW 160928
Station/Location;Date;tre200s0;uor200s0;prestas0;fkl010z0;fkl010z1;dkl010z0;rre150z0
KENAI;202507160730;-;71.3;827.5;1.6;2.2;130;0.0
KENAI;202507160740;-;71.5;827.4;1.1;1.7;155;0.0
KENAI;202507160750;-;73.2;827.4;1.6;2.5;221;0.0
KENAI;202507160800;-;71.9;827.4;1.5;2.9;204;0.0
KENAI;202507160810;19.0;66.9;827.2;0.8;2.4;144;0.0
KENAI;202507160820;-;64.2;827.0;0.5;1.6;187;0.0
KENAI;202507160830;-;65.2;827.0;2.4;3.7;309;0.0
KENAI;202507160840;19.4;65.5;826.9;1.8;3.8;353;0.0
KENAI;202507160850;19.1;66.6;826.9;0.0;2.3;0;0.0
KENAI;202507160900;-;66.0;826.8;0.7;2.4;173;0.0
KENAI;202507160910;-;65.1;826.7;0.0;2.4;0;0.0
KENAI;202507160920;-;66.9;826.6;0.4;1.5;168;0.0
