125
VRXZ07 LSSW 150308
Station/Location;Date;tre200s0;uor200s0;prestas0;fkl010z0;fkl010z1;dkl010z0;rre150z0
KENAI;202507150110;-;89.6;826.1;0.6;0.9;102;0.0
KENAI;202507150120;-;89.8;826.1;0.4;0.9;118;0.0
KENAI;202507150130;-;89.7;826.1;0.0;1.3;0;0.0
KENAI;202507150140;-;90.2;826.2;0.5;1.5;231;0.0
KENAI;202507150150;-;89.6;826.3;0.0;1.0;0;0.0
KENAI;202507150200;-;89.5;826.4;0.4;1.0;166;0.0
KENAI;202507150210;-;89.5;826.4;0.5;1.0;183;0.0
KENAI;202507150220;-;89.6;826.5;0.6;1.2;132;0.0
KENAI;202507150230;-;89.4;826.6;0.3;0.7;274;0.0
KENAI;202507150240;14.0;88.7;826.7;0.4;1.5;218;0.0
KENAI;202507150250;-;89.0;826.8;0.8;1.0;194;0.0
KENAI;202507150300;-;89.5;826.8;0.6;1.0;122;0.0
