698
VRXZ07 LSSW 111038
Station/Location;Date;tre200s0;uor200s0;prestas0;fkl010z0;fkl010z1;dkl010z0;rre150z0
KENAI;202505110840;-;64.6;826.4;1.4;3.3;139;0.0
KENAI;202505110850;23.7;64.3;826.4;0.8;3.0;354;0.0
KENAI;202505110900;24.0;68.4;826.2;0.4;2.7;128;0.0
KENAI;202505110910;23.5;61.8;826.1;1.1;4.1;134;0.0
KENAI;202505110920;-;63.5;825.8;3.0;3.9;114;0.0
KENAI;202505110930;23.2;62.4;825.7;1.9;3.4;68;0.0
KENAI;202505110940;-;63.0;825.4;1.8;3.5;132;0.0
KENAI;202505110950;-;62.1;825.3;0.6;4.0;81;0.0
KENAI;202505111000;24.6;59.5;825.1;0.5;3.1;147;0.0
KENAI;202505111010;25.4;59.4;824.9;1.5;4.0;133;0.0
KENAI;202505111020;24.7;60.3;824.8;1.9;4.2;120;0.0
KENAI;202505111030;24.9;58.3;824.6;1.1;3.2;124;0.0
