473
VRXZ07 LSSW 090228
Station/Location;Date;tre200s0;uor200s0;prestas0;fkl010z0;fkl010z1;dkl010z0;rre150z0
KENAI;202412090030;16.6;85.0;823.8;1.3;2.8;28;0.0
KENAI;202412090040;16.6;85.1;823.8;0.9;2.7;9;0.0
KENAI;202412090050;16.6;85.4;823.8;1.1;2.5;23;0.0
KENAI;202412090100;16.6;85.3;823.8;1.4;3.8;24;0.0
KENAI;202412090110;16.7;85.7;823.9;0.9;3.2;10;0.0
KENAI;202412090120;16.7;85.8;823.9;2.2;3.3;45;0.0
KENAI;202412090130;16.7;86.3;823.9;1.4;5.1;356;0.0
KENAI;202412090140;16.8;86.4;824.0;1.5;3.7;45;0.0
KENAI;202412090150;16.8;86.5;824.2;2.9;5.6;16;0.0
KENAI;202412090200;16.8;87.1;824.3;0.4;3.5;18;0.0
KENAI;202412090210;16.7;87.1;824.3;0.9;3.9;18;0.0
KENAI;202412090220;16.6;87.8;824.4;0.6;3.7;47;0.0
