152
VRXZ07 LSSW 151128
Station/Location;Date;tre200s0;uor200s0;prestas0;fkl010z0;fkl010z1;dkl010z0;rre150z0
KENAI;202504150930;23.3;57.7;824.5;2.9;5.6;86;0.0
KENAI;202504150940;23.9;56.1;824.3;2.3;4.6;25;0.0
KENAI;202504150950;23.5;56.7;824.1;1.7;4.2;97;0.0
KENAI;202504151000;24.2;56.6;824.1;2.2;5.9;55;0.0
KENAI;202504151010;23.4;55.5;824.1;2.2;6.1;39;0.0
KENAI;202504151020;24.4;54.8;823.8;2.3;3.7;71;0.0
KENAI;202504151030;24.5;54.4;823.7;3.2;5.8;81;0.0
KENAI;202504151040;24.4;51.7;823.7;1.4;5.3;60;0.0
KENAI;202504151050;24.4;51.8;823.5;4.2;4.9;69;0.0
KENAI;202504151100;25.1;53.7;823.6;1.9;4.5;18;0.0
KENAI;202504151110;24.7;50.9;823.3;2.9;6.6;80;0.0
KENAI;202504151120;24.9;52.1;823.2;4.3;6.7;85;0.0
