394
VRXZ07 LSSW 020638
Station/Location;Date;tre200s0;uor200s0;prestas0;fkl010z0;fkl010z1;dkl010z0;rre150z0
KENAI;202503020440;18.1;75.3;824.2;1.9;3.0;32;0.0
KENAI;202503020450;18.3;75.5;824.3;1.8;4.2;65;0.0
KENAI;202503020500;18.5;76.3;824.5;1.3;4.2;43;0.0
KENAI;202503020510;18.9;74.6;824.4;3.1;4.1;64;0.0
KENAI;202503020520;19.1;74.3;824.5;1.2;3.7;25;0.0
KENAI;202503020530;19.5;73.5;824.6;2.5;3.8;39;0.0
KENAI;202503020540;19.9;72.0;824.8;2.0;3.6;40;0.0
KENAI;202503020550;20.5;70.6;824.9;2.6;3.9;13;0.0
KENAI;202503020600;20.8;69.9;825.0;0.4;3.7;60;0.0
KENAI;202503020610;21.1;67.2;825.1;1.4;4.8;82;0.0
KENAI;202503020620;21.2;68.6;825.1;0.9;4.1;50;0.0
KENAI;202503020630;21.6;65.7;825.3;2.5;5.8;329;0.0
