940
VRXZ07 LSSW 171118
Station/Location;Date;tre200s0;uor200s0;prestas0;fkl010z0;fkl010z1;dkl010z0;rre150z0
KENAI;202506170920;-;60.2;826.9;0.6;3.5;154;0.0
KENAI;202506170930;20.7;63.2;826.9;2.1;4.2;116;0.0
KENAI;202506170940;21.0;60.3;826.7;1.4;3.9;125;0.0
KENAI;202506170950;21.6;59.0;826.5;1.3;3.4;94;0.0
KENAI;202506171000;21.6;60.5;826.4;1.6;3.2;125;0.0
KENAI;202506171010;21.2;62.6;826.5;0.0;5.1;0;0.0
KENAI;202506171020;20.8;60.9;826.3;1.4;4.1;193;0.0
KENAI;202506171030;21.4;60.3;826.3;0.5;2.6;200;0.0
KENAI;202506171040;22.0;59.2;826.1;0.0;2.6;0;0.0
KENAI;202506171050;21.7;56.3;825.9;1.4;4.9;81;0.0
KENAI;202506171100;21.6;57.9;825.9;0.9;3.8;133;0.0
KENAI;202506171110;-;58.5;825.6;2.3;3.3;101;0.0
