998
VRXZ07 LSSW 301028
Station/Location;Date;tre200s0;uor200s0;prestas0;fkl010z0;fkl010z1;dkl010z0;rre150z0
KENAI;202503300830;22.0;70.0;824.2;1.6;4.9;71;0.0
KENAI;202503300840;22.4;68.8;824.1;2.5;5.0;91;0.0
KENAI;202503300850;22.8;66.6;824.0;2.7;4.2;50;0.0
KENAI;202503300900;22.7;66.3;823.8;2.4;5.6;81;0.0
KENAI;202503300910;23.0;65.0;823.6;1.6;4.3;97;0.0
KENAI;202503300920;22.4;65.8;823.7;2.4;4.6;54;0.0
KENAI;202503300930;22.8;69.0;823.5;2.0;4.2;32;0.0
KENAI;202503300940;23.5;62.0;823.6;2.5;5.1;64;0.0
KENAI;202503300950;23.0;62.8;823.4;2.6;5.4;5;0.0
KENAI;202503301000;24.1;60.8;823.2;2.8;6.1;34;0.0
KENAI;202503301010;23.7;61.8;823.0;1.8;6.3;50;0.0
KENAI;202503301020;24.1;61.6;822.8;2.7;6.1;46;0.0
