036
VRXZ07 LSSW 281258
Station/Location;Date;tre200s0;uor200s0;prestas0;fkl010z0;fkl010z1;dkl010z0;rre150z0
KENAI;202503281100;20.9;70.6;822.4;1.9;4.6;16;0.0
KENAI;202503281110;20.9;70.2;822.3;1.0;3.8;48;0.0
KENAI;202503281120;20.9;72.1;822.0;1.9;3.3;18;0.0
KENAI;202503281130;21.0;72.4;821.8;1.3;2.9;48;0.0
KENAI;202503281140;20.9;71.5;821.5;1.9;4.0;9;0.0
KENAI;202503281150;20.7;75.5;821.3;1.8;3.7;87;0.0
KENAI;202503281200;20.7;72.8;821.1;2.0;4.3;64;0.0
KENAI;202503281210;21.2;70.0;820.9;1.3;3.6;23;0.0
KENAI;202503281220;22.2;68.5;820.7;1.0;3.9;55;0.0
KENAI;202503281230;21.7;69.5;820.8;2.2;3.1;56;0.0
KENAI;202503281240;22.6;68.1;820.8;2.7;3.6;72;0.0
KENAI;202503281250;22.2;65.4;820.8;1.6;4.0;59;0.0
