070
VRXZ07 LSSW 021058
Station/Location;Date;tre200s0;uor200s0;prestas0;fkl010z0;fkl010z1;dkl010z0;rre150z0
KENAI;202507020900;-;65.9;827.3;1.3;2.8;275;0.0
KENAI;202507020910;-;66.3;827.1;0.9;2.2;243;0.0
KENAI;202507020920;19.0;65.7;826.9;0.7;3.4;187;0.0
KENAI;202507020930;-;64.8;826.8;1.7;2.7;50;0.0
KENAI;202507020940;-;65.1;826.8;0.8;3.3;114;0.0
KENAI;202507020950;-;63.2;826.7;1.5;2.4;68;0.0
KENAI;202507021000;-;64.0;826.6;2.1;2.6;44;0.0
KENAI;202507021010;-;63.1;826.5;1.3;3.1;345;0.0
KENAI;202507021020;-;63.4;826.4;0.7;2.6;358;0.0
KENAI;202507021030;-;60.2;826.3;0.4;2.2;304;0.0
KENAI;202507021040;-;60.6;826.2;1.4;4.5;95;0.0
KENAI;202507021050;21.6;59.5;826.1;1.7;3.2;27;0.0
