040
VRXZ07 LSSW 200358
Station/Location;Date;tre200s0;uor200s0;prestas0;fkl010z0;fkl010z1;dkl010z0;rre150z0
KENAI;202411200200;16.1;89.8;823.9;0.0;1.7;0;0.0
KENAI;202411200210;16.4;87.5;823.9;0.5;1.6;3;0.0
KENAI;202411200220;16.4;87.7;824.0;0.5;1.4;34;0.0
KENAI;202411200230;16.4;87.6;824.0;0.6;1.5;20;0.0
KENAI;202411200240;16.3;89.6;824.0;0.4;1.4;73;0.0
KENAI;202411200250;16.2;90.4;824.1;1.0;2.0;19;0.0
KENAI;202411200300;16.5;90.3;824.3;0.8;2.5;39;0.0
KENAI;202411200310;16.5;91.9;824.1;2.0;3.2;29;0.1
KENAI;202411200320;16.4;93.1;824.2;1.1;3.0;61;0.0
KENAI;202411200330;16.4;93.5;824.3;1.4;3.7;58;0.0
KENAI;202411200340;16.5;94.1;824.3;1.8;3.1;65;0.0
KENAI;202411200350;16.3;94.6;824.5;1.0;2.5;53;0.0
