477
VRXZ07 LSSW 191518
Station/Location;Date;tre200s0;uor200s0;prestas0;fkl010z0;fkl010z1;dkl010z0;rre150z0
KENAI;202411191320;26.1;45.7;821.1;1.7;4.6;81;0.0
KENAI;202411191330;25.5;46.1;820.9;1.9;6.0;96;0.0
KENAI;202411191340;25.8;47.0;821.0;3.7;5.6;43;0.0
KENAI;202411191350;25.7;47.7;821.0;4.1;5.1;63;0.0
KENAI;202411191400;25.3;49.3;821.1;2.6;4.8;24;0.0
KENAI;202411191410;24.4;51.5;821.1;3.3;5.1;66;0.0
KENAI;202411191420;24.2;51.6;821.0;2.2;5.4;86;0.0
KENAI;202411191430;23.9;54.1;821.2;4.1;4.9;40;0.0
KENAI;202411191440;24.2;54.3;821.1;2.7;5.8;89;0.0
KENAI;202411191450;23.6;56.2;821.1;3.3;4.6;74;0.0
KENAI;202411191500;23.3;58.0;821.2;0.8;5.1;65;0.0
KENAI;202411191510;23.2;58.8;821.4;3.0;4.6;42;0.0
