522
VRXZ07 LSSW 242218
Station/Location;Date;tre200s0;uor200s0;prestas0;fkl010z0;fkl010z1;dkl010z0;rre150z0
KENAI;202411242020;15.6;99.0;824.5;0.9;3.2;238;1.2
KENAI;202411242030;15.2;98.8;824.5;1.1;3.9;266;1.5
KENAI;202411242040;15.2;98.8;824.4;0.4;3.1;317;0.7
KENAI;202411242050;15.2;98.9;824.2;1.4;2.4;277;1.5
KENAI;202411242100;15.3;98.9;824.2;1.3;3.1;258;0.2
KENAI;202411242110;15.3;98.8;824.2;0.9;1.9;236;0.0
KENAI;202411242120;15.3;98.9;824.1;0.7;2.0;219;0.0
KENAI;202411242130;15.3;98.7;824.0;0.0;2.5;0;0.3
KENAI;202411242140;15.5;98.5;823.9;0.8;2.7;276;1.8
KENAI;202411242150;15.6;98.2;823.8;1.1;2.5;339;3.3
KENAI;202411242200;15.5;98.5;823.7;1.1;2.0;179;1.9
KENAI;202411242210;15.4;98.8;823.6;0.7;2.2;278;0.8
