962
VRXZ07 LSSW 242128
Station/Location;Date;tre200s0;uor200s0;prestas0;fkl010z0;fkl010z1;dkl010z0;rre150z0
KENAI;202506241930;-;64.1;827.1;0.9;1.1;191;0.0
KENAI;202506241940;-;63.6;827.3;0.9;2.4;118;0.0
KENAI;202506241950;-;64.6;827.2;0.9;1.7;153;0.0
KENAI;202506242000;-;65.2;827.3;0.7;2.6;98;0.0
KENAI;202506242010;-;66.0;827.1;1.0;2.3;150;0.0
KENAI;202506242020;16.2;67.5;827.0;1.0;2.6;174;0.0
KENAI;202506242030;-;67.8;827.0;1.1;1.9;118;0.0
KENAI;202506242040;-;69.0;827.0;0.9;3.3;162;0.0
KENAI;202506242050;-;70.3;827.1;1.5;2.4;143;0.0
KENAI;202506242100;-;71.3;827.1;0.3;2.9;56;0.0
KENAI;202506242110;-;73.2;827.1;0.5;1.4;41;0.0
KENAI;202506242120;-;74.1;827.1;0.0;1.1;0;0.0
