156
VRXZ07 LSSW 181738
Station/Location;Date;tre200s0;uor200s0;prestas0;fkl010z0;fkl010z1;dkl010z0;rre150z0
KENAI;202505181540;-;68.1;822.9;1.0;3.0;152;0.0
KENAI;202505181550;20.9;69.6;823.2;1.5;5.8;155;0.0
KENAI;202505181600;20.4;71.6;823.2;1.6;4.0;156;0.0
KENAI;202505181610;-;73.6;823.3;1.5;3.8;176;0.0
KENAI;202505181620;19.7;75.1;823.3;1.1;3.8;164;0.0
KENAI;202505181630;19.4;76.6;823.5;1.1;3.7;166;0.0
KENAI;202505181640;19.2;78.0;823.6;2.0;3.6;156;0.0
KENAI;202505181650;19.0;79.0;823.7;1.2;4.3;158;0.0
KENAI;202505181700;18.8;79.6;823.8;1.6;4.0;176;0.0
KENAI;202505181710;18.7;80.5;823.8;1.7;3.7;163;0.0
KENAI;202505181720;-;81.0;824.0;1.0;2.3;183;0.0
KENAI;202505181730;18.7;80.7;824.0;1.1;1.5;143;0.0
