827
VRXZ07 LSSW 071138
Station/Location;Date;tre200s0;uor200s0;prestas0;fkl010z0;fkl010z1;dkl010z0;rre150z0
KENAI;202503070940;26.1;49.0;822.9;1.8;6.3;15;0.0
KENAI;202503070950;26.8;44.7;822.6;1.5;5.9;132;0.0
KENAI;202503071000;27.2;43.5;822.4;2.8;6.4;1;0.0
KENAI;202503071010;26.2;45.2;822.3;3.0;5.5;7;0.0
KENAI;202503071020;26.7;42.7;822.0;2.0;6.7;11;0.0
KENAI;202503071030;27.3;43.5;821.8;0.8;5.2;43;0.0
KENAI;202503071040;27.6;40.6;821.6;3.1;7.2;19;0.0
KENAI;202503071050;27.9;39.8;821.5;2.0;5.4;73;0.0
KENAI;202503071100;28.3;40.5;821.3;1.6;6.7;354;0.0
KENAI;202503071110;28.0;42.1;821.2;0.6;5.4;108;0.0
KENAI;202503071120;28.4;38.0;820.9;1.3;6.4;39;0.0
KENAI;202503071130;28.7;36.8;820.8;2.3;5.9;104;0.0
