958
VRXZ07 LSSW 110108
Station/Location;Date;tre200s0;uor200s0;prestas0;fkl010z0;fkl010z1;dkl010z0;rre150z0
KENAI;202502102310;17.4;73.4;821.0;1.5;4.0;18;0.0
KENAI;202502102320;17.2;74.2;821.0;0.9;4.0;22;0.0
KENAI;202502102330;17.0;75.3;821.0;1.2;3.2;52;0.0
KENAI;202502102340;16.9;76.4;820.8;1.3;2.7;32;0.0
KENAI;202502102350;16.7;77.4;820.7;1.2;3.5;345;0.0
KENAI;202502110000;16.6;78.3;820.6;2.0;3.1;30;0.0
KENAI;202502110010;16.8;77.8;820.6;0.6;3.3;48;0.0
KENAI;202502110020;16.7;78.7;820.6;2.0;3.3;28;0.0
KENAI;202502110030;16.5;79.6;820.6;1.6;3.7;22;0.0
KENAI;202502110040;16.5;80.3;820.5;0.9;2.1;34;0.0
KENAI;202502110050;16.4;80.9;820.5;2.1;4.1;19;0.0
KENAI;202502110100;16.5;80.7;820.6;0.0;2.7;0;0.0
