747
VRXZ07 LSSW 181548
Station/Location;Date;tre200s0;uor200s0;prestas0;fkl010z0;fkl010z1;dkl010z0;rre150z0
KENAI;202506181350;23.1;54.2;824.1;2.9;4.3;117;0.0
KENAI;202506181400;23.2;52.6;824.1;2.5;4.8;121;0.0
KENAI;202506181410;22.5;54.4;824.3;0.9;4.9;127;0.0
KENAI;202506181420;22.1;55.3;824.3;1.7;3.4;105;0.0
KENAI;202506181430;21.9;57.1;824.4;1.2;3.2;118;0.0
KENAI;202506181440;21.7;56.9;824.5;0.7;2.7;172;0.0
KENAI;202506181450;21.8;56.9;824.6;0.7;1.7;132;0.0
KENAI;202506181500;21.6;58.4;824.7;0.8;2.3;115;0.0
KENAI;202506181510;21.7;57.1;824.7;0.5;2.2;79;0.0
KENAI;202506181520;21.6;56.4;824.8;0.9;2.0;103;0.0
KENAI;202506181530;21.4;58.1;824.8;1.0;3.2;127;0.0
KENAI;202506181540;21.3;61.1;825.0;1.7;4.2;71;0.1
