513
VRXZ07 LSSW 241658
Station/Location;Date;tre200s0;uor200s0;prestas0;fkl010z0;fkl010z1;dkl010z0;rre150z0
KENAI;202502241500;25.0;38.3;822.5;2.4;9.0;342;0.0
KENAI;202502241510;24.7;37.6;822.6;2.9;9.3;18;0.0
KENAI;202502241520;23.9;43.6;822.6;3.3;8.1;40;0.0
KENAI;202502241530;23.4;45.3;822.7;2.5;6.4;33;0.0
KENAI;202502241540;23.2;45.7;822.8;3.2;5.3;33;0.0
KENAI;202502241550;22.8;46.2;823.0;2.5;4.2;25;0.0
KENAI;202502241600;23.0;41.2;823.2;2.2;8.4;36;0.0
KENAI;202502241610;23.0;39.6;823.3;2.4;6.5;38;0.0
KENAI;202502241620;22.6;37.4;823.5;3.8;6.9;63;0.0
KENAI;202502241630;22.6;34.9;823.7;1.5;8.2;28;0.0
KENAI;202502241640;22.2;36.1;823.7;0.9;6.7;80;0.0
KENAI;202502241650;21.9;37.7;823.9;2.0;3.8;11;0.0
