798
VRXZ07 LSSW 151758
Station/Location;Date;tre200s0;uor200s0;prestas0;fkl010z0;fkl010z1;dkl010z0;rre150z0
KENAI;202502151600;24.3;42.6;821.7;2.0;4.2;330;0.0
KENAI;202502151610;23.9;46.6;821.7;2.9;5.9;48;0.0
KENAI;202502151620;23.6;-;821.8;2.4;5.8;-;0.0
KENAI;202502151630;23.4;49.5;821.9;1.9;5.5;26;0.0
KENAI;202502151640;23.2;50.1;822.2;2.9;6.3;33;0.0
KENAI;202502151650;23.0;50.3;822.5;2.8;5.1;356;0.0
KENAI;202502151700;22.9;50.4;822.6;0.9;4.4;31;0.0
KENAI;202502151710;23.1;49.9;822.9;1.0;5.1;55;0.0
KENAI;202502151720;23.1;49.0;823.2;1.7;3.9;25;0.0
KENAI;202502151730;22.9;51.1;823.4;2.2;5.3;31;0.0
KENAI;202502151740;22.5;54.3;823.4;2.3;5.0;26;0.0
KENAI;202502151750;22.2;55.9;823.7;1.4;4.3;22;0.0
