723
VRXZ07 LSSW 080658
Station/Location;Date;tre200s0;uor200s0;prestas0;fkl010z0;fkl010z1;dkl010z0;rre150z0
KENAI;202506080500;17.1;77.9;827.5;0.6;2.1;136;0.0
KENAI;202506080510;-;77.1;827.7;0.8;2.0;68;0.0
KENAI;202506080520;-;76.5;827.7;0.6;2.1;225;0.0
KENAI;202506080530;-;77.0;827.9;2.0;2.8;108;0.0
KENAI;202506080540;-;73.3;828.0;1.7;3.0;177;0.0
KENAI;202506080550;-;75.6;828.1;1.3;3.1;180;0.0
KENAI;202506080600;-;75.4;828.1;1.3;3.4;94;0.0
KENAI;202506080610;-;73.6;828.2;1.4;4.6;35;0.0
KENAI;202506080620;19.4;69.4;828.1;1.6;4.6;125;0.0
KENAI;202506080630;-;70.0;828.3;3.2;5.1;89;0.0
KENAI;202506080640;-;70.5;828.3;2.4;4.1;126;0.0
KENAI;202506080650;-;67.3;828.4;3.7;6.8;92;0.0
