836
VRXZ07 LSSW 190308
Station/Location;Date;tre200s0;uor200s0;prestas0;fkl010z0;fkl010z1;dkl010z0;rre150z0
KENAI;202411190110;16.6;94.3;823.2;0.9;2.3;43;0.0
KENAI;202411190120;16.7;94.3;823.3;0.9;3.1;85;0.0
KENAI;202411190130;16.6;94.2;823.5;0.3;2.1;106;0.0
KENAI;202411190140;16.6;94.2;823.5;1.1;2.6;55;0.0
KENAI;202411190150;16.5;93.9;823.4;0.9;2.2;53;0.0
KENAI;202411190200;16.4;94.3;823.4;0.7;2.1;91;0.0
KENAI;202411190210;16.5;94.8;823.5;0.7;1.5;80;0.0
KENAI;202411190220;16.6;94.6;823.7;1.2;2.8;39;0.0
KENAI;202411190230;16.6;93.8;823.8;2.4;3.3;47;0.0
KENAI;202411190240;16.5;94.3;823.9;1.3;2.5;73;0.0
KENAI;202411190250;16.4;94.5;823.8;1.9;3.1;53;0.0
KENAI;202411190300;16.3;94.2;823.9;0.9;2.6;66;0.0
