692
VRXZ07 LSSW 060928
Station/Location;Date;tre200s0;uor200s0;prestas0;fkl010z0;fkl010z1;dkl010z0;rre150z0
KENAI;202506060730;-;82.9;828.6;1.1;3.3;92;0.0
KENAI;202506060740;-;81.7;828.7;2.0;2.6;100;0.0
KENAI;202506060750;-;82.5;828.7;1.6;3.5;153;0.0
KENAI;202506060800;-;81.0;828.6;2.4;3.2;192;0.0
KENAI;202506060810;-;79.4;828.6;1.1;2.4;202;0.0
KENAI;202506060820;18.0;77.0;828.6;1.6;2.8;243;0.0
KENAI;202506060830;-;77.5;828.6;1.4;2.6;110;0.0
KENAI;202506060840;-;77.1;828.6;1.2;2.7;157;0.0
KENAI;202506060850;-;74.3;828.5;0.4;2.3;20;0.0
KENAI;202506060900;19.1;74.8;828.3;0.5;3.1;107;0.0
KENAI;202506060910;-;71.8;828.3;0.4;2.5;214;0.0
KENAI;202506060920;-;68.5;828.0;1.8;3.1;122;0.0
