852
VRXZ07 LSSW 010858
Station/Location;Date;tre200s0;uor200s0;prestas0;fkl010z0;fkl010z1;dkl010z0;rre150z0
KENAI;202507010700;17.2;76.7;827.6;1.3;2.9;27;0.0
KENAI;202507010710;-;71.1;827.6;1.2;3.1;27;0.0
KENAI;202507010720;-;-;827.5;1.1;2.9;-;0.0
KENAI;202507010730;-;67.3;827.4;1.2;4.4;55;0.0
KENAI;202507010740;-;66.8;827.4;2.0;4.2;110;0.0
KENAI;202507010750;-;69.9;827.1;1.1;2.6;45;0.0
KENAI;202507010800;18.7;68.7;827.3;1.6;3.1;81;0.0
KENAI;202507010810;18.5;67.3;827.2;0.6;3.4;128;0.0
KENAI;202507010820;-;66.1;827.1;1.9;3.3;117;0.0
KENAI;202507010830;18.9;64.0;826.9;2.0;2.8;83;0.0
KENAI;202507010840;-;60.9;826.8;1.5;2.9;162;0.0
KENAI;202507010850;-;62.1;826.7;1.0;3.8;113;0.0
