054
VRXZ07 LSSW 110758
Station/Location;Date;tre200s0;uor200s0;prestas0;fkl010z0;fkl010z1;dkl010z0;rre150z0
KENAI;202502110600;17.8;78.3;824.3;2.3;7.3;37;0.0
KENAI;202502110610;17.9;79.4;824.3;4.4;7.1;59;0.0
KENAI;202502110620;17.8;79.2;824.4;4.0;7.1;56;0.0
KENAI;202502110630;18.5;77.6;824.4;3.6;6.7;17;0.0
KENAI;202502110640;18.4;77.8;824.2;4.0;7.2;18;0.0
KENAI;202502110650;19.1;76.5;824.3;2.9;7.0;78;0.0
KENAI;202502110700;20.7;70.4;824.2;0.7;5.7;51;0.0
KENAI;202502110710;20.4;70.3;824.2;3.8;7.4;71;0.0
KENAI;202502110720;19.9;69.8;824.3;2.3;7.4;34;0.0
KENAI;202502110730;20.5;66.6;824.2;2.6;8.3;24;0.0
KENAI;202502110740;21.6;62.5;824.0;4.1;6.9;32;0.0
KENAI;202502110750;21.5;63.2;823.9;3.6;8.9;30;0.0
