470
VRXZ07 LSSW 241638
Station/Location;Date;tre200s0;uor200s0;prestas0;fkl010z0;fkl010z1;dkl010z0;rre150z0
KENAI;202504241440;21.5;59.6;822.3;3.0;7.7;93;0.0
KENAI;202504241450;21.5;60.6;822.2;2.5;5.6;28;0.0
KENAI;202504241500;21.4;62.0;822.3;4.0;6.8;40;0.0
KENAI;202504241510;20.8;63.0;822.4;3.6;5.8;28;0.0
KENAI;202504241520;20.4;68.1;822.7;1.0;3.9;26;0.0
KENAI;202504241530;19.9;71.9;822.9;2.2;6.4;33;0.0
KENAI;202504241540;19.5;71.6;822.9;3.0;6.7;39;0.0
KENAI;202504241550;19.4;71.6;823.1;1.9;5.9;19;0.0
KENAI;202504241600;19.2;73.0;823.3;1.0;4.2;51;0.0
KENAI;202504241610;-;74.7;823.4;1.3;3.6;40;0.0
KENAI;202504241620;18.7;77.5;823.4;1.9;3.4;79;0.0
KENAI;202504241630;18.5;79.3;823.5;2.9;3.7;10;0.0
