608
VRXZ07 LSSW 180428
Station/Location;Date;tre200s0;uor200s0;prestas0;fkl010z0;fkl010z1;dkl010z0;rre150z0
KENAI;202505180230;15.7;90.8;823.7;0.0;1.3;0;0.0
KENAI;202505180240;-;91.2;823.9;0.5;0.7;289;0.0
KENAI;202505180250;15.4;91.8;823.9;0.3;0.5;201;0.0
KENAI;202505180300;15.2;92.2;823.9;0.0;0.5;0;0.0
KENAI;202505180310;14.7;93.7;823.9;0.3;0.6;181;0.0
KENAI;202505180320;-;93.1;823.9;0.0;0.5;0;0.0
KENAI;202505180330;-;93.3;824.0;0.0;0.6;0;0.0
KENAI;202505180340;14.8;93.8;824.1;0.4;0.8;242;0.0
KENAI;202505180350;-;91.7;824.0;0.5;0.9;323;0.0
KENAI;202505180400;15.9;90.0;824.1;0.4;0.8;283;0.0
KENAI;202505180410;-;87.2;824.1;1.0;1.9;262;0.0
KENAI;202505180420;17.0;85.5;824.1;1.2;2.0;316;0.0
