292
VRXZ07 LSSW 061948
Station/Location;Date;tre200s0;uor200s0;prestas0;fkl010z0;fkl010z1;dkl010z0;rre150z0
KENAI;202506061750;-;83.8;827.8;0.8;1.3;310;0.0
KENAI;202506061800;17.7;83.4;827.8;0.6;1.0;356;0.0
KENAI;202506061810;-;83.8;827.9;0.0;0.8;0;0.0
KENAI;202506061820;-;84.0;828.0;0.4;0.7;60;0.0
KENAI;202506061830;-;81.2;827.8;1.0;1.8;109;0.0
KENAI;202506061840;-;78.8;827.9;0.0;1.4;0;0.0
KENAI;202506061850;-;77.5;828.0;0.5;1.0;172;0.0
KENAI;202506061900;-;79.5;828.1;0.9;1.3;172;0.0
KENAI;202506061910;-;78.4;828.1;1.1;1.6;151;0.0
KENAI;202506061920;-;77.0;828.1;2.5;4.7;118;0.0
KENAI;202506061930;-;78.1;828.2;0.6;3.7;117;0.0
KENAI;202506061940;-;78.2;828.1;1.6;4.1;156;0.0
