811
VRXZ07 LSSW 302118
Station/Location;Date;tre200s0;uor200s0;prestas0;fkl010z0;fkl010z1;dkl010z0;rre150z0
KENAI;202503301920;17.6;94.2;824.0;1.8;4.6;53;0.0
KENAI;202503301930;17.6;94.6;824.0;3.9;5.0;38;0.0
KENAI;202503301940;17.6;94.5;824.2;1.0;4.3;57;0.0
KENAI;202503301950;17.5;94.0;824.2;1.2;5.6;38;0.0
KENAI;202503302000;17.4;93.9;824.2;2.3;4.4;26;0.0
KENAI;202503302010;17.5;94.2;824.3;1.6;4.1;11;0.0
KENAI;202503302020;17.5;94.6;824.3;0.9;4.0;18;0.0
KENAI;202503302030;17.5;95.0;824.3;1.1;4.3;8;0.4
KENAI;202503302040;17.4;96.1;824.3;2.0;4.3;45;1.2
KENAI;202503302050;17.3;96.6;824.2;1.2;3.8;8;0.0
KENAI;202503302100;17.3;97.1;824.2;1.3;3.9;38;0.0
KENAI;202503302110;17.3;97.1;823.9;1.1;4.6;335;0.0
