545
VRXZ07 LSSW 200208
Station/Location;Date;tre200s0;uor200s0;prestas0;fkl010z0;fkl010z1;dkl010z0;rre150z0
KENAI;202502200010;16.8;68.2;823.2;1.2;1.4;348;0.0
KENAI;202502200020;16.8;68.5;823.1;0.7;1.5;355;0.0
KENAI;202502200030;16.7;69.3;823.1;0.3;1.1;228;0.0
KENAI;202502200040;16.3;71.0;823.3;0.4;0.9;211;0.0
KENAI;202502200050;15.5;73.6;823.2;0.4;0.9;193;0.0
KENAI;202502200100;15.1;75.1;823.2;0.4;0.6;130;0.0
KENAI;202502200110;15.4;75.1;823.2;0.0;0.5;0;0.0
KENAI;202502200120;16.0;72.8;823.2;0.5;0.8;252;0.0
KENAI;202502200130;16.0;73.4;823.2;0.7;1.3;11;0.0
KENAI;202502200140;15.7;74.8;823.3;0.5;0.9;230;0.0
KENAI;202502200150;14.9;77.9;823.4;0.6;1.0;217;0.0
KENAI;202502200200;15.0;77.5;823.2;0.5;1.0;231;0.0
