649
VRXZ07 LSSW 260408
Station/Location;Date;tre200s0;uor200s0;prestas0;fkl010z0;fkl010z1;dkl010z0;rre150z0
KENAI;202502260210;14.1;69.7;824.1;0.0;0.7;0;0.0
KENAI;202502260220;13.9;69.6;824.2;0.0;0.8;0;0.0
KENAI;202502260230;14.9;64.0;824.3;0.4;2.0;18;0.0
KENAI;202502260240;14.7;63.9;824.0;1.2;1.6;340;0.0
KENAI;202502260250;15.1;62.5;824.1;0.8;1.6;342;0.0
KENAI;202502260300;15.8;59.9;824.3;1.4;2.4;339;0.0
KENAI;202502260310;15.8;59.6;824.5;1.2;1.9;4;0.0
KENAI;202502260320;15.7;60.1;824.5;0.6;1.9;328;0.0
KENAI;202502260330;15.3;61.3;824.5;0.4;2.2;300;0.0
KENAI;202502260340;15.6;60.8;824.7;0.9;1.3;29;0.0
KENAI;202502260350;15.1;62.1;824.9;0.4;1.8;118;0.0
KENAI;202502260400;15.2;63.0;825.0;0.3;1.3;69;0.0
