523
VRXZ07 LSSW 230328
Station/Location;Date;tre200s0;uor200s0;prestas0;fkl010z0;fkl010z1;dkl010z0;rre150z0
KENAI;202506230130;-;90.3;824.8;0.7;1.4;100;0.0
KENAI;202506230140;-;90.4;824.9;0.6;1.3;55;0.0
KENAI;202506230150;-;90.5;825.0;0.4;1.4;100;0.0
KENAI;202506230200;-;90.2;824.9;0.7;1.5;131;0.0
KENAI;202506230210;-;89.8;825.1;0.5;2.0;136;0.0
KENAI;202506230220;-;90.0;825.1;1.5;2.3;161;0.0
KENAI;202506230230;-;90.2;825.2;0.7;1.9;149;0.0
KENAI;202506230240;-;90.3;825.3;1.4;1.9;118;0.0
KENAI;202506230250;14.8;91.0;825.3;1.1;2.3;127;0.0
KENAI;202506230300;-;90.7;825.4;1.3;1.9;132;0.0
KENAI;202506230310;-;90.7;825.3;1.0;2.0;148;0.0
KENAI;202506230320;-;91.1;825.4;1.5;2.5;182;0.0
