878
VRXZ07 LSSW 232148
Station/Location;Date;tre200s0;uor200s0;prestas0;fkl010z0;fkl010z1;dkl010z0;rre150z0
KENAI;202506231950;-;88.6;826.4;1.0;1.8;163;0.0
KENAI;202506232000;-;89.1;826.4;0.6;1.4;196;0.0
KENAI;202506232010;14.5;89.3;826.3;0.0;1.1;0;0.0
KENAI;202506232020;-;89.6;826.3;0.5;0.9;236;0.0
KENAI;202506232030;-;89.7;826.2;0.0;0.7;0;0.0
KENAI;202506232040;-;91.1;826.1;0.0;0.6;0;0.0
KENAI;202506232050;-;90.9;826.1;0.0;0.6;0;0.0
KENAI;202506232100;-;90.7;826.2;0.4;0.7;20;0.0
KENAI;202506232110;-;91.7;826.0;0.0;0.6;0;0.0
KENAI;202506232120;-;91.6;826.0;0.0;0.8;0;0.0
KENAI;202506232130;-;91.3;826.0;0.5;0.9;205;0.0
KENAI;202506232140;-;91.4;825.9;0.0;1.0;0;0.0
