514
VRXZ07 LSSW 101938
Station/Location;Date;tre200s0;uor200s0;prestas0;fkl010z0;fkl010z1;dkl010z0;rre150z0
KENAI;202503101740;20.1;76.1;823.5;0.9;1.0;72;0.0
KENAI;202503101750;20.1;74.7;823.7;0.9;2.1;5;0.0
KENAI;202503101800;19.9;77.2;823.8;1.6;3.5;1;0.0
KENAI;202503101810;19.6;78.0;823.9;0.9;2.2;34;0.0
KENAI;202503101820;19.8;76.7;823.8;0.8;2.5;274;0.0
KENAI;202503101830;19.8;77.5;823.8;0.5;2.1;39;0.0
KENAI;202503101840;19.5;79.8;823.9;0.8;2.0;16;0.0
KENAI;202503101850;19.4;80.5;823.9;0.9;1.8;21;0.0
KENAI;202503101900;19.3;81.7;823.8;1.1;2.6;344;0.0
KENAI;202503101910;19.3;81.8;823.9;0.8;2.5;331;0.0
KENAI;202503101920;19.4;81.2;823.9;0.7;2.2;332;0.0
KENAI;202503101930;19.4;78.8;824.1;1.0;3.2;15;0.0
