924
VRXZ07 LSSW 161718
Station/Location;Date;tre200s0;uor200s0;prestas0;fkl010z0;fkl010z1;dkl010z0;rre150z0
KENAI;202502161520;25.3;42.1;820.5;2.7;6.6;15;0.0
KENAI;202502161530;25.0;43.6;820.6;1.0;8.7;15;0.0
KENAI;202502161540;24.5;44.4;820.8;2.9;7.5;53;0.0
KENAI;202502161550;24.3;-;821.0;2.9;6.8;-;0.0
KENAI;202502161600;24.1;47.1;821.1;2.8;5.6;11;0.0
KENAI;202502161610;23.8;47.9;821.2;3.6;7.1;18;0.0
KENAI;202502161620;23.6;47.0;821.2;4.4;6.1;11;0.0
KENAI;202502161630;23.3;48.9;821.4;2.1;5.2;35;0.0
KENAI;202502161640;22.9;50.7;821.7;1.0;3.7;14;0.0
KENAI;202502161650;22.7;51.0;821.8;2.6;4.5;11;0.0
KENAI;202502161700;22.3;52.2;821.8;1.0;3.8;340;0.0
KENAI;202502161710;22.2;51.6;822.0;1.4;5.0;5;0.0
