704
VRXZ07 LSSW 121648
Station/Location;Date;tre200s0;uor200s0;prestas0;fkl010z0;fkl010z1;dkl010z0;rre150z0
KENAI;202505121450;17.2;87.0;824.0;1.2;2.9;197;0.0
KENAI;202505121500;17.1;87.8;823.9;0.8;2.4;187;0.0
KENAI;202505121510;17.1;87.8;824.0;0.0;2.2;0;0.0
KENAI;202505121520;17.2;89.3;824.0;0.8;2.1;322;0.0
KENAI;202505121530;17.4;89.4;824.3;1.3;2.0;271;0.0
KENAI;202505121540;17.1;89.3;824.3;0.7;3.7;301;0.0
KENAI;202505121550;17.0;89.1;824.3;1.3;3.1;301;0.0
KENAI;202505121600;-;-;-;-;2.4;-;-
KENAI;202505121610;-;88.8;824.4;1.5;3.8;281;0.0
KENAI;202505121620;-;89.5;824.5;0.5;1.7;237;0.0
KENAI;202505121630;-;86.9;824.7;0.5;3.8;294;0.0
KENAI;202505121640;17.8;85.4;825.0;0.7;2.8;323;0.0
