706
VRXZ07 LSSW 150148
Station/Location;Date;tre200s0;uor200s0;prestas0;fkl010z0;fkl010z1;dkl010z0;rre150z0
KENAI;202507142350;-;86.3;826.3;0.4;2.2;164;0.0
KENAI;202507150000;-;86.6;826.2;0.5;1.5;180;0.0
KENAI;202507150010;-;86.8;826.1;0.7;1.5;188;0.0
KENAI;202507150020;-;87.0;826.0;0.7;1.5;197;0.0
KENAI;202507150030;-;86.6;826.0;0.6;2.0;183;0.0
KENAI;202507150040;-;87.3;826.0;0.3;1.3;211;0.0
KENAI;202507150050;-;87.9;826.1;0.0;1.2;0;0.0
KENAI;202507150100;-;88.6;826.1;0.4;0.7;69;0.0
KENAI;202507150110;-;89.6;826.1;0.6;0.9;102;0.0
KENAI;202507150120;-;89.8;826.1;0.4;0.9;118;0.0
KENAI;202507150130;-;89.7;826.1;0.0;1.3;0;0.0
KENAI;202507150140;-;90.2;826.2;0.5;1.5;231;0.0
