765
VRXZ07 LSSW 162228
Station/Location;Date;tre200s0;uor200s0;prestas0;fkl010z0;fkl010z1;dkl010z0;rre150z0
KENAI;202507162030;16.3;79.8;826.8;0.7;1.2;179;0.0
KENAI;202507162040;-;81.5;826.8;0.4;1.0;278;0.0
KENAI;202507162050;-;82.1;826.8;0.5;0.8;57;0.0
KENAI;202507162100;-;81.3;826.7;0.9;1.2;200;0.0
KENAI;202507162110;16.2;81.6;826.7;0.0;1.2;0;0.0
KENAI;202507162120;-;81.4;826.8;0.5;0.7;50;0.0
KENAI;202507162130;-;80.8;826.5;0.4;0.8;127;0.0
KENAI;202507162140;-;80.5;826.5;0.0;1.1;0;0.0
KENAI;202507162150;-;80.3;826.4;0.5;0.9;151;0.0
KENAI;202507162200;-;81.2;826.3;1.0;1.5;71;0.0
KENAI;202507162210;-;87.1;826.4;1.4;2.8;344;0.0
KENAI;202507162220;-;88.5;826.4;1.2;3.6;48;0.0
