714
VRXZ07 LSSW 232218
Station/Location;Date;tre200s0;uor200s0;prestas0;fkl010z0;fkl010z1;dkl010z0;rre150z0
KENAI;202411232020;18.0;88.8;825.0;3.0;5.3;36;0.0
KENAI;202411232030;17.9;89.3;824.9;1.3;4.8;7;0.0
KENAI;202411232040;17.9;89.2;824.9;1.3;4.1;22;0.0
KENAI;202411232050;17.7;89.7;824.9;1.2;4.0;31;0.0
KENAI;202411232100;17.8;90.4;825.0;1.0;3.8;29;0.0
KENAI;202411232110;17.8;90.7;825.0;1.3;3.6;13;0.0
KENAI;202411232120;17.8;91.0;825.1;0.8;3.4;18;0.0
KENAI;202411232130;17.8;91.0;825.0;1.9;3.9;37;0.0
KENAI;202411232140;17.7;90.7;824.9;0.5;4.0;41;0.0
KENAI;202411232150;17.7;89.0;824.7;3.2;5.7;17;0.0
KENAI;202411232200;17.6;89.4;824.5;1.8;3.3;10;0.0
KENAI;202411232210;17.6;90.0;824.4;0.8;3.1;32;0.0
