820
VRXZ07 LSSW 251918
Station/Location;Date;tre200s0;uor200s0;prestas0;fkl010z0;fkl010z1;dkl010z0;rre150z0
KENAI;202506251720;-;71.5;825.3;1.5;3.8;76;0.0
KENAI;202506251730;-;72.3;825.5;0.8;2.8;13;0.0
KENAI;202506251740;18.0;72.6;825.7;0.7;3.4;76;0.0
KENAI;202506251750;-;72.7;825.7;1.3;3.3;83;0.0
KENAI;202506251800;-;73.5;825.9;0.4;1.9;90;0.0
KENAI;202506251810;-;74.4;826.0;0.6;1.4;64;0.0
KENAI;202506251820;-;74.7;826.0;0.0;1.2;0;0.0
KENAI;202506251830;-;74.9;826.1;0.4;1.0;111;0.0
KENAI;202506251840;-;76.3;826.3;0.0;0.8;0;0.0
KENAI;202506251850;-;77.1;826.2;0.7;1.2;158;0.0
KENAI;202506251900;-;80.3;826.5;0.8;1.0;194;0.0
KENAI;202506251910;-;80.8;826.4;0.8;0.8;325;0.0
