167
VRXZ07 LSSW 220918
Station/Location;Date;tre200s0;uor200s0;prestas0;fkl010z0;fkl010z1;dkl010z0;rre150z0
KENAI;202504220720;19.1;83.7;825.6;2.1;3.3;61;0.0
KENAI;202504220730;19.3;83.6;825.5;1.7;5.1;93;0.0
KENAI;202504220740;19.8;82.3;825.5;1.6;5.1;66;0.0
KENAI;202504220750;20.1;81.6;825.4;1.7;3.7;25;0.0
KENAI;202504220800;21.2;77.4;825.3;1.2;3.9;132;0.0
KENAI;202504220810;20.9;76.8;825.2;2.0;4.0;120;0.0
KENAI;202504220820;20.9;72.9;825.1;1.1;5.4;25;0.0
KENAI;202504220830;21.2;-;825.0;1.1;4.4;-;0.0
KENAI;202504220840;21.5;68.6;824.9;1.5;4.6;59;0.0
KENAI;202504220850;21.6;68.1;824.8;3.3;4.8;65;0.0
KENAI;202504220900;22.5;67.7;824.6;3.6;5.9;8;0.0
KENAI;202504220910;22.5;67.3;824.5;3.5;5.4;75;0.0
