441
VRXZ07 LSSW 280418
Station/Location;Date;tre200s0;uor200s0;prestas0;fkl010z0;fkl010z1;dkl010z0;rre150z0
KENAI;202503280220;16.9;94.1;822.6;2.0;4.2;17;0.0
KENAI;202503280230;16.9;94.5;822.7;0.4;4.1;28;0.0
KENAI;202503280240;16.9;-;822.8;0.5;5.7;-;0.0
KENAI;202503280250;16.8;93.1;822.9;0.9;5.5;37;0.0
KENAI;202503280300;16.8;93.1;822.9;1.0;4.3;67;0.0
KENAI;202503280310;16.8;93.2;823.1;1.6;2.6;12;0.0
KENAI;202503280320;16.7;93.5;823.1;1.2;2.4;93;0.0
KENAI;202503280330;16.7;93.6;823.1;2.3;3.0;61;0.0
KENAI;202503280340;16.8;93.8;823.2;1.6;2.7;56;0.0
KENAI;202503280350;16.7;94.5;823.5;1.0;3.2;56;0.0
KENAI;202503280400;16.5;94.8;823.6;0.3;2.3;61;0.0
KENAI;202503280410;16.4;95.4;823.6;0.9;2.4;63;0.0
