191
VRXZ07 LSSW 291128
Station/Location;Date;tre200s0;uor200s0;prestas0;fkl010z0;fkl010z1;dkl010z0;rre150z0
KENAI;202503290930;24.4;60.5;823.1;1.8;3.7;48;0.0
KENAI;202503290940;24.1;59.2;823.0;0.9;3.6;295;0.0
KENAI;202503290950;23.9;60.8;822.8;1.2;4.4;87;0.0
KENAI;202503291000;24.7;58.9;822.4;1.9;3.0;187;0.0
KENAI;202503291010;24.2;60.9;822.4;1.0;3.9;148;0.0
KENAI;202503291020;24.6;-;822.2;0.7;5.5;-;0.0
KENAI;202503291030;25.0;54.2;822.0;0.7;3.2;54;0.0
KENAI;202503291040;25.1;53.7;821.9;1.5;5.1;56;0.0
KENAI;202503291050;25.7;55.7;821.6;2.1;3.1;86;0.0
KENAI;202503291100;25.2;54.4;821.3;3.1;4.9;104;0.0
KENAI;202503291110;26.0;54.5;821.1;2.9;4.4;98;0.0
KENAI;202503291120;24.8;53.4;821.0;1.9;5.4;66;0.0
