489
VRXZ07 LSSW 230808
Station/Location;Date;tre200s0;uor200s0;prestas0;fkl010z0;fkl010z1;dkl010z0;rre150z0
KENAI;202504230610;16.4;99.2;825.6;1.4;3.1;17;0.2
KENAI;202504230620;16.5;99.2;825.7;1.0;3.8;56;0.0
KENAI;202504230630;16.7;-;825.7;1.8;4.8;-;-
KENAI;202504230640;16.9;99.2;825.7;2.4;5.8;12;0.0
KENAI;202504230650;16.9;98.4;825.7;1.2;5.5;352;0.0
KENAI;202504230700;16.8;97.2;825.7;1.4;5.1;17;0.0
KENAI;202504230710;16.7;97.4;825.6;2.3;4.5;23;0.0
KENAI;202504230720;-;-;-;-;5.8;-;-
KENAI;202504230730;16.2;95.9;825.7;2.0;7.0;356;0.0
KENAI;202504230740;16.4;96.6;825.6;1.0;5.8;321;0.0
KENAI;202504230750;17.2;93.6;825.4;3.0;5.4;19;0.0
KENAI;202504230800;17.3;91.4;825.4;3.3;6.4;26;0.0
