072
VRXZ07 LSSW 262048
Station/Location;Date;tre200s0;uor200s0;prestas0;fkl010z0;fkl010z1;dkl010z0;rre150z0
KENAI;202504261850;17.9;78.8;824.4;0.3;1.1;201;0.0
KENAI;202504261900;-;79.7;824.5;0.7;1.0;89;0.0
KENAI;202504261910;17.6;80.5;824.7;0.4;0.8;54;0.0
KENAI;202504261920;17.9;80.0;824.6;1.1;1.4;26;0.0
KENAI;202504261930;18.2;79.1;824.5;1.3;2.0;49;0.0
KENAI;202504261940;-;79.7;824.6;0.9;2.0;56;0.0
KENAI;202504261950;-;81.0;824.6;1.0;1.9;7;0.0
KENAI;202504262000;-;81.1;824.5;0.9;2.7;53;0.0
KENAI;202504262010;-;82.0;824.6;0.7;3.7;30;0.0
KENAI;202504262020;-;82.3;824.7;0.8;3.3;53;0.0
KENAI;202504262030;17.4;84.4;824.7;1.0;2.3;42;0.0
KENAI;202504262040;17.5;85.0;824.7;0.4;3.1;26;0.0
