243
VRXZ07 LSSW 040658
Station/Location;Date;tre200s0;uor200s0;prestas0;fkl010z0;fkl010z1;dkl010z0;rre150z0
KENAI;202412040500;18.3;77.1;824.5;1.0;3.5;348;0.0
KENAI;202412040510;18.6;75.0;824.6;2.4;4.6;11;0.0
KENAI;202412040520;19.3;72.5;824.5;2.9;4.4;10;0.0
KENAI;202412040530;19.0;73.3;824.5;3.3;5.5;1;0.0
KENAI;202412040540;19.2;70.5;824.4;3.2;6.3;70;0.0
KENAI;202412040550;19.7;67.7;824.4;4.7;5.4;54;0.0
KENAI;202412040600;19.8;66.3;824.5;4.3;5.8;26;0.0
KENAI;202412040610;20.0;67.1;824.3;3.7;6.2;38;0.0
KENAI;202412040620;-;-;-;-;6.9;-;-
KENAI;202412040630;-;-;-;-;7.4;-;-
KENAI;202412040640;20.1;65.8;824.5;3.1;5.4;12;0.0
KENAI;202412040650;21.0;64.3;824.5;2.8;6.4;82;0.0
