816
VRXZ07 LSSW 281528
Station/Location;Date;tre200s0;uor200s0;prestas0;fkl010z0;fkl010z1;dkl010z0;rre150z0
KENAI;202504281330;26.1;44.8;820.3;1.1;2.8;76;0.0
KENAI;202504281340;26.3;43.6;820.2;1.8;3.3;107;0.0
KENAI;202504281350;26.1;43.0;820.2;1.0;3.0;116;0.0
KENAI;202504281400;26.2;43.1;820.3;1.4;2.5;162;0.0
KENAI;202504281410;26.0;43.4;820.3;1.8;4.1;101;0.0
KENAI;202504281420;25.0;46.0;820.4;1.0;3.3;172;0.0
KENAI;202504281430;24.1;48.3;820.5;1.2;3.9;133;0.0
KENAI;202504281440;-;50.9;820.6;0.8;2.2;75;0.0
KENAI;202504281450;-;49.8;820.6;1.1;2.3;61;0.0
KENAI;202504281500;23.5;49.5;820.7;0.9;3.3;62;0.0
KENAI;202504281510;23.3;50.7;820.7;1.0;2.6;59;0.0
KENAI;202504281520;-;52.2;820.7;0.3;2.8;41;0.0
