601
VRXZ07 LSSW 172228
Station/Location;Date;tre200s0;uor200s0;prestas0;fkl010z0;fkl010z1;dkl010z0;rre150z0
KENAI;202507172030;-;75.1;827.6;0.8;1.9;128;0.0
KENAI;202507172040;-;75.4;827.7;0.8;1.9;114;0.0
KENAI;202507172050;-;75.4;827.5;1.2;3.5;149;0.0
KENAI;202507172100;-;76.2;827.5;0.8;2.2;164;0.0
KENAI;202507172110;-;76.4;827.5;1.5;2.1;117;0.0
KENAI;202507172120;-;76.8;827.4;1.2;4.4;143;0.0
KENAI;202507172130;-;77.9;827.4;1.2;3.1;148;0.0
KENAI;202507172140;-;79.1;827.3;1.0;2.7;180;0.0
KENAI;202507172150;-;80.4;827.2;1.5;3.4;224;0.0
KENAI;202507172200;-;81.2;827.3;1.1;2.5;193;0.0
KENAI;202507172210;-;81.9;827.4;1.3;2.6;177;0.0
KENAI;202507172220;-;82.3;827.4;0.8;2.0;163;0.0
