288
VRXZ07 LSSW 231608
Station/Location;Date;tre200s0;uor200s0;prestas0;fkl010z0;fkl010z1;dkl010z0;rre150z0
KENAI;202507231410;18.1;67.6;825.2;1.2;2.4;155;0.0
KENAI;202507231420;-;67.7;825.3;0.7;2.7;104;0.0
KENAI;202507231430;17.9;67.5;825.4;0.7;2.7;67;0.0
KENAI;202507231440;-;68.8;825.4;0.9;1.7;95;0.0
KENAI;202507231450;-;67.4;825.4;1.2;2.1;130;0.0
KENAI;202507231500;17.7;68.9;825.5;0.4;1.4;95;0.0
KENAI;202507231510;-;69.3;825.6;0.6;1.4;154;0.0
KENAI;202507231520;-;69.5;825.6;0.8;1.3;133;0.0
KENAI;202507231530;-;69.9;825.5;1.0;1.5;92;0.0
KENAI;202507231540;-;70.1;825.5;0.5;2.1;174;0.0
KENAI;202507231550;-;70.4;825.5;0.9;1.8;153;0.0
KENAI;202507231600;17.2;70.8;825.5;0.4;2.5;133;0.0
