811
VRXZ07 LSSW 030528
Station/Location;Date;tre200s0;uor200s0;prestas0;fkl010z0;fkl010z1;dkl010z0;rre150z0
KENAI;202503030330;16.0;89.1;823.3;1.1;3.0;300;0.0
KENAI;202503030340;16.0;88.9;823.5;0.8;1.2;39;0.0
KENAI;202503030350;15.3;89.2;823.5;0.5;1.2;59;0.0
KENAI;202503030400;15.2;91.8;823.6;0.5;1.6;23;0.0
KENAI;202503030410;16.0;90.1;823.8;1.7;2.3;63;0.0
KENAI;202503030420;16.7;86.9;823.9;0.8;2.0;19;0.0
KENAI;202503030430;17.4;84.7;824.0;2.6;3.8;24;0.0
KENAI;202503030440;18.0;83.0;824.1;1.0;4.2;32;0.0
KENAI;202503030450;18.4;80.2;824.2;2.4;5.0;29;0.0
KENAI;202503030500;18.9;78.9;824.1;2.0;4.0;13;0.0
KENAI;202503030510;19.0;76.7;824.2;2.6;4.0;57;0.0
KENAI;202503030520;19.5;73.4;824.2;3.0;4.2;6;0.0
