511
VRXZ07 LSSW 180148
Station/Location;Date;tre200s0;uor200s0;prestas0;fkl010z0;fkl010z1;dkl010z0;rre150z0
KENAI;202503172350;17.6;86.9;822.9;2.8;4.8;66;0.0
KENAI;202503180000;17.5;87.7;823.0;3.0;5.8;17;0.0
KENAI;202503180010;17.5;88.1;822.9;3.0;6.5;22;0.0
KENAI;202503180020;17.4;88.2;822.9;1.4;7.6;39;0.0
KENAI;202503180030;17.4;88.9;823.0;1.6;4.9;93;0.0
KENAI;202503180040;17.3;89.5;823.1;1.8;5.9;17;0.0
KENAI;202503180050;17.3;88.3;823.2;3.4;6.4;74;0.0
KENAI;202503180100;17.3;87.4;823.2;1.8;3.8;32;0.0
KENAI;202503180110;17.3;87.3;823.1;3.9;5.1;72;0.0
KENAI;202503180120;17.3;88.1;823.3;1.2;4.8;69;0.0
KENAI;202503180130;17.2;88.8;823.3;1.0;4.0;63;0.0
KENAI;202503180140;17.1;88.8;823.3;3.4;5.1;73;0.0
