824
VRXZ07 LSSW 262338
Station/Location;Date;tre200s0;uor200s0;prestas0;fkl010z0;fkl010z1;dkl010z0;rre150z0
KENAI;202503262140;17.2;79.9;822.6;0.9;3.9;42;0.0
KENAI;202503262150;17.3;80.0;822.4;0.7;2.8;43;0.0
KENAI;202503262200;17.2;80.6;822.4;1.0;3.2;358;0.0
KENAI;202503262210;17.2;81.0;822.3;1.3;2.4;18;0.0
KENAI;202503262220;17.0;82.1;822.2;0.7;2.2;19;0.0
KENAI;202503262230;17.1;83.3;822.3;2.6;3.3;18;0.0
KENAI;202503262240;17.2;84.3;822.1;3.1;4.7;53;0.0
KENAI;202503262250;17.3;85.0;822.1;2.0;3.5;29;0.0
KENAI;202503262300;17.4;85.6;822.1;0.6;2.7;26;0.0
KENAI;202503262310;17.4;86.3;822.0;2.2;3.7;10;0.0
KENAI;202503262320;-;-;-;-;3.4;-;-
KENAI;202503262330;17.1;87.6;821.9;1.0;2.9;13;0.0
