415
VRXZ07 LSSW 131028
Station/Location;Date;tre200s0;uor200s0;prestas0;fkl010z0;fkl010z1;dkl010z0;rre150z0
KENAI;202502130830;19.9;-;825.1;2.9;6.7;-;0.0
KENAI;202502130840;20.2;75.9;825.0;2.7;6.6;17;0.0
KENAI;202502130850;20.8;71.6;824.9;2.4;7.9;1;0.0
KENAI;202502130900;21.8;70.5;824.7;4.0;7.7;57;0.0
KENAI;202502130910;21.7;71.9;824.6;5.0;9.2;1;0.0
KENAI;202502130920;22.2;69.5;824.5;2.1;5.9;8;0.0
KENAI;202502130930;22.6;67.4;824.3;3.5;6.4;29;0.0
KENAI;202502130940;22.3;67.1;824.2;3.6;6.2;66;0.0
KENAI;202502130950;22.2;63.5;824.2;2.9;7.6;32;0.0
KENAI;202502131000;23.0;61.6;823.9;4.1;9.0;31;0.0
KENAI;202502131010;22.9;65.3;823.8;2.4;6.8;354;0.0
KENAI;202502131020;23.3;59.7;823.5;2.3;8.4;43;0.0
