951
VRXZ07 LSSW 100728
Station/Location;Date;tre200s0;uor200s0;prestas0;fkl010z0;fkl010z1;dkl010z0;rre150z0
KENAI;202507100530;15.2;74.0;827.8;0.4;0.9;258;0.0
KENAI;202507100540;-;74.4;827.9;0.0;1.0;0;0.0
KENAI;202507100550;15.5;75.7;828.1;0.6;1.0;188;0.0
KENAI;202507100600;-;73.7;828.2;0.0;1.1;0;0.0
KENAI;202507100610;-;72.2;828.2;0.8;1.6;167;0.0
KENAI;202507100620;-;69.3;828.2;1.3;2.0;107;0.0
KENAI;202507100630;-;71.3;828.2;0.0;1.6;0;0.0
KENAI;202507100640;-;68.9;828.3;0.9;1.9;109;0.0
KENAI;202507100650;-;72.5;828.3;1.1;2.6;162;0.0
KENAI;202507100700;16.5;71.0;828.3;0.3;2.0;96;0.0
KENAI;202507100710;-;70.3;828.4;2.5;2.7;187;0.0
KENAI;202507100720;-;70.1;828.3;2.3;2.7;139;0.0
