825
VRXZ07 LSSW 051648
Station/Location;Date;tre200s0;uor200s0;prestas0;fkl010z0;fkl010z1;dkl010z0;rre150z0
KENAI;202504051450;22.0;70.9;821.0;1.7;6.9;74;0.1
KENAI;202504051500;22.1;69.3;821.1;2.1;5.6;7;0.0
KENAI;202504051510;21.7;71.7;821.3;2.3;4.5;24;0.0
KENAI;202504051520;21.6;-;821.3;2.0;4.6;-;0.0
KENAI;202504051530;21.5;72.8;821.3;1.5;5.0;18;0.0
KENAI;202504051540;21.3;72.6;821.5;0.9;4.3;14;0.0
KENAI;202504051550;21.3;73.5;821.6;1.7;3.3;59;0.0
KENAI;202504051600;19.1;86.0;821.8;2.5;8.3;87;3.7
KENAI;202504051610;18.0;92.4;821.8;4.8;6.1;18;8.0
KENAI;202504051620;-;-;-;-;-;-;-
KENAI;202504051630;17.3;95.8;822.4;2.3;6.8;29;0.0
KENAI;202504051640;16.9;95.1;822.7;2.1;4.9;6;0.0
