937
VRXZ07 LSSW 151048
Station/Location;Date;tre200s0;uor200s0;prestas0;fkl010z0;fkl010z1;dkl010z0;rre150z0
KENAI;202507150850;-;70.0;827.5;0.8;2.3;23;0.0
KENAI;202507150900;-;68.2;827.5;1.0;2.3;32;0.0
KENAI;202507150910;19.4;67.4;827.4;2.2;2.8;358;0.0
KENAI;202507150920;-;66.1;827.3;1.0;2.7;355;0.0
KENAI;202507150930;19.9;68.1;827.1;2.0;2.4;214;0.0
KENAI;202507150940;-;68.4;827.1;0.6;2.9;106;0.0
KENAI;202507150950;-;67.3;827.1;0.8;2.3;159;0.0
KENAI;202507151000;20.1;66.7;826.8;0.8;2.6;139;0.0
KENAI;202507151010;-;64.4;826.6;0.9;2.8;266;0.0
KENAI;202507151020;-;63.6;826.6;0.5;2.9;170;0.0
KENAI;202507151030;20.1;64.5;826.6;0.9;3.1;220;0.0
KENAI;202507151040;20.3;65.1;826.5;2.3;3.2;169;0.0
