997
VRXZ07 LSSW 240528
Station/Location;Date;tre200s0;uor200s0;prestas0;fkl010z0;fkl010z1;dkl010z0;rre150z0
KENAI;202502240330;13.2;80.5;824.6;0.7;0.9;245;0.0
KENAI;202502240340;13.8;76.4;824.7;0.0;0.8;0;0.0
KENAI;202502240350;13.8;76.4;824.9;0.6;1.0;256;0.0
KENAI;202502240400;14.3;73.2;825.0;0.0;0.9;0;0.0
KENAI;202502240410;15.7;67.1;825.1;0.4;1.1;3;0.0
KENAI;202502240420;16.6;63.3;825.2;0.6;1.6;347;0.0
KENAI;202502240430;17.5;59.0;825.2;0.9;2.0;319;0.0
KENAI;202502240440;18.4;59.2;825.3;0.8;2.3;50;0.0
KENAI;202502240450;18.7;57.9;825.3;0.8;3.0;39;0.0
KENAI;202502240500;19.0;57.4;825.4;2.1;3.6;6;0.0
KENAI;202502240510;19.1;57.8;825.6;1.3;4.6;43;0.0
KENAI;202502240520;19.3;60.5;825.6;0.8;4.7;14;0.0
