716
VRXZ07 LSSW 282308
Station/Location;Date;tre200s0;uor200s0;prestas0;fkl010z0;fkl010z1;dkl010z0;rre150z0
KENAI;202502282110;19.6;55.5;824.3;0.9;2.8;34;0.0
KENAI;202502282120;19.5;56.1;824.2;0.5;2.3;17;0.0
KENAI;202502282130;19.4;57.0;824.1;0.8;3.1;20;0.0
KENAI;202502282140;19.2;57.7;824.2;1.4;2.5;19;0.0
KENAI;202502282150;19.2;57.9;824.1;0.8;2.6;64;0.0
KENAI;202502282200;18.9;58.8;824.1;0.5;3.2;35;0.0
KENAI;202502282210;18.9;58.9;823.9;0.0;2.8;0;0.0
KENAI;202502282220;18.6;60.2;823.8;2.1;2.7;9;0.0
KENAI;202502282230;18.7;60.0;823.7;1.3;3.2;11;0.0
KENAI;202502282240;18.6;60.5;823.7;0.8;1.8;28;0.0
KENAI;202502282250;18.5;60.6;823.6;1.3;3.2;3;0.0
KENAI;202502282300;18.4;61.2;823.4;1.3;2.5;6;0.0
