125
VRXZ07 LSSW 041808
Station/Location;Date;tre200s0;uor200s0;prestas0;fkl010z0;fkl010z1;dkl010z0;rre150z0
KENAI;202508041610;19.8;58.1;825.5;0.9;3.8;65;0.0
KENAI;202508041620;19.6;57.8;825.6;1.4;4.4;78;0.0
KENAI;202508041630;19.4;58.3;825.7;2.0;4.1;80;0.0
KENAI;202508041640;19.3;58.3;825.8;1.8;2.9;86;0.0
KENAI;202508041650;19.2;58.8;825.9;1.6;3.2;85;0.0
KENAI;202508041700;19.1;59.9;826.0;1.5;3.4;13;0.0
KENAI;202508041710;18.9;60.4;826.0;1.6;3.9;49;0.0
KENAI;202508041720;18.5;60.7;826.0;2.0;4.3;36;0.0
KENAI;202508041730;18.2;65.0;826.2;2.1;5.1;35;0.0
KENAI;202508041740;-;67.6;826.3;2.5;3.9;6;0.0
KENAI;202508041750;-;69.7;826.3;1.0;3.6;84;0.0
KENAI;202508041800;-;71.6;826.4;1.1;2.4;84;0.0
