680
VRXZ07 LSSW 120038
Station/Location;Date;tre200s0;uor200s0;prestas0;fkl010z0;fkl010z1;dkl010z0;rre150z0
KENAI;202503112240;17.5;93.5;823.0;1.2;1.8;84;0.0
KENAI;202503112250;17.6;93.1;822.9;0.0;1.3;0;0.0
KENAI;202503112300;17.6;93.2;822.7;0.4;1.0;183;0.0
KENAI;202503112310;17.3;94.5;822.7;0.6;0.8;115;0.0
KENAI;202503112320;17.5;95.3;822.6;0.0;0.7;0;0.0
KENAI;202503112330;17.6;94.8;822.6;0.3;1.0;42;0.0
KENAI;202503112340;17.6;94.2;822.6;0.5;0.8;172;0.0
KENAI;202503112350;17.6;94.1;822.4;0.0;1.0;0;0.0
KENAI;202503120000;17.6;93.4;822.4;0.8;1.7;338;0.0
KENAI;202503120010;17.6;93.2;822.3;0.0;1.0;0;0.0
KENAI;202503120020;17.5;93.7;822.2;0.4;0.8;106;0.0
KENAI;202503120030;17.2;95.1;822.4;0.4;1.0;94;0.0
