897
VRXZ07 LSSW 190738
Station/Location;Date;tre200s0;uor200s0;prestas0;fkl010z0;fkl010z1;dkl010z0;rre150z0
KENAI;202411190540;18.3;85.8;825.5;1.9;4.5;43;0.0
KENAI;202411190550;19.0;83.4;825.5;1.5;4.0;80;0.0
KENAI;202411190600;20.2;80.3;825.4;2.4;4.0;96;0.0
KENAI;202411190610;19.7;78.1;825.4;1.4;4.6;54;0.0
KENAI;202411190620;20.5;77.1;825.5;2.4;4.2;342;0.0
KENAI;202411190630;19.5;79.6;825.5;2.1;3.6;20;0.0
KENAI;202411190640;21.0;74.9;825.5;2.2;4.3;50;0.0
KENAI;202411190650;19.9;77.3;825.4;2.0;4.8;101;0.0
KENAI;202411190700;21.5;69.7;825.5;4.1;4.9;116;0.0
KENAI;202411190710;22.0;69.5;825.4;3.7;4.8;88;0.0
KENAI;202411190720;22.0;65.7;825.2;1.8;5.7;11;0.0
KENAI;202411190730;22.0;65.6;825.2;2.9;6.8;53;0.0
