744
VRXZ07 LSSW 080928
Station/Location;Date;tre200s0;uor200s0;prestas0;fkl010z0;fkl010z1;dkl010z0;rre150z0
KENAI;202504080730;22.6;64.2;827.4;2.3;3.7;66;0.0
KENAI;202504080740;22.5;-;827.3;2.0;4.0;-;0.0
KENAI;202504080750;22.3;68.1;827.1;1.7;2.9;54;0.0
KENAI;202504080800;22.3;-;827.1;1.6;3.2;-;0.0
KENAI;202504080810;22.4;65.5;827.1;1.4;2.9;74;0.0
KENAI;202504080820;22.9;65.7;827.0;1.0;2.9;126;0.0
KENAI;202504080830;22.8;64.0;826.7;0.8;2.8;240;0.0
KENAI;202504080840;23.4;61.7;826.7;1.4;3.1;39;0.0
KENAI;202504080850;-;-;-;-;4.0;-;-
KENAI;202504080900;24.1;59.3;826.4;2.8;4.2;321;0.0
KENAI;202504080910;24.8;56.9;826.3;1.2;3.6;117;0.0
KENAI;202504080920;23.6;57.5;826.3;1.0;3.2;177;0.0
