672
VRXZ07 LSSW 042328
Station/Location;Date;tre200s0;uor200s0;prestas0;fkl010z0;fkl010z1;dkl010z0;rre150z0
KENAI;202503042130;19.5;63.1;823.5;2.9;3.9;37;0.0
KENAI;202503042140;19.5;63.3;823.4;1.6;3.2;51;0.0
KENAI;202503042150;19.4;63.7;823.3;1.7;3.2;56;0.0
KENAI;202503042200;19.4;64.0;823.2;2.1;4.4;59;0.0
KENAI;202503042210;19.5;63.6;823.2;2.1;5.0;79;0.0
KENAI;202503042220;19.5;63.8;823.1;1.0;5.6;46;0.0
KENAI;202503042230;19.6;63.9;823.1;1.2;4.2;51;0.0
KENAI;202503042240;19.5;64.3;823.0;1.7;4.4;18;0.0
KENAI;202503042250;19.3;65.6;823.1;2.2;5.2;59;0.0
KENAI;202503042300;19.0;67.3;822.9;2.3;5.9;63;0.0
KENAI;202503042310;18.7;68.9;822.9;0.8;2.9;41;0.0
KENAI;202503042320;18.4;70.6;822.9;1.1;3.7;57;0.0
