465
VRXZ07 LSSW 310858
Station/Location;Date;tre200s0;uor200s0;prestas0;fkl010z0;fkl010z1;dkl010z0;rre150z0
KENAI;202503310700;17.2;98.1;825.1;2.4;4.4;32;0.0
KENAI;202503310710;17.3;97.6;825.1;2.9;4.8;33;0.0
KENAI;202503310720;17.7;97.5;825.1;2.1;5.0;54;0.0
KENAI;202503310730;18.4;92.8;825.1;3.4;5.5;32;0.0
KENAI;202503310740;18.1;90.3;825.1;1.4;5.4;61;0.0
KENAI;202503310750;18.3;90.1;825.2;2.2;5.6;70;0.0
KENAI;202503310800;17.8;91.5;825.0;0.8;5.2;37;0.0
KENAI;202503310810;18.3;90.3;824.9;3.5;4.9;29;0.0
KENAI;202503310820;18.7;88.5;824.8;1.4;5.3;45;0.0
KENAI;202503310830;19.2;85.2;824.6;3.1;6.4;82;0.0
KENAI;202503310840;20.6;83.6;824.4;4.8;5.8;88;0.0
KENAI;202503310850;20.3;83.2;824.5;2.6;6.3;64;0.0
