895
VRXZ07 LSSW 091708
Station/Location;Date;tre200s0;uor200s0;prestas0;fkl010z0;fkl010z1;dkl010z0;rre150z0
KENAI;202504091510;24.5;49.7;823.3;1.1;4.8;21;0.0
KENAI;202504091520;24.0;52.0;823.3;2.9;4.5;29;0.0
KENAI;202504091530;23.5;55.1;823.3;1.4;4.9;56;0.0
KENAI;202504091540;23.2;-;823.4;1.2;5.3;-;0.0
KENAI;202504091550;22.9;58.4;823.5;1.4;4.9;63;0.0
KENAI;202504091600;22.7;58.4;823.5;2.4;4.2;59;0.0
KENAI;202504091610;22.6;59.7;823.6;1.9;5.3;115;0.0
KENAI;202504091620;22.4;60.7;823.4;2.6;3.9;44;0.0
KENAI;202504091630;22.1;61.9;823.7;1.7;2.8;60;0.0
KENAI;202504091640;22.2;62.1;823.8;1.6;5.1;36;0.0
KENAI;202504091650;22.1;65.2;823.9;3.1;6.8;41;0.0
KENAI;202504091700;21.8;69.1;824.1;1.5;6.0;58;0.0
