405
VRXZ07 LSSW 021338
Station/Location;Date;tre200s0;uor200s0;prestas0;fkl010z0;fkl010z1;dkl010z0;rre150z0
KENAI;202503021140;27.5;36.8;821.6;3.5;7.3;40;0.0
KENAI;202503021150;27.5;34.5;821.6;3.0;8.5;9;0.0
KENAI;202503021200;27.7;33.8;821.6;3.3;8.4;38;0.0
KENAI;202503021210;27.6;33.6;821.6;3.7;9.1;72;0.0
KENAI;202503021220;27.7;36.5;821.4;3.2;7.4;357;0.0
KENAI;202503021230;27.6;36.4;821.4;3.1;7.2;344;0.0
KENAI;202503021240;27.6;34.0;821.5;3.8;7.8;34;0.0
KENAI;202503021250;27.8;32.8;821.2;3.6;8.3;74;0.0
KENAI;202503021300;27.5;34.2;821.2;1.7;6.9;73;0.0
KENAI;202503021310;27.7;31.5;821.3;2.8;8.7;54;0.0
KENAI;202503021320;27.9;33.1;821.2;2.8;7.1;41;0.0
KENAI;202503021330;27.4;31.0;821.2;3.4;8.7;5;0.0
