249
VRXZ07 LSSW 141318
Station/Location;Date;tre200s0;uor200s0;prestas0;fkl010z0;fkl010z1;dkl010z0;rre150z0
KENAI;202502141120;25.6;-;822.4;2.0;6.5;-;0.0
KENAI;202502141130;25.8;-;822.3;2.6;7.2;-;0.0
KENAI;202502141140;26.0;40.6;822.1;3.2;7.5;53;0.0
KENAI;202502141150;26.3;39.4;821.8;3.8;7.6;17;0.0
KENAI;202502141200;25.3;41.0;821.8;2.3;6.3;355;0.0
KENAI;202502141210;26.5;41.6;821.7;1.9;5.1;58;0.0
KENAI;202502141220;25.2;39.9;821.6;2.3;7.2;83;0.0
KENAI;202502141230;25.9;-;821.6;2.8;7.1;-;0.0
KENAI;202502141240;26.6;38.3;821.6;3.1;7.0;12;0.0
KENAI;202502141250;25.7;41.5;821.5;2.6;8.3;43;0.0
KENAI;202502141300;26.2;40.8;821.4;1.9;7.6;129;0.0
KENAI;202502141310;-;-;-;-;5.5;-;-
