845
VRXZ07 LSSW 031508
Station/Location;Date;tre200s0;uor200s0;prestas0;fkl010z0;fkl010z1;dkl010z0;rre150z0
KENAI;202507031310;-;64.7;824.6;1.6;3.7;42;0.0
KENAI;202507031320;-;63.6;824.7;0.6;3.1;349;0.0
KENAI;202507031330;-;64.4;824.6;1.5;3.4;33;0.0
KENAI;202507031340;-;62.7;824.6;1.5;3.3;328;0.0
KENAI;202507031350;21.2;63.1;824.7;2.2;3.5;62;0.0
KENAI;202507031400;-;62.1;824.7;2.2;2.8;39;0.0
KENAI;202507031410;-;62.0;824.8;1.2;2.5;14;0.0
KENAI;202507031420;-;62.0;824.8;1.0;2.8;72;0.0
KENAI;202507031430;-;-;824.9;1.3;2.5;-;0.0
KENAI;202507031440;-;64.9;825.0;1.6;2.8;60;0.0
KENAI;202507031450;-;65.0;825.0;2.0;3.6;66;0.0
KENAI;202507031500;-;64.4;824.9;1.3;4.3;18;0.0
