330
VRXZ07 LSSW 041328
Station/Location;Date;tre200s0;uor200s0;prestas0;fkl010z0;fkl010z1;dkl010z0;rre150z0
KENAI;202507041130;-;54.9;824.9;1.1;2.0;209;0.0
KENAI;202507041140;23.9;55.6;824.8;1.5;3.9;116;0.0
KENAI;202507041150;-;58.2;824.8;1.1;3.4;156;0.0
KENAI;202507041200;-;57.8;824.4;0.6;3.2;37;0.0
KENAI;202507041210;-;55.7;824.3;1.0;4.6;298;0.0
KENAI;202507041220;-;54.2;824.3;2.9;4.0;198;0.0
KENAI;202507041230;23.6;52.8;824.3;1.2;3.1;357;0.0
KENAI;202507041240;-;51.0;824.3;2.4;3.4;152;0.0
KENAI;202507041250;-;53.6;824.1;1.7;3.6;189;0.0
KENAI;202507041300;-;51.8;824.1;1.0;2.7;133;0.0
KENAI;202507041310;24.3;51.1;824.2;0.8;2.9;119;0.0
KENAI;202507041320;-;54.2;824.3;2.3;3.6;172;0.0
