740
VRXZ07 LSSW 161608
Station/Location;Date;tre200s0;uor200s0;prestas0;fkl010z0;fkl010z1;dkl010z0;rre150z0
KENAI;202505161410;24.1;55.1;822.9;2.1;5.9;131;0.0
KENAI;202505161420;23.3;57.3;822.9;1.6;6.5;157;0.0
KENAI;202505161430;22.6;59.7;822.9;2.0;5.4;89;0.0
KENAI;202505161440;22.3;60.5;823.0;1.1;4.5;159;0.0
KENAI;202505161450;22.0;61.4;823.0;2.4;5.0;65;0.0
KENAI;202505161500;21.8;63.0;823.1;0.4;4.2;119;0.0
KENAI;202505161510;21.7;63.4;823.1;1.3;4.3;109;0.0
KENAI;202505161520;21.6;63.4;823.2;2.2;3.7;46;0.0
KENAI;202505161530;21.5;64.7;823.4;1.6;4.2;87;0.0
KENAI;202505161540;21.4;64.7;823.6;2.5;3.1;33;0.0
KENAI;202505161550;21.2;64.6;823.7;2.0;5.2;62;0.0
KENAI;202505161600;21.0;66.2;823.8;1.8;5.1;64;0.0
