717
VRXZ07 LSSW 141438
Station/Location;Date;tre200s0;uor200s0;prestas0;fkl010z0;fkl010z1;dkl010z0;rre150z0
KENAI;202504141240;24.8;52.4;822.4;1.7;3.9;29;0.0
KENAI;202504141250;24.2;54.0;822.3;1.1;4.0;114;0.0
KENAI;202504141300;23.8;55.8;822.4;2.5;4.2;68;0.0
KENAI;202504141310;23.6;56.3;822.3;1.3;6.1;107;0.0
KENAI;202504141320;23.7;55.6;822.3;0.7;3.3;112;0.0
KENAI;202504141330;23.7;54.0;822.1;2.4;4.4;75;0.0
KENAI;202504141340;23.9;55.2;822.1;1.6;3.6;85;0.0
KENAI;202504141350;-;-;-;-;4.7;-;-
KENAI;202504141400;24.2;57.4;822.1;1.6;4.9;108;0.0
KENAI;202504141410;23.6;58.3;822.2;2.6;4.1;78;0.0
KENAI;202504141420;23.4;60.8;822.2;2.5;3.8;68;0.0
KENAI;202504141430;22.9;62.5;822.3;2.2;3.6;59;0.0
