716
VRXZ07 LSSW 091518
Station/Location;Date;tre200s0;uor200s0;prestas0;fkl010z0;fkl010z1;dkl010z0;rre150z0
KENAI;202508091320;-;74.0;824.3;2.5;3.9;149;0.0
KENAI;202508091330;-;75.7;824.3;2.1;3.5;139;0.0
KENAI;202508091340;16.9;76.6;824.3;2.0;3.9;169;0.0
KENAI;202508091350;16.9;76.7;824.2;1.2;2.6;153;0.0
KENAI;202508091400;-;76.4;824.2;1.7;2.9;118;0.0
KENAI;202508091410;16.9;76.7;824.2;0.8;2.9;129;0.0
KENAI;202508091420;16.9;77.3;824.3;1.6;2.9;121;0.0
KENAI;202508091430;17.0;76.9;824.4;0.3;2.2;90;0.0
KENAI;202508091440;-;76.7;824.4;0.6;2.2;165;0.0
KENAI;202508091450;17.0;76.8;824.5;0.5;2.2;131;0.0
KENAI;202508091500;-;76.2;824.5;1.5;2.0;125;0.0
KENAI;202508091510;16.9;76.9;824.4;0.9;1.4;170;0.0
