575
VRXZ07 LSSW 261608
Station/Location;Date;tre200s0;uor200s0;prestas0;fkl010z0;fkl010z1;dkl010z0;rre150z0
KENAI;202504261410;24.9;48.8;821.9;1.7;4.9;59;0.0
KENAI;202504261420;24.2;49.7;822.0;3.2;5.3;20;0.0
KENAI;202504261430;23.9;50.7;822.1;2.8;6.1;51;0.0
KENAI;202504261440;23.8;52.9;822.3;1.9;4.5;60;0.0
KENAI;202504261450;23.3;52.7;822.2;3.1;5.0;41;0.0
KENAI;202504261500;22.8;55.3;822.3;1.5;5.1;77;0.0
KENAI;202504261510;22.2;57.7;822.3;2.6;4.9;69;0.0
KENAI;202504261520;21.9;57.2;822.5;1.5;5.5;29;0.0
KENAI;202504261530;21.5;60.3;822.4;1.6;3.6;52;0.0
KENAI;202504261540;-;60.9;822.6;1.8;3.7;36;0.0
KENAI;202504261550;20.9;62.3;822.6;2.1;3.6;45;0.0
KENAI;202504261600;20.8;62.5;822.6;1.7;2.9;58;0.0
