538
VRXZ07 LSSW 011628
Station/Location;Date;tre200s0;uor200s0;prestas0;fkl010z0;fkl010z1;dkl010z0;rre150z0
KENAI;202412011430;20.7;68.2;821.3;2.2;6.8;11;0.0
KENAI;202412011440;20.4;70.4;821.4;2.0;7.2;11;0.0
KENAI;202412011450;20.2;70.2;821.7;0.9;5.9;59;0.0
KENAI;202412011500;20.2;67.5;821.8;2.1;5.4;52;0.0
KENAI;202412011510;20.2;65.3;822.0;3.3;9.4;27;0.0
KENAI;202412011520;20.0;68.3;822.1;1.6;5.5;39;0.0
KENAI;202412011530;19.8;71.1;822.1;2.4;4.8;27;0.0
KENAI;202412011540;19.6;72.9;822.1;2.0;5.1;44;0.0
KENAI;202412011550;19.5;74.3;822.3;1.3;4.6;59;0.0
KENAI;202412011600;19.4;75.1;822.5;2.1;5.5;46;0.0
KENAI;202412011610;19.4;76.0;822.6;1.1;4.5;58;0.0
KENAI;202412011620;19.2;75.0;822.7;2.2;4.9;26;0.0
