921
VRXZ07 LSSW 092308
Station/Location;Date;tre200s0;uor200s0;prestas0;fkl010z0;fkl010z1;dkl010z0;rre150z0
KENAI;202502092110;19.7;59.5;823.7;0.7;2.3;51;0.0
KENAI;202502092120;19.8;59.5;823.6;1.2;2.5;64;0.0
KENAI;202502092130;19.9;60.1;823.5;1.5;3.1;99;0.0
KENAI;202502092140;19.8;60.5;823.3;1.5;3.4;46;0.0
KENAI;202502092150;19.5;61.7;823.1;1.0;3.2;28;0.0
KENAI;202502092200;19.4;62.3;823.2;1.4;3.7;38;0.0
KENAI;202502092210;19.4;62.9;823.1;1.3;3.3;58;0.0
KENAI;202502092220;19.4;63.1;823.0;2.8;3.6;60;0.0
KENAI;202502092230;19.3;63.8;822.7;3.4;3.9;33;0.0
KENAI;202502092240;19.2;64.5;822.6;1.3;3.3;57;0.0
KENAI;202502092250;19.2;65.2;822.4;1.0;2.8;52;0.0
KENAI;202502092300;19.2;65.4;822.4;1.0;4.3;82;0.0
