994
VRXZ07 LSSW 051038
Station/Location;Date;tre200s0;uor200s0;prestas0;fkl010z0;fkl010z1;dkl010z0;rre150z0
KENAI;202503050840;24.4;51.0;824.1;1.9;6.7;75;0.0
KENAI;202503050850;23.9;54.3;823.9;1.7;5.9;114;0.0
KENAI;202503050900;24.9;49.5;823.7;1.5;4.6;91;0.0
KENAI;202503050910;25.0;49.3;823.6;1.6;5.0;57;0.0
KENAI;202503050920;26.0;47.6;823.5;2.9;6.4;83;0.0
KENAI;202503050930;25.7;46.0;823.3;3.0;6.4;84;0.0
KENAI;202503050940;25.9;42.6;823.2;2.1;5.8;29;0.0
KENAI;202503050950;26.0;40.3;823.1;4.0;6.2;46;0.0
KENAI;202503051000;26.1;43.1;822.8;0.8;3.9;119;0.0
KENAI;202503051010;26.8;39.9;822.8;3.0;7.3;67;0.0
KENAI;202503051020;26.9;38.9;822.5;2.8;7.0;107;0.0
KENAI;202503051030;26.8;39.6;822.4;2.2;6.0;92;0.0
