728
VRXZ07 LSSW 171618
Station/Location;Date;tre200s0;uor200s0;prestas0;fkl010z0;fkl010z1;dkl010z0;rre150z0
KENAI;202505171420;22.6;58.7;823.0;2.4;6.3;93;0.0
KENAI;202505171430;22.2;59.4;823.0;2.2;4.1;95;0.0
KENAI;202505171440;22.1;60.8;823.1;1.4;3.4;146;0.0
KENAI;202505171450;22.0;61.7;823.2;1.8;4.1;154;0.0
KENAI;202505171500;21.8;61.8;823.3;1.7;3.8;139;0.0
KENAI;202505171510;21.4;62.4;823.4;1.1;3.9;105;0.0
KENAI;202505171520;21.1;64.6;823.5;2.1;3.2;103;0.0
KENAI;202505171530;20.8;-;823.6;2.0;4.6;-;0.0
KENAI;202505171540;20.6;66.1;823.6;1.6;3.4;76;0.0
KENAI;202505171550;20.4;67.2;823.6;0.9;2.4;94;0.0
KENAI;202505171600;20.1;68.1;823.6;0.7;2.8;64;0.0
KENAI;202505171610;19.9;68.9;823.8;1.1;2.5;104;0.0
