559
VRXZ07 LSSW 280618
Station/Location;Date;tre200s0;uor200s0;prestas0;fkl010z0;fkl010z1;dkl010z0;rre150z0
KENAI;202502280420;14.3;70.3;825.4;0.6;0.9;214;0.0
KENAI;202502280430;15.3;68.5;825.5;0.4;0.9;179;0.0
KENAI;202502280440;17.9;61.0;825.5;1.0;1.3;332;0.0
KENAI;202502280450;18.9;56.9;825.5;0.5;2.4;36;0.0
KENAI;202502280500;19.5;56.0;825.6;0.6;3.7;18;0.0
KENAI;202502280510;19.9;56.5;825.7;1.2;4.2;336;0.0
KENAI;202502280520;20.8;53.3;825.7;3.3;4.1;18;0.0
KENAI;202502280530;21.1;51.9;825.9;2.9;4.2;34;0.0
KENAI;202502280540;21.4;51.7;826.0;3.4;4.9;342;0.0
KENAI;202502280550;21.9;48.9;826.0;0.7;4.2;312;0.0
KENAI;202502280600;22.4;48.7;826.0;2.1;3.7;57;0.0
KENAI;202502280610;22.4;48.0;826.1;3.4;6.6;345;0.0
