087
VRXZ07 LSSW 051828
Station/Location;Date;tre200s0;uor200s0;prestas0;fkl010z0;fkl010z1;dkl010z0;rre150z0
KENAI;202507051630;-;82.6;825.0;0.3;1.4;43;0.0
KENAI;202507051640;17.1;83.1;825.2;0.8;1.3;55;0.0
KENAI;202507051650;-;84.4;825.4;0.5;1.8;53;0.0
KENAI;202507051700;16.9;84.6;825.5;0.0;1.2;0;0.0
KENAI;202507051710;-;85.0;825.6;0.5;1.4;56;0.0
KENAI;202507051720;17.3;84.0;825.6;0.7;1.6;5;0.0
KENAI;202507051730;-;83.7;825.7;0.7;1.9;318;0.0
KENAI;202507051740;17.4;83.7;825.8;0.6;1.6;93;0.0
KENAI;202507051750;17.3;84.0;826.0;1.0;2.2;97;0.0
KENAI;202507051800;17.3;83.4;826.1;0.9;2.2;54;0.0
KENAI;202507051810;17.4;83.0;826.2;0.4;1.3;44;0.0
KENAI;202507051820;-;83.6;826.2;0.6;2.2;22;0.0
