681
VRXZ07 LSSW 220438
Station/Location;Date;tre200s0;uor200s0;prestas0;fkl010z0;fkl010z1;dkl010z0;rre150z0
KENAI;202411220240;15.7;91.1;823.3;0.4;1.4;140;0.0
KENAI;202411220250;15.6;89.7;823.3;0.4;1.5;354;0.0
KENAI;202411220300;15.6;89.9;823.4;0.0;1.1;0;0.0
KENAI;202411220310;15.6;89.5;823.6;0.5;0.8;85;0.0
KENAI;202411220320;15.6;89.2;823.6;0.6;1.7;8;0.0
KENAI;202411220330;15.3;91.0;823.8;0.3;1.0;150;0.0
KENAI;202411220340;15.6;91.4;823.8;0.0;0.5;0;0.0
KENAI;202411220350;16.8;86.0;823.9;0.8;2.1;31;0.0
KENAI;202411220400;17.7;83.2;824.0;0.4;2.3;19;0.0
KENAI;202411220410;18.2;79.1;824.2;1.5;2.6;34;0.0
KENAI;202411220420;18.2;78.7;824.4;1.5;2.8;9;0.0
KENAI;202411220430;17.6;80.2;824.4;1.2;2.7;17;0.0
