709
VRXZ07 LSSW 222138
Station/Location;Date;tre200s0;uor200s0;prestas0;fkl010z0;fkl010z1;dkl010z0;rre150z0
KENAI;202507221940;-;78.2;827.2;0.6;2.0;121;0.0
KENAI;202507221950;-;78.5;827.2;1.0;2.1;128;0.0
KENAI;202507222000;-;78.8;827.2;1.3;2.3;144;0.0
KENAI;202507222010;-;79.2;827.1;0.6;2.0;118;0.0
KENAI;202507222020;-;79.6;827.0;0.7;1.6;129;0.0
KENAI;202507222030;-;80.6;826.9;0.4;1.5;130;0.0
KENAI;202507222040;-;81.3;827.0;0.4;1.0;198;0.0
KENAI;202507222050;-;82.1;826.8;0.5;1.4;105;0.0
KENAI;202507222100;-;84.1;826.9;0.4;1.0;109;0.0
KENAI;202507222110;-;84.8;826.7;0.0;0.5;0;0.0
KENAI;202507222120;-;83.8;826.6;0.5;1.3;131;0.0
KENAI;202507222130;-;84.3;826.5;0.4;0.9;166;0.0
