139
VRXZ07 LSSW 100948
Station/Location;Date;tre200s0;uor200s0;prestas0;fkl010z0;fkl010z1;dkl010z0;rre150z0
KENAI;202502100750;22.7;61.6;823.4;1.6;7.3;44;0.0
KENAI;202502100800;23.5;56.8;823.4;2.5;6.3;71;0.0
KENAI;202502100810;23.6;50.6;823.2;3.9;8.3;20;0.0
KENAI;202502100820;23.9;48.6;823.1;3.1;7.9;42;0.0
KENAI;202502100830;23.8;-;823.1;1.8;6.8;-;0.0
KENAI;202502100840;23.8;52.9;823.0;1.2;9.2;70;0.0
KENAI;202502100850;24.5;49.3;822.7;4.7;7.3;45;0.0
KENAI;202502100900;24.7;52.5;822.7;1.7;7.2;25;0.0
KENAI;202502100910;-;-;-;-;7.0;-;-
KENAI;202502100920;24.5;50.8;822.4;2.2;6.7;105;0.0
KENAI;202502100930;25.0;46.2;822.1;2.8;9.6;44;0.0
KENAI;202502100940;25.4;46.0;822.0;2.1;7.0;5;0.0
