772
VRXZ07 LSSW 290218
Station/Location;Date;tre200s0;uor200s0;prestas0;fkl010z0;fkl010z1;dkl010z0;rre150z0
KENAI;202411290020;17.1;93.1;824.3;0.0;2.4;0;0.0
KENAI;202411290030;17.1;93.2;824.3;1.0;2.5;289;0.0
KENAI;202411290040;17.1;92.8;824.3;0.4;1.1;202;0.0
KENAI;202411290050;17.0;93.1;824.4;0.3;1.0;225;0.0
KENAI;202411290100;16.9;93.5;824.5;0.0;0.8;0;0.0
KENAI;202411290110;17.0;93.0;824.5;0.6;0.7;196;0.0
KENAI;202411290120;17.0;92.6;824.6;0.3;0.7;337;0.0
KENAI;202411290130;17.3;91.0;824.6;0.9;1.7;2;0.0
KENAI;202411290140;17.4;89.9;824.6;0.5;1.7;311;0.0
KENAI;202411290150;17.3;89.0;824.6;0.9;1.8;314;0.0
KENAI;202411290200;17.3;88.6;824.7;1.3;2.3;309;0.0
KENAI;202411290210;17.3;88.3;824.6;0.0;2.4;0;0.0
