078
VRXZ07 LSSW 012138
Station/Location;Date;tre200s0;uor200s0;prestas0;fkl010z0;fkl010z1;dkl010z0;rre150z0
KENAI;202412011940;16.4;92.7;824.1;1.0;3.7;343;1.6
KENAI;202412011950;15.8;96.9;824.2;0.7;3.7;350;3.6
KENAI;202412012000;15.7;97.7;824.2;1.8;4.4;28;4.9
KENAI;202412012010;15.8;98.2;824.1;2.0;3.3;14;5.5
KENAI;202412012020;15.9;98.4;824.1;1.1;1.9;336;3.6
KENAI;202412012030;15.9;98.6;824.2;3.0;6.4;350;1.5
KENAI;202412012040;15.1;98.1;824.3;2.4;5.4;29;2.0
KENAI;202412012050;14.8;98.1;824.1;2.1;4.4;344;5.1
KENAI;202412012100;14.7;98.2;824.0;0.6;5.1;317;1.3
KENAI;202412012110;14.8;98.4;824.2;0.6;1.9;127;1.3
KENAI;202412012120;14.8;98.6;824.1;0.7;1.9;233;3.8
KENAI;202412012130;15.0;98.7;823.9;0.6;2.4;342;0.9
