831
VRXZ07 LSSW 022148
Station/Location;Date;tre200s0;uor200s0;prestas0;fkl010z0;fkl010z1;dkl010z0;rre150z0
KENAI;202507021950;-;70.0;826.7;0.5;1.6;114;0.0
KENAI;202507022000;-;71.2;826.8;0.6;0.9;163;0.0
KENAI;202507022010;-;71.4;826.6;0.7;1.0;355;0.0
KENAI;202507022020;17.4;71.3;826.6;0.6;1.7;185;0.0
KENAI;202507022030;17.4;72.0;826.6;0.9;1.8;170;0.0
KENAI;202507022040;-;72.8;826.6;0.9;3.4;125;0.0
KENAI;202507022050;-;74.2;826.5;0.7;2.1;156;0.0
KENAI;202507022100;-;75.7;826.5;0.9;2.2;160;0.0
KENAI;202507022110;16.5;76.9;826.5;0.9;2.3;54;0.0
KENAI;202507022120;-;77.6;826.5;0.7;2.5;82;0.0
KENAI;202507022130;-;78.8;826.5;2.2;3.5;106;0.0
KENAI;202507022140;-;79.7;826.4;1.5;3.5;60;0.0
