787
VRXZ07 LSSW 061658
Station/Location;Date;tre200s0;uor200s0;prestas0;fkl010z0;fkl010z1;dkl010z0;rre150z0
KENAI;202504061500;19.3;84.1;822.3;1.3;2.9;60;0.0
KENAI;202504061510;19.2;82.9;822.3;1.7;4.7;28;0.0
KENAI;202504061520;19.1;83.7;822.6;2.6;4.5;7;0.0
KENAI;202504061530;19.0;85.1;822.6;2.2;4.0;64;0.0
KENAI;202504061540;18.8;84.6;822.8;2.5;4.1;56;0.0
KENAI;202504061550;18.6;85.4;822.8;2.3;5.4;64;0.0
KENAI;202504061600;18.5;86.0;822.8;1.9;5.4;78;0.0
KENAI;202504061610;18.4;86.8;822.9;1.1;4.7;59;0.0
KENAI;202504061620;-;-;-;-;-;-;-
KENAI;202504061630;18.4;87.2;823.2;1.9;5.2;77;0.0
KENAI;202504061640;18.4;87.3;823.4;2.9;6.4;53;0.0
KENAI;202504061650;18.3;87.3;823.6;3.2;6.4;68;0.0
