680
VRXZ07 LSSW 100508
Station/Location;Date;tre200s0;uor200s0;prestas0;fkl010z0;fkl010z1;dkl010z0;rre150z0
KENAI;202502100310;17.7;81.5;822.5;1.4;3.2;11;0.0
KENAI;202502100320;17.6;81.8;822.6;2.1;3.1;7;0.0
KENAI;202502100330;17.5;82.5;822.6;1.1;2.6;34;0.0
KENAI;202502100340;17.2;83.7;822.6;1.7;3.9;17;0.0
KENAI;202502100350;17.1;84.4;822.7;0.8;2.3;48;0.0
KENAI;202502100400;17.2;84.5;822.8;0.9;3.0;359;0.0
KENAI;202502100410;17.3;84.1;822.8;0.4;2.7;12;0.0
KENAI;202502100420;17.7;82.5;822.8;1.6;2.7;342;0.0
KENAI;202502100430;17.8;82.7;822.9;1.9;3.0;17;0.0
KENAI;202502100440;-;-;-;-;3.5;-;-
KENAI;202502100450;17.7;83.9;823.1;1.4;3.7;20;0.0
KENAI;202502100500;17.9;80.4;823.2;1.0;3.1;14;0.0
