598
VRXZ07 LSSW 120848
Station/Location;Date;tre200s0;uor200s0;prestas0;fkl010z0;fkl010z1;dkl010z0;rre150z0
KENAI;202503120650;20.1;79.6;824.8;2.3;3.7;48;0.0
KENAI;202503120700;-;-;-;-;4.3;-;-
KENAI;202503120710;21.0;75.1;824.9;1.6;4.2;355;0.0
KENAI;202503120720;21.2;75.5;824.7;1.7;4.3;77;0.0
KENAI;202503120730;21.5;72.8;824.5;2.6;5.0;355;0.0
KENAI;202503120740;-;-;-;-;4.6;-;-
KENAI;202503120750;21.3;72.4;824.5;3.0;6.0;11;0.0
KENAI;202503120800;21.8;73.3;824.4;1.7;4.7;76;0.0
KENAI;202503120810;21.8;70.1;824.4;2.9;5.2;65;0.0
KENAI;202503120820;22.2;71.1;824.3;2.4;6.2;358;0.0
KENAI;202503120830;22.5;67.4;824.3;3.8;6.1;24;0.0
KENAI;202503120840;22.6;67.3;824.3;2.9;5.4;15;0.0
