592
VRXZ07 LSSW 091928
Station/Location;Date;tre200s0;uor200s0;prestas0;fkl010z0;fkl010z1;dkl010z0;rre150z0
KENAI;202504091730;21.1;72.4;824.3;2.4;5.3;89;0.0
KENAI;202504091740;21.0;72.8;824.5;1.6;4.1;60;0.0
KENAI;202504091750;20.9;74.3;824.6;1.5;2.3;66;0.0
KENAI;202504091800;20.7;76.0;824.5;1.2;3.0;32;0.0
KENAI;202504091810;20.4;79.9;824.9;2.3;4.1;58;0.0
KENAI;202504091820;19.9;84.3;824.9;1.6;3.8;58;0.1
KENAI;202504091830;19.6;85.8;824.8;1.2;3.1;18;0.0
KENAI;202504091840;19.6;86.4;824.9;1.5;4.1;45;0.0
KENAI;202504091850;19.7;86.8;825.3;1.0;4.6;44;0.0
KENAI;202504091900;19.8;87.5;825.6;2.6;6.1;72;0.0
KENAI;202504091910;19.7;85.2;825.8;2.7;6.0;58;0.0
KENAI;202504091920;19.0;82.6;825.8;2.5;6.2;351;0.0
