610
VRXZ07 LSSW 191418
Station/Location;Date;tre200s0;uor200s0;prestas0;fkl010z0;fkl010z1;dkl010z0;rre150z0
KENAI;202506191220;22.8;59.4;825.1;0.7;2.5;116;0.0
KENAI;202506191230;23.2;57.2;825.0;0.9;2.2;113;0.0
KENAI;202506191240;23.3;54.0;824.9;1.6;3.5;87;0.0
KENAI;202506191250;23.4;54.4;824.8;1.1;4.3;183;0.0
KENAI;202506191300;23.6;53.5;824.7;3.3;3.7;108;0.0
KENAI;202506191310;24.1;52.5;824.7;0.5;3.3;215;0.0
KENAI;202506191320;23.1;54.2;824.7;1.1;4.2;147;0.0
KENAI;202506191330;22.7;55.0;824.6;1.5;3.3;118;0.0
KENAI;202506191340;22.7;55.2;824.6;2.2;3.7;161;0.0
KENAI;202506191350;-;55.3;824.7;1.0;3.7;154;0.0
KENAI;202506191400;-;55.7;824.7;1.1;3.8;77;0.0
KENAI;202506191410;22.2;57.6;824.7;1.8;2.7;175;0.0
