566
VRXZ07 LSSW 072228
Station/Location;Date;tre200s0;uor200s0;prestas0;fkl010z0;fkl010z1;dkl010z0;rre150z0
KENAI;202504072030;17.7;88.7;826.1;0.4;1.9;18;0.0
KENAI;202504072040;17.6;89.2;826.1;0.3;1.8;0;0.0
KENAI;202504072050;17.6;90.0;826.0;0.7;2.3;6;0.0
KENAI;202504072100;17.5;90.6;826.0;0.8;3.0;26;0.0
KENAI;202504072110;17.7;90.1;825.9;0.8;2.6;355;0.0
KENAI;202504072120;17.8;90.0;825.8;0.9;3.3;16;0.0
KENAI;202504072130;17.7;90.2;825.6;2.0;3.0;13;0.0
KENAI;202504072140;17.7;90.4;825.6;0.7;3.3;348;0.0
KENAI;202504072150;17.8;90.4;825.5;0.9;3.0;2;0.0
KENAI;202504072200;17.7;90.9;825.3;1.7;2.1;84;0.0
KENAI;202504072210;17.9;90.6;825.3;1.0;2.4;57;0.0
KENAI;202504072220;18.0;90.1;825.3;1.7;2.4;100;0.0
