557
VRXZ07 LSSW 170158
Station/Location;Date;tre200s0;uor200s0;prestas0;fkl010z0;fkl010z1;dkl010z0;rre150z0
KENAI;202411170000;14.8;95.5;822.6;0.3;0.7;225;0.0
KENAI;202411170010;14.9;94.7;822.8;0.4;0.7;170;0.0
KENAI;202411170020;14.9;94.0;822.8;0.0;0.7;0;0.0
KENAI;202411170030;-;-;-;-;0.3;-;-
KENAI;202411170040;-;-;-;-;0.6;-;-
KENAI;202411170050;15.1;94.8;822.9;0.6;0.8;218;0.0
KENAI;202411170100;15.1;94.7;822.9;0.8;1.3;202;0.0
KENAI;202411170110;15.1;94.8;822.9;0.0;0.7;0;0.0
KENAI;202411170120;15.3;94.3;823.0;0.0;0.3;0;0.0
KENAI;202411170130;15.2;94.7;823.0;0.0;0.7;0;0.0
KENAI;202411170140;15.2;94.8;823.1;0.4;0.6;348;0.0
KENAI;202411170150;15.4;93.9;823.1;0.5;0.6;95;0.0
