847
VRXZ07 LSSW 031248
Station/Location;Date;tre200s0;uor200s0;prestas0;fkl010z0;fkl010z1;dkl010z0;rre150z0
KENAI;202503031050;27.3;29.4;822.0;2.9;5.9;83;0.0
KENAI;202503031100;27.6;27.2;821.8;3.8;6.4;47;0.0
KENAI;202503031110;27.6;24.2;821.7;6.8;8.2;105;0.0
KENAI;202503031120;27.8;27.8;821.6;2.3;8.3;59;0.0
KENAI;202503031130;28.1;26.7;821.4;2.0;6.5;62;0.0
KENAI;202503031140;28.0;27.8;821.3;3.6;9.5;73;0.0
KENAI;202503031150;28.3;23.2;821.0;2.5;7.1;41;0.0
KENAI;202503031200;28.4;24.4;820.8;3.8;7.4;16;0.0
KENAI;202503031210;28.7;25.5;820.8;3.3;5.6;13;0.0
KENAI;202503031220;28.9;22.5;820.7;1.8;6.6;36;0.0
KENAI;202503031230;28.5;20.8;820.6;1.7;7.8;55;0.0
KENAI;202503031240;28.2;24.3;820.6;3.9;8.3;60;0.0
