059
VRXZ07 LSSW 311908
Station/Location;Date;tre200s0;uor200s0;prestas0;fkl010z0;fkl010z1;dkl010z0;rre150z0
KENAI;202507311710;19.3;54.8;826.8;0.6;3.2;85;0.0
KENAI;202507311720;-;56.3;827.0;0.3;2.1;39;0.0
KENAI;202507311730;18.7;56.8;827.1;0.9;2.6;71;0.0
KENAI;202507311740;18.4;57.8;827.1;0.3;2.2;80;0.0
KENAI;202507311750;18.2;58.6;827.1;0.5;1.3;95;0.0
KENAI;202507311800;17.6;61.1;827.2;0.9;1.7;72;0.0
KENAI;202507311810;-;61.1;827.3;0.4;1.6;104;0.0
KENAI;202507311820;-;60.9;827.4;0.7;1.6;89;0.0
KENAI;202507311830;-;61.7;827.4;1.2;1.6;115;0.0
KENAI;202507311840;-;64.5;827.5;1.1;2.5;132;0.0
KENAI;202507311850;-;66.0;827.6;0.8;1.7;190;0.0
KENAI;202507311900;16.2;67.6;827.6;0.4;1.3;234;0.0
