146
VRXZ07 LSSW 152058
Station/Location;Date;tre200s0;uor200s0;prestas0;fkl010z0;fkl010z1;dkl010z0;rre150z0
KENAI;202507151900;17.3;73.7;826.6;0.5;1.0;224;0.0
KENAI;202507151910;17.1;74.6;826.6;0.7;0.9;252;0.0
KENAI;202507151920;-;73.4;826.6;0.0;1.0;0;0.0
KENAI;202507151930;-;75.7;826.6;0.0;0.9;0;0.0
KENAI;202507151940;-;73.4;826.6;0.6;0.7;220;0.0
KENAI;202507151950;-;74.4;826.5;0.4;0.8;232;0.0
KENAI;202507152000;17.1;73.7;826.5;0.3;1.1;134;0.0
KENAI;202507152010;16.8;74.9;826.4;0.5;1.6;172;0.0
KENAI;202507152020;-;74.1;826.4;0.7;3.0;107;0.0
KENAI;202507152030;-;73.7;826.3;1.2;1.5;154;0.0
KENAI;202507152040;-;74.7;826.3;0.6;1.5;163;0.0
KENAI;202507152050;16.5;74.8;826.2;1.2;2.0;197;0.0
