188
VRXZ07 LSSW 180728
Station/Location;Date;tre200s0;uor200s0;prestas0;fkl010z0;fkl010z1;dkl010z0;rre150z0
KENAI;202503180530;19.5;78.1;824.8;1.4;3.0;148;0.0
KENAI;202503180540;-;-;-;-;3.4;-;-
KENAI;202503180550;19.0;79.3;825.1;1.7;3.1;106;0.0
KENAI;202503180600;18.7;78.7;825.3;2.0;3.9;94;0.0
KENAI;202503180610;18.3;79.0;825.4;3.0;4.3;58;0.0
KENAI;202503180620;18.2;78.6;825.6;1.6;5.3;34;0.0
KENAI;202503180630;18.3;78.6;825.6;2.5;4.3;44;0.0
KENAI;202503180640;18.6;79.1;825.5;1.0;3.2;59;0.0
KENAI;202503180650;19.0;76.8;825.6;1.5;3.6;30;0.0
KENAI;202503180700;18.8;75.4;825.4;2.3;4.7;313;0.0
KENAI;202503180710;19.1;76.6;825.2;2.3;4.3;64;0.0
KENAI;202503180720;19.5;72.5;825.3;2.1;4.2;20;0.0
