824
VRXZ07 LSSW 181658
Station/Location;Date;tre200s0;uor200s0;prestas0;fkl010z0;fkl010z1;dkl010z0;rre150z0
KENAI;202505181500;22.6;57.2;822.4;1.3;2.6;128;0.0
KENAI;202505181510;-;62.3;822.6;1.6;3.8;128;0.0
KENAI;202505181520;-;65.6;822.7;0.8;3.0;110;0.0
KENAI;202505181530;21.4;67.5;822.8;1.0;2.6;181;0.0
KENAI;202505181540;-;68.1;822.9;1.0;3.0;152;0.0
KENAI;202505181550;20.9;69.6;823.2;1.5;5.8;155;0.0
KENAI;202505181600;20.4;71.6;823.2;1.6;4.0;156;0.0
KENAI;202505181610;-;73.6;823.3;1.5;3.8;176;0.0
KENAI;202505181620;19.7;75.1;823.3;1.1;3.8;164;0.0
KENAI;202505181630;19.4;76.6;823.5;1.1;3.7;166;0.0
KENAI;202505181640;19.2;78.0;823.6;2.0;3.6;156;0.0
KENAI;202505181650;19.0;79.0;823.7;1.2;4.3;158;0.0
