563
VRXZ07 LSSW 040958
Station/Location;Date;tre200s0;uor200s0;prestas0;fkl010z0;fkl010z1;dkl010z0;rre150z0
KENAI;202508040800;-;61.5;828.0;0.6;2.9;37;0.0
KENAI;202508040810;-;60.4;827.9;1.3;2.8;18;0.0
KENAI;202508040820;18.5;59.1;827.9;1.4;4.4;8;0.0
KENAI;202508040830;18.2;57.7;827.7;2.3;4.3;327;0.0
KENAI;202508040840;18.6;56.8;827.8;1.5;3.5;17;0.0
KENAI;202508040850;19.8;53.3;827.6;3.0;4.0;75;0.0
KENAI;202508040900;19.5;54.7;827.3;0.7;3.1;36;0.0
KENAI;202508040910;-;-;-;-;3.9;-;-
KENAI;202508040920;-;52.4;827.0;0.5;5.8;153;0.0
KENAI;202508040930;19.4;54.2;827.1;0.9;3.6;152;0.0
KENAI;202508040940;-;53.6;827.0;1.0;4.5;131;0.0
KENAI;202508040950;20.6;51.0;826.6;0.0;2.3;0;0.0
