978
VRXZ07 LSSW 011818
Station/Location;Date;tre200s0;uor200s0;prestas0;fkl010z0;fkl010z1;dkl010z0;rre150z0
KENAI;202504011620;20.9;56.1;821.7;1.8;2.4;72;0.0
KENAI;202504011630;21.0;59.2;821.8;1.1;6.1;62;0.0
KENAI;202504011640;21.0;61.4;822.0;1.8;5.1;42;0.0
KENAI;202504011650;20.6;65.3;822.1;2.4;4.3;29;0.0
KENAI;202504011700;20.4;69.4;822.2;2.8;3.6;55;0.0
KENAI;202504011710;20.1;-;822.2;1.9;4.5;-;0.0
KENAI;202504011720;19.9;73.6;822.3;1.0;3.3;58;0.0
KENAI;202504011730;19.9;73.3;822.6;0.9;4.6;42;0.0
KENAI;202504011740;19.9;73.6;822.8;0.8;4.0;42;0.0
KENAI;202504011750;19.9;74.1;823.0;0.8;2.5;17;0.0
KENAI;202504011800;19.9;75.2;823.0;0.8;3.9;43;0.0
KENAI;202504011810;19.7;76.5;823.2;0.9;3.5;28;0.0
