358
VRXZ07 LSSW 120908
Station/Location;Date;tre200s0;uor200s0;prestas0;fkl010z0;fkl010z1;dkl010z0;rre150z0
KENAI;202505120710;23.0;67.2;826.7;0.9;3.2;183;0.0
KENAI;202505120720;23.0;69.3;826.7;1.5;3.4;269;0.0
KENAI;202505120730;22.7;72.4;826.6;0.9;3.7;166;0.0
KENAI;202505120740;22.6;68.2;826.5;0.8;3.3;121;0.0
KENAI;202505120750;23.2;66.2;826.5;2.1;4.0;134;0.0
KENAI;202505120800;22.0;68.5;826.5;1.5;3.3;161;0.0
KENAI;202505120810;23.3;69.0;826.4;1.2;4.4;210;0.0
KENAI;202505120820;22.9;68.3;826.3;1.0;5.0;150;0.0
KENAI;202505120830;22.5;70.5;826.2;2.1;3.2;183;0.0
KENAI;202505120840;23.1;68.4;826.2;1.3;2.8;184;0.0
KENAI;202505120850;-;67.0;826.0;2.5;4.0;286;0.0
KENAI;202505120900;23.3;69.9;826.0;1.1;3.6;172;0.0
