371
VRXZ07 LSSW 221728
Station/Location;Date;tre200s0;uor200s0;prestas0;fkl010z0;fkl010z1;dkl010z0;rre150z0
KENAI;202502221530;23.8;-;822.6;2.1;5.7;-;0.0
KENAI;202502221540;23.4;27.8;822.8;1.4;8.3;53;0.0
KENAI;202502221550;22.9;28.4;822.9;1.0;7.7;58;0.0
KENAI;202502221600;22.6;28.8;823.0;2.8;5.1;60;0.0
KENAI;202502221610;22.6;29.4;823.1;2.9;7.0;30;0.0
KENAI;202502221620;22.5;-;823.1;2.9;6.6;-;0.0
KENAI;202502221630;22.4;30.8;823.2;2.9;5.8;22;0.0
KENAI;202502221640;22.2;31.7;823.4;3.3;4.9;19;0.0
KENAI;202502221650;21.8;33.1;823.5;1.6;3.3;4;0.0
KENAI;202502221700;21.5;35.0;823.6;2.5;5.0;40;0.0
KENAI;202502221710;21.4;36.2;823.7;2.7;6.2;3;0.0
KENAI;202502221720;21.3;37.7;823.9;3.3;5.8;19;0.0
