892
VRXZ07 LSSW 230238
Station/Location;Date;tre200s0;uor200s0;prestas0;fkl010z0;fkl010z1;dkl010z0;rre150z0
KENAI;202506230040;-;91.6;824.8;1.0;1.8;182;0.0
KENAI;202506230050;-;91.3;824.8;1.9;2.6;144;0.0
KENAI;202506230100;-;91.3;824.8;1.0;2.3;171;0.0
KENAI;202506230110;-;91.2;824.8;1.0;2.5;163;0.0
KENAI;202506230120;-;90.5;824.8;0.9;2.3;140;0.0
KENAI;202506230130;-;90.3;824.8;0.7;1.4;100;0.0
KENAI;202506230140;-;90.4;824.9;0.6;1.3;55;0.0
KENAI;202506230150;-;90.5;825.0;0.4;1.4;100;0.0
KENAI;202506230200;-;90.2;824.9;0.7;1.5;131;0.0
KENAI;202506230210;-;89.8;825.1;0.5;2.0;136;0.0
KENAI;202506230220;-;90.0;825.1;1.5;2.3;161;0.0
KENAI;202506230230;-;90.2;825.2;0.7;1.9;149;0.0
