850
VRXZ07 LSSW 242318
Station/Location;Date;tre200s0;uor200s0;prestas0;fkl010z0;fkl010z1;dkl010z0;rre150z0
KENAI;202411242120;15.3;98.9;824.1;0.7;2.0;219;0.0
KENAI;202411242130;15.3;98.7;824.0;0.0;2.5;0;0.3
KENAI;202411242140;15.5;98.5;823.9;0.8;2.7;276;1.8
KENAI;202411242150;15.6;98.2;823.8;1.1;2.5;339;3.3
KENAI;202411242200;15.5;98.5;823.7;1.1;2.0;179;1.9
KENAI;202411242210;15.4;98.8;823.6;0.7;2.2;278;0.8
KENAI;202411242220;15.4;98.8;823.5;1.0;1.9;307;0.7
KENAI;202411242230;15.4;98.7;823.5;1.3;2.9;280;0.3
KENAI;202411242240;15.5;98.7;823.3;0.5;1.2;312;0.1
KENAI;202411242250;15.5;98.8;823.3;0.0;1.4;0;0.0
KENAI;202411242300;15.5;98.8;823.3;0.7;2.0;4;0.0
KENAI;202411242310;15.5;98.7;823.2;0.8;2.0;322;0.0
