423
VRXZ07 LSSW 221008
Station/Location;Date;tre200s0;uor200s0;prestas0;fkl010z0;fkl010z1;dkl010z0;rre150z0
KENAI;202504220810;20.9;76.8;825.2;2.0;4.0;120;0.0
KENAI;202504220820;20.9;72.9;825.1;1.1;5.4;25;0.0
KENAI;202504220830;21.2;-;825.0;1.1;4.4;-;0.0
KENAI;202504220840;21.5;68.6;824.9;1.5;4.6;59;0.0
KENAI;202504220850;21.6;68.1;824.8;3.3;4.8;65;0.0
KENAI;202504220900;22.5;67.7;824.6;3.6;5.9;8;0.0
KENAI;202504220910;22.5;67.3;824.5;3.5;5.4;75;0.0
KENAI;202504220920;22.5;68.5;824.2;2.4;5.3;142;0.0
KENAI;202504220930;23.0;65.6;824.1;1.8;5.1;13;0.0
KENAI;202504220940;22.7;63.7;824.1;2.7;5.4;106;0.0
KENAI;202504220950;22.3;67.5;823.9;1.8;5.2;74;0.0
KENAI;202504221000;22.2;66.7;823.7;2.3;5.2;88;0.0
