240
VRXZ07 LSSW 060958
Station/Location;Date;tre200s0;uor200s0;prestas0;fkl010z0;fkl010z1;dkl010z0;rre150z0
KENAI;202504060800;19.7;80.4;825.0;1.8;5.1;65;0.0
KENAI;202504060810;19.8;78.6;824.8;2.5;4.8;59;0.0
KENAI;202504060820;19.0;83.6;824.8;1.6;4.6;40;0.3
KENAI;202504060830;20.3;82.5;824.6;2.8;4.8;77;0.0
KENAI;202504060840;20.6;78.2;824.6;2.2;5.7;69;0.0
KENAI;202504060850;20.4;76.6;824.5;1.2;5.3;348;0.0
KENAI;202504060900;20.0;78.0;824.3;1.3;4.6;16;0.0
KENAI;202504060910;19.5;80.1;824.1;1.9;3.8;40;0.1
KENAI;202504060920;19.3;81.9;824.1;1.1;3.7;53;0.1
KENAI;202504060930;19.6;84.6;823.9;0.7;3.2;45;0.1
KENAI;202504060940;20.2;79.4;823.7;2.0;3.6;16;0.0
KENAI;202504060950;21.3;78.0;823.6;2.6;3.8;48;0.0
