307
VRXZ07 LSSW 250028
Station/Location;Date;tre200s0;uor200s0;prestas0;fkl010z0;fkl010z1;dkl010z0;rre150z0
KENAI;202507242230;-;78.2;825.8;0.6;1.0;78;0.0
KENAI;202507242240;14.1;77.3;825.7;0.3;0.7;109;0.0
KENAI;202507242250;14.3;76.2;825.6;0.0;1.2;0;0.0
KENAI;202507242300;-;78.0;825.5;0.7;0.8;163;0.0
KENAI;202507242310;13.9;78.8;825.4;0.3;1.1;194;0.0
KENAI;202507242320;-;80.0;825.3;1.3;1.8;194;0.0
KENAI;202507242330;13.7;80.7;825.4;0.7;1.1;283;0.0
KENAI;202507242340;-;80.5;825.4;0.5;1.4;254;0.0
KENAI;202507242350;-;81.5;825.2;0.7;2.1;218;0.0
KENAI;202507250000;-;82.2;825.0;0.5;1.2;206;0.0
KENAI;202507250010;-;83.2;825.0;0.5;1.8;221;0.0
KENAI;202507250020;-;83.6;824.7;0.6;1.4;262;0.0
