164
VRXZ07 LSSW 292048
Station/Location;Date;tre200s0;uor200s0;prestas0;fkl010z0;fkl010z1;dkl010z0;rre150z0
KENAI;202506291850;-;76.8;825.8;0.4;0.9;61;0.0
KENAI;202506291900;16.2;73.9;825.7;0.0;0.7;0;0.0
KENAI;202506291910;-;71.0;825.9;0.6;0.9;127;0.0
KENAI;202506291920;-;69.7;826.0;1.4;2.6;60;0.0
KENAI;202506291930;16.9;69.8;826.1;1.0;1.9;122;0.0
KENAI;202506291940;16.8;70.1;826.1;1.4;2.0;174;0.0
KENAI;202506291950;-;70.1;826.1;0.8;1.7;124;0.0
KENAI;202506292000;-;70.7;826.0;2.1;2.7;106;0.0
KENAI;202506292010;-;71.7;826.1;1.5;2.4;76;0.0
KENAI;202506292020;-;72.6;826.0;0.7;2.0;58;0.0
KENAI;202506292030;-;73.2;826.0;0.5;2.1;132;0.0
KENAI;202506292040;-;73.2;825.9;1.0;1.8;113;0.0
