186
VRXZ07 LSSW 190008
Station/Location;Date;tre200s0;uor200s0;prestas0;fkl010z0;fkl010z1;dkl010z0;rre150z0
KENAI;202506182210;-;93.4;826.4;0.8;1.9;128;0.0
KENAI;202506182220;-;93.9;826.4;1.1;1.8;130;0.0
KENAI;202506182230;-;93.6;826.3;0.6;1.7;151;0.0
KENAI;202506182240;-;93.0;826.3;0.8;1.3;170;0.0
KENAI;202506182250;-;92.9;826.2;0.4;1.7;136;0.0
KENAI;202506182300;-;92.7;826.1;0.8;1.2;123;0.0
KENAI;202506182310;15.5;92.4;826.0;0.7;1.0;97;0.0
KENAI;202506182320;15.6;91.1;825.9;0.5;1.3;151;0.0
KENAI;202506182330;-;91.3;825.8;0.4;1.2;102;0.0
KENAI;202506182340;-;91.4;825.7;0.0;1.6;0;0.0
KENAI;202506182350;-;90.8;825.7;0.8;1.2;131;0.0
KENAI;202506190000;-;90.7;825.7;0.9;1.2;174;0.0
