963
VRXZ07 LSSW 090148
Station/Location;Date;tre200s0;uor200s0;prestas0;fkl010z0;fkl010z1;dkl010z0;rre150z0
KENAI;202503082350;19.7;73.7;821.0;1.1;4.8;55;0.0
KENAI;202503090000;19.5;75.1;820.9;1.6;3.2;68;0.0
KENAI;202503090010;19.3;76.6;820.8;0.9;4.1;106;0.0
KENAI;202503090020;19.2;77.9;820.7;1.1;3.6;11;0.0
KENAI;202503090030;19.3;-;820.8;1.1;3.4;-;0.0
KENAI;202503090040;19.3;79.2;821.0;1.0;3.3;59;0.0
KENAI;202503090050;19.2;80.1;821.0;1.2;3.9;352;0.0
KENAI;202503090100;19.1;80.9;820.9;2.0;3.7;15;0.0
KENAI;202503090110;18.8;81.7;820.9;1.0;3.0;43;0.0
KENAI;202503090120;18.8;82.6;821.0;1.6;2.6;27;0.0
KENAI;202503090130;18.9;82.4;821.0;1.0;2.8;37;0.0
KENAI;202503090140;18.9;82.5;821.1;1.2;2.7;58;0.0
