638
VRXZ07 LSSW 081458
Station/Location;Date;tre200s0;uor200s0;prestas0;fkl010z0;fkl010z1;dkl010z0;rre150z0
KENAI;202505081300;-;-;821.9;1.1;2.9;-;0.0
KENAI;202505081310;-;62.3;821.8;1.1;3.2;150;0.0
KENAI;202505081320;-;62.7;821.8;1.9;3.7;169;0.0
KENAI;202505081330;22.5;64.3;822.0;2.1;4.4;176;0.0
KENAI;202505081340;-;62.9;822.1;2.8;5.0;139;0.0
KENAI;202505081350;21.7;65.5;822.2;2.4;5.0;123;0.0
KENAI;202505081400;21.6;66.8;822.3;0.9;3.7;156;0.0
KENAI;202505081410;-;67.2;822.3;1.5;3.2;160;0.0
KENAI;202505081420;-;67.5;822.3;1.1;3.9;176;0.0
KENAI;202505081430;-;70.1;822.3;0.0;3.1;0;0.0
KENAI;202505081440;-;68.6;822.4;0.6;2.3;126;0.0
KENAI;202505081450;20.8;70.1;822.5;1.2;2.3;165;0.0
