818
VRXZ07 LSSW 150108
Station/Location;Date;tre200s0;uor200s0;prestas0;fkl010z0;fkl010z1;dkl010z0;rre150z0
KENAI;202508142310;-;80.4;825.5;0.5;1.1;155;0.0
KENAI;202508142320;-;80.7;825.3;0.5;1.1;153;0.0
KENAI;202508142330;14.7;81.6;825.3;0.6;0.9;109;0.0
KENAI;202508142340;-;80.9;825.3;0.4;0.6;347;0.0
KENAI;202508142350;-;80.6;825.3;0.4;0.6;108;0.0
KENAI;202508150000;-;80.9;825.3;0.5;0.9;69;0.0
KENAI;202508150010;-;82.4;825.3;0.0;0.6;0;0.0
KENAI;202508150020;-;82.0;825.2;0.7;1.0;136;0.0
KENAI;202508150030;-;81.7;825.2;1.0;1.4;197;0.0
KENAI;202508150040;-;81.3;825.2;1.0;1.6;179;0.0
KENAI;202508150050;-;82.0;825.2;0.8;1.2;218;0.0
KENAI;202508150100;-;83.4;825.3;0.9;1.3;197;0.0
