628
VRXZ07 LSSW 251318
Station/Location;Date;tre200s0;uor200s0;prestas0;fkl010z0;fkl010z1;dkl010z0;rre150z0
KENAI;202503251120;25.7;47.2;822.6;1.7;5.8;70;0.0
KENAI;202503251130;25.7;47.6;822.5;2.1;4.2;10;0.0
KENAI;202503251140;25.8;44.1;822.3;3.8;4.9;49;0.0
KENAI;202503251150;25.6;47.4;822.1;1.6;5.0;31;0.0
KENAI;202503251200;25.6;48.7;822.0;1.5;4.8;28;0.0
KENAI;202503251210;25.6;50.3;821.9;2.8;6.1;13;0.0
KENAI;202503251220;25.7;50.7;821.9;2.3;4.4;92;0.0
KENAI;202503251230;26.0;49.7;821.8;1.7;3.8;13;0.0
KENAI;202503251240;25.8;49.2;821.6;1.9;5.4;90;0.0
KENAI;202503251250;26.0;49.6;821.6;1.1;4.6;86;0.0
KENAI;202503251300;25.8;51.7;821.5;3.8;5.9;8;0.0
KENAI;202503251310;25.6;52.7;821.3;3.0;5.2;19;0.0
