881
VRXZ07 LSSW 172328
Station/Location;Date;tre200s0;uor200s0;prestas0;fkl010z0;fkl010z1;dkl010z0;rre150z0
KENAI;202507172130;-;77.9;827.4;1.2;3.1;148;0.0
KENAI;202507172140;-;79.1;827.3;1.0;2.7;180;0.0
KENAI;202507172150;-;80.4;827.2;1.5;3.4;224;0.0
KENAI;202507172200;-;81.2;827.3;1.1;2.5;193;0.0
KENAI;202507172210;-;81.9;827.4;1.3;2.6;177;0.0
KENAI;202507172220;-;82.3;827.4;0.8;2.0;163;0.0
KENAI;202507172230;-;83.0;827.3;0.9;1.7;198;0.0
KENAI;202507172240;-;83.7;827.0;1.2;1.3;182;0.0
KENAI;202507172250;-;84.2;826.9;0.5;1.6;143;0.0
KENAI;202507172300;-;85.5;826.9;0.5;0.9;95;0.0
KENAI;202507172310;-;86.3;826.8;0.5;1.4;144;0.0
KENAI;202507172320;-;87.1;826.9;0.6;0.7;230;0.0
