809
VRXZ07 LSSW 082148
Station/Location;Date;tre200s0;uor200s0;prestas0;fkl010z0;fkl010z1;dkl010z0;rre150z0
KENAI;202503081950;22.3;57.9;822.2;3.2;6.8;75;0.0
KENAI;202503082000;22.3;57.9;822.1;3.1;6.5;56;0.0
KENAI;202503082010;22.1;58.5;822.2;2.4;6.4;12;0.0
KENAI;202503082020;22.0;59.0;822.2;3.8;5.9;70;0.0
KENAI;202503082030;21.9;59.8;822.3;2.8;5.4;46;0.0
KENAI;202503082040;21.8;60.9;822.2;2.3;6.3;73;0.0
KENAI;202503082050;21.7;61.9;822.3;3.0;6.0;39;0.0
KENAI;202503082100;21.7;62.5;822.3;1.2;5.5;57;0.0
KENAI;202503082110;21.5;63.4;822.3;2.7;6.7;36;0.0
KENAI;202503082120;21.4;64.3;822.3;2.5;6.7;34;0.0
KENAI;202503082130;21.3;64.8;822.2;1.1;5.1;40;0.0
KENAI;202503082140;21.2;65.3;822.1;2.5;5.1;66;0.0
