978
VRXZ07 LSSW 191018
Station/Location;Date;tre200s0;uor200s0;prestas0;fkl010z0;fkl010z1;dkl010z0;rre150z0
KENAI;202502190820;25.0;37.9;824.7;1.8;5.3;29;0.0
KENAI;202502190830;24.9;36.6;824.7;1.9;5.6;19;0.0
KENAI;202502190840;25.4;37.3;824.5;2.3;5.8;94;0.0
KENAI;202502190850;25.3;36.5;824.5;1.5;5.9;61;0.0
KENAI;202502190900;25.5;30.4;824.3;0.9;4.9;91;0.0
KENAI;202502190910;25.4;30.7;824.1;1.8;6.4;337;0.0
KENAI;202502190920;26.0;28.6;824.0;3.1;6.6;59;0.0
KENAI;202502190930;25.9;34.7;823.8;3.1;5.8;76;0.0
KENAI;202502190940;26.1;31.9;823.6;3.6;6.5;83;0.0
KENAI;202502190950;26.1;30.6;823.6;2.3;5.9;12;0.0
KENAI;202502191000;26.5;25.6;823.4;2.8;7.8;38;0.0
KENAI;202502191010;26.6;27.3;823.2;1.1;6.3;49;0.0
