624
VRXZ07 LSSW 140918
Station/Location;Date;tre200s0;uor200s0;prestas0;fkl010z0;fkl010z1;dkl010z0;rre150z0
KENAI;202504140720;21.1;68.3;826.2;1.3;3.4;122;0.0
KENAI;202504140730;22.4;66.7;826.2;2.3;3.8;57;0.0
KENAI;202504140740;21.5;66.7;826.1;0.6;3.2;86;0.0
KENAI;202504140750;22.3;66.7;826.0;2.2;4.5;29;0.0
KENAI;202504140800;21.4;70.6;826.2;1.2;4.1;58;0.0
KENAI;202504140810;22.1;64.7;826.0;1.4;4.0;325;0.0
KENAI;202504140820;22.5;64.2;825.9;2.0;2.7;130;0.0
KENAI;202504140830;22.3;65.1;825.8;1.4;3.2;197;0.0
KENAI;202504140840;21.6;67.6;825.7;2.1;4.0;189;0.0
KENAI;202504140850;22.8;61.3;825.6;2.2;3.2;35;0.0
KENAI;202504140900;22.4;62.9;825.4;0.7;3.3;166;0.0
KENAI;202504140910;22.9;63.1;825.3;1.4;6.6;109;0.0
