292
VRXZ07 LSSW 081358
Station/Location;Date;tre200s0;uor200s0;prestas0;fkl010z0;fkl010z1;dkl010z0;rre150z0
KENAI;202505081200;22.9;62.2;822.6;1.3;4.1;193;0.0
KENAI;202505081210;-;64.6;822.4;1.4;4.2;204;0.0
KENAI;202505081220;22.4;62.7;822.4;2.5;3.5;104;0.0
KENAI;202505081230;22.2;66.5;822.3;1.7;4.3;174;0.0
KENAI;202505081240;-;64.6;822.1;1.2;4.1;148;0.0
KENAI;202505081250;22.9;62.8;822.0;1.3;2.7;107;0.0
KENAI;202505081300;-;-;-;-;2.9;-;-
KENAI;202505081310;-;62.3;821.8;1.1;3.2;150;0.0
KENAI;202505081320;-;62.7;821.8;1.9;3.7;169;0.0
KENAI;202505081330;22.5;64.3;822.0;2.1;4.4;176;0.0
KENAI;202505081340;-;62.9;822.1;2.8;5.0;139;0.0
KENAI;202505081350;21.7;65.5;822.2;2.4;5.0;123;0.0
