628
VRXZ07 LSSW 160638
Station/Location;Date;tre200s0;uor200s0;prestas0;fkl010z0;fkl010z1;dkl010z0;rre150z0
KENAI;202411160440;17.0;90.2;824.0;1.1;2.8;84;0.0
KENAI;202411160450;17.1;89.6;824.1;1.0;2.4;55;0.0
KENAI;202411160500;17.2;88.9;824.2;2.0;2.7;52;0.0
KENAI;202411160510;17.2;89.1;824.2;2.3;3.4;115;0.0
KENAI;202411160520;17.7;86.7;824.4;1.1;3.7;82;0.0
KENAI;202411160530;18.0;86.3;824.4;0.9;3.8;85;0.0
KENAI;202411160540;18.1;85.9;824.3;2.9;3.9;15;0.0
KENAI;202411160550;17.9;87.3;824.4;1.2;3.0;14;0.0
KENAI;202411160600;17.2;90.0;824.4;3.1;4.6;11;0.0
KENAI;202411160610;17.0;92.0;824.4;1.3;4.5;62;0.0
KENAI;202411160620;17.0;92.4;824.5;1.7;3.0;72;0.1
KENAI;202411160630;16.9;92.9;824.5;1.3;4.7;55;0.0
