972
VRXZ07 LSSW 040348
Station/Location;Date;tre200s0;uor200s0;prestas0;fkl010z0;fkl010z1;dkl010z0;rre150z0
KENAI;202503040150;17.3;83.5;823.0;2.3;3.8;60;0.0
KENAI;202503040200;17.3;84.7;823.0;1.0;3.6;88;0.0
KENAI;202503040210;17.4;84.7;823.1;3.0;4.6;35;0.0
KENAI;202503040220;17.5;84.9;823.3;0.8;3.6;20;0.0
KENAI;202503040230;17.3;84.9;823.4;0.9;3.8;45;0.0
KENAI;202503040240;17.3;84.9;823.5;0.7;3.0;69;0.0
KENAI;202503040250;17.2;84.4;823.6;0.6;3.2;60;0.0
KENAI;202503040300;17.1;84.8;823.5;0.8;2.0;39;0.0
KENAI;202503040310;17.1;84.8;823.6;1.2;2.4;75;0.0
KENAI;202503040320;17.1;84.5;823.7;1.1;2.1;44;0.0
KENAI;202503040330;17.0;84.9;823.8;0.8;3.0;349;0.0
KENAI;202503040340;16.9;85.6;823.9;1.4;3.1;29;0.0
