140
VRXZ07 LSSW 030638
Station/Location;Date;tre200s0;uor200s0;prestas0;fkl010z0;fkl010z1;dkl010z0;rre150z0
KENAI;202503030440;18.0;83.0;824.1;1.0;4.2;32;0.0
KENAI;202503030450;18.4;80.2;824.2;2.4;5.0;29;0.0
KENAI;202503030500;18.9;78.9;824.1;2.0;4.0;13;0.0
KENAI;202503030510;19.0;76.7;824.2;2.6;4.0;57;0.0
KENAI;202503030520;19.5;73.4;824.2;3.0;4.2;6;0.0
KENAI;202503030530;19.6;73.6;824.4;1.7;4.8;42;0.0
KENAI;202503030540;20.3;69.7;824.4;2.1;4.4;60;0.0
KENAI;202503030550;20.3;70.7;824.6;1.4;4.3;11;0.0
KENAI;202503030600;20.6;68.0;824.8;1.6;5.0;97;0.0
KENAI;202503030610;21.2;64.6;824.7;2.5;4.6;42;0.0
KENAI;202503030620;21.2;65.4;824.6;0.9;5.1;51;0.0
KENAI;202503030630;22.0;62.1;824.7;1.8;5.0;45;0.0
