424
VRXZ07 LSSW 261828
Station/Location;Date;tre200s0;uor200s0;prestas0;fkl010z0;fkl010z1;dkl010z0;rre150z0
KENAI;202411261630;20.3;73.6;822.7;2.8;5.3;17;0.0
KENAI;202411261640;20.0;75.9;822.9;1.7;5.7;33;0.0
KENAI;202411261650;19.9;77.6;822.9;3.2;5.1;70;0.0
KENAI;202411261700;19.7;78.8;823.1;2.3;4.3;52;0.0
KENAI;202411261710;19.5;80.1;823.3;0.8;5.3;30;0.0
KENAI;202411261720;19.5;80.3;823.3;2.0;5.0;32;0.0
KENAI;202411261730;19.4;80.6;823.3;2.2;4.5;15;0.0
KENAI;202411261740;19.4;81.0;823.6;2.2;6.3;36;0.0
KENAI;202411261750;19.2;82.6;823.7;2.8;6.3;28;0.0
KENAI;202411261800;19.0;83.6;823.8;4.1;5.9;66;0.0
KENAI;202411261810;19.0;84.1;824.1;1.4;5.2;22;0.0
KENAI;202411261820;19.0;83.6;824.1;2.0;5.2;50;0.0
