635
VRXZ07 LSSW 190428
Station/Location;Date;tre200s0;uor200s0;prestas0;fkl010z0;fkl010z1;dkl010z0;rre150z0
KENAI;202411190230;16.6;93.8;823.8;2.4;3.3;47;0.0
KENAI;202411190240;16.5;94.3;823.9;1.3;2.5;73;0.0
KENAI;202411190250;16.4;94.5;823.8;1.9;3.1;53;0.0
KENAI;202411190300;16.3;94.2;823.9;0.9;2.6;66;0.0
KENAI;202411190310;16.1;94.4;824.0;0.8;1.6;58;0.0
KENAI;202411190320;16.3;94.8;824.0;0.7;2.2;54;0.0
KENAI;202411190330;16.6;94.6;824.0;1.0;3.1;75;0.0
KENAI;202411190340;16.9;93.5;824.2;2.7;4.0;83;0.0
KENAI;202411190350;16.9;92.3;824.3;2.3;4.0;87;0.0
KENAI;202411190400;17.0;92.6;824.6;2.5;4.0;89;0.0
KENAI;202411190410;17.1;91.7;824.7;2.1;3.5;58;0.0
KENAI;202411190420;17.2;90.8;824.8;1.2;2.5;23;0.0
