626
VRXZ07 LSSW 100428
Station/Location;Date;tre200s0;uor200s0;prestas0;fkl010z0;fkl010z1;dkl010z0;rre150z0
KENAI;202505100230;16.8;93.1;825.2;0.6;1.4;186;0.0
KENAI;202505100240;16.8;92.8;825.3;1.0;1.7;176;0.0
KENAI;202505100250;16.8;91.4;825.4;0.4;1.3;224;0.0
KENAI;202505100300;16.9;89.8;825.4;0.0;0.9;0;0.0
KENAI;202505100310;17.0;89.9;825.6;0.6;0.7;121;0.0
KENAI;202505100320;17.1;88.3;825.6;0.3;0.6;39;0.0
KENAI;202505100330;17.1;86.3;825.6;0.0;1.4;0;0.0
KENAI;202505100340;17.0;89.3;825.7;1.1;1.6;196;0.0
KENAI;202505100350;-;89.1;825.7;1.0;1.5;162;0.0
KENAI;202505100400;17.1;90.5;825.7;1.1;1.6;171;0.0
KENAI;202505100410;17.0;90.2;825.7;1.4;2.1;197;0.0
KENAI;202505100420;17.6;88.7;825.8;1.3;2.6;174;0.0
