006
VRXZ07 LSSW 261708
Station/Location;Date;tre200s0;uor200s0;prestas0;fkl010z0;fkl010z1;dkl010z0;rre150z0
KENAI;202507261510;-;53.2;825.1;1.5;4.4;47;0.0
KENAI;202507261520;-;54.1;825.0;2.0;4.4;75;0.0
KENAI;202507261530;-;55.7;825.2;1.9;3.7;15;0.0
KENAI;202507261540;-;56.9;825.3;0.7;3.4;44;0.0
KENAI;202507261550;20.9;57.5;825.4;2.3;4.0;57;0.0
KENAI;202507261600;-;57.4;825.6;2.6;4.0;50;0.0
KENAI;202507261610;20.5;58.4;825.5;1.1;3.7;45;0.0
KENAI;202507261620;20.3;58.9;825.5;1.0;3.8;39;0.0
KENAI;202507261630;-;59.4;825.6;1.2;3.4;52;0.0
KENAI;202507261640;-;59.6;825.7;0.9;3.7;18;0.0
KENAI;202507261650;-;59.6;825.7;0.8;3.2;49;0.0
KENAI;202507261700;-;62.2;825.8;1.5;2.6;21;0.0
