847
VRXZ07 LSSW 281308
Station/Location;Date;tre200s0;uor200s0;prestas0;fkl010z0;fkl010z1;dkl010z0;rre150z0
KENAI;202506281110;-;70.0;825.1;0.9;4.2;175;0.0
KENAI;202506281120;-;68.6;825.0;0.5;3.9;204;0.0
KENAI;202506281130;-;66.2;824.7;1.7;4.2;61;0.0
KENAI;202506281140;-;69.8;824.7;1.4;4.6;159;0.0
KENAI;202506281150;-;71.3;824.7;1.4;3.4;156;0.0
KENAI;202506281200;-;70.3;824.6;1.3;4.1;170;0.0
KENAI;202506281210;21.1;67.9;824.5;3.1;4.3;129;0.0
KENAI;202506281220;-;70.0;824.4;0.0;4.4;0;0.0
KENAI;202506281230;21.2;67.7;824.2;1.7;6.1;170;0.0
KENAI;202506281240;-;70.1;824.1;1.5;5.7;212;0.0
KENAI;202506281250;21.6;67.4;824.0;0.7;4.8;211;0.0
KENAI;202506281300;-;65.8;824.0;2.1;5.2;145;0.0
