499
VRXZ07 LSSW 090958
Station/Location;Date;tre200s0;uor200s0;prestas0;fkl010z0;fkl010z1;dkl010z0;rre150z0
KENAI;202503090800;24.7;56.9;823.1;0.8;4.7;330;0.0
KENAI;202503090810;24.1;57.7;822.9;2.2;4.3;99;0.0
KENAI;202503090820;25.0;56.0;822.7;0.9;4.5;338;0.0
KENAI;202503090830;25.3;53.4;822.5;1.5;3.9;101;0.0
KENAI;202503090840;25.2;54.5;822.5;2.1;3.7;20;0.0
KENAI;202503090850;26.0;51.6;822.4;0.6;5.2;30;0.0
KENAI;202503090900;26.3;48.3;822.3;1.8;5.4;342;0.0
KENAI;202503090910;26.2;49.9;822.0;2.5;5.5;47;0.0
KENAI;202503090920;26.8;48.8;821.8;3.2;4.5;19;0.0
KENAI;202503090930;26.9;45.2;821.7;2.6;5.2;10;0.0
KENAI;202503090940;27.1;45.6;821.4;2.0;4.2;77;0.0
KENAI;202503090950;27.0;44.4;821.2;2.7;4.9;85;0.0
