511
VRXZ07 LSSW 251708
Station/Location;Date;tre200s0;uor200s0;prestas0;fkl010z0;fkl010z1;dkl010z0;rre150z0
KENAI;202503251510;23.4;57.5;822.2;2.8;5.3;58;0.0
KENAI;202503251520;22.4;66.8;822.5;1.2;5.0;76;0.0
KENAI;202503251530;21.8;70.3;822.8;2.7;5.5;54;0.0
KENAI;202503251540;21.4;71.8;822.7;3.6;4.7;11;0.0
KENAI;202503251550;21.3;72.4;823.0;2.5;4.1;47;0.0
KENAI;202503251600;21.1;73.8;823.1;1.3;4.1;350;0.0
KENAI;202503251610;20.9;73.7;823.1;2.8;6.0;57;0.0
KENAI;202503251620;20.7;74.9;823.2;2.4;4.4;40;0.0
KENAI;202503251630;20.8;74.8;823.3;1.1;4.8;25;0.0
KENAI;202503251640;20.9;74.6;823.5;1.1;2.9;58;0.0
KENAI;202503251650;20.9;72.8;823.5;1.4;4.3;69;0.0
KENAI;202503251700;20.9;73.0;823.6;2.1;3.7;66;0.0
