466
VRXZ07 LSSW 051438
Station/Location;Date;tre200s0;uor200s0;prestas0;fkl010z0;fkl010z1;dkl010z0;rre150z0
KENAI;202506051240;-;45.5;824.7;0.5;4.3;157;0.0
KENAI;202506051250;-;46.8;824.7;2.0;5.2;118;0.0
KENAI;202506051300;-;47.8;824.6;1.2;4.6;89;0.0
KENAI;202506051310;-;49.1;824.7;1.4;3.7;352;0.0
KENAI;202506051320;-;46.2;824.7;1.0;6.0;149;0.0
KENAI;202506051330;-;44.3;824.8;0.9;3.9;132;0.0
KENAI;202506051340;24.6;45.0;824.5;2.8;4.4;148;0.0
KENAI;202506051350;-;47.0;824.5;0.8;5.0;132;0.0
KENAI;202506051400;24.1;45.5;824.6;1.7;4.1;172;0.0
KENAI;202506051410;-;45.6;824.6;2.7;4.2;138;0.0
KENAI;202506051420;-;44.8;824.8;1.4;4.1;152;0.0
KENAI;202506051430;-;48.4;824.7;1.8;3.9;169;0.0
