963
VRXZ07 LSSW 242318
Station/Location;Date;tre200s0;uor200s0;prestas0;fkl010z0;fkl010z1;dkl010z0;rre150z0
KENAI;202504242120;17.1;92.1;824.9;1.7;4.3;40;0.0
KENAI;202504242130;-;92.2;824.9;1.4;4.9;55;0.0
KENAI;202504242140;17.2;92.0;824.6;1.9;3.5;9;0.0
KENAI;202504242150;17.2;91.3;824.7;1.1;3.1;54;0.0
KENAI;202504242200;-;92.0;824.5;1.6;3.5;21;0.1
KENAI;202504242210;16.9;93.0;824.4;1.1;4.9;27;0.1
KENAI;202504242220;16.9;92.9;824.3;2.9;5.8;66;0.0
KENAI;202504242230;-;93.6;824.2;1.0;3.2;38;0.0
KENAI;202504242240;-;94.6;824.2;1.3;4.5;19;0.3
KENAI;202504242250;-;96.1;824.0;1.2;3.6;57;0.1
KENAI;202504242300;-;96.6;824.0;1.5;4.5;60;0.0
KENAI;202504242310;16.3;97.2;823.8;0.8;3.1;56;0.2
