582
VRXZ07 LSSW 271818
Station/Location;Date;tre200s0;uor200s0;prestas0;fkl010z0;fkl010z1;dkl010z0;rre150z0
KENAI;202411271620;19.9;76.3;822.9;0.7;2.1;89;0.0
KENAI;202411271630;19.6;77.4;823.0;0.0;1.1;0;0.0
KENAI;202411271640;19.3;79.0;823.3;0.0;0.5;0;0.0
KENAI;202411271650;19.0;79.8;823.4;0.7;1.3;13;0.0
KENAI;202411271700;19.2;79.5;823.5;1.0;2.2;3;0.0
KENAI;202411271710;19.1;80.2;823.7;0.0;2.3;0;0.0
KENAI;202411271720;18.9;80.9;824.0;0.8;2.4;55;0.0
KENAI;202411271730;18.9;81.8;824.3;1.2;3.2;38;0.0
KENAI;202411271740;19.0;83.4;824.4;2.5;4.7;62;0.0
KENAI;202411271750;18.8;86.1;824.7;3.4;4.4;32;0.0
KENAI;202411271800;18.7;87.3;824.8;0.9;3.6;74;0.0
KENAI;202411271810;18.7;87.3;824.9;1.0;3.3;359;0.0
