266
VRXZ07 LSSW 151618
Station/Location;Date;tre200s0;uor200s0;prestas0;fkl010z0;fkl010z1;dkl010z0;rre150z0
KENAI;202411151420;21.2;70.7;820.7;2.0;4.1;43;0.0
KENAI;202411151430;20.3;72.5;820.7;1.2;4.9;22;0.0
KENAI;202411151440;20.0;74.4;820.7;1.6;4.1;30;0.0
KENAI;202411151450;19.9;74.7;820.8;2.2;3.2;63;0.0
KENAI;202411151500;20.0;74.6;820.9;1.3;3.5;73;0.0
KENAI;202411151510;19.9;75.0;821.0;0.9;1.8;85;0.0
KENAI;202411151520;19.9;75.3;821.2;2.2;3.0;3;0.0
KENAI;202411151530;19.9;76.2;821.4;1.9;2.9;48;0.0
KENAI;202411151540;19.7;76.7;821.6;1.7;3.0;46;0.0
KENAI;202411151550;19.7;76.5;821.8;1.1;2.8;58;0.0
KENAI;202411151600;19.7;76.6;822.0;2.1;2.7;11;0.0
KENAI;202411151610;19.7;76.4;822.0;1.4;3.0;29;0.0
