350
VRXZ07 LSSW 120338
Station/Location;Date;tre200s0;uor200s0;prestas0;fkl010z0;fkl010z1;dkl010z0;rre150z0
KENAI;202507120140;-;95.8;826.1;0.5;1.3;132;0.0
KENAI;202507120150;-;96.3;826.1;0.8;1.1;125;0.0
KENAI;202507120200;-;96.6;826.2;0.7;1.2;116;0.0
KENAI;202507120210;-;96.9;826.2;0.0;0.8;0;0.0
KENAI;202507120220;-;97.1;826.3;0.3;0.7;96;0.0
KENAI;202507120230;-;97.1;826.3;0.4;0.5;89;0.0
KENAI;202507120240;13.4;97.1;826.3;0.0;0.4;0;0.0
KENAI;202507120250;-;97.1;826.4;0.4;0.7;304;0.0
KENAI;202507120300;-;97.2;826.3;0.6;0.8;30;0.0
KENAI;202507120310;-;97.0;826.5;0.3;1.0;21;0.0
KENAI;202507120320;-;96.9;826.5;0.4;1.6;281;0.0
KENAI;202507120330;-;96.6;826.5;0.4;2.0;14;0.0
