981
VRXZ07 LSSW 121148
Station/Location;Date;tre200s0;uor200s0;prestas0;fkl010z0;fkl010z1;dkl010z0;rre150z0
KENAI;202503120950;24.5;61.7;823.5;2.2;4.8;88;0.0
KENAI;202503121000;24.5;58.8;823.3;1.2;5.0;46;0.0
KENAI;202503121010;24.1;60.7;823.1;2.2;4.3;28;0.0
KENAI;202503121020;24.7;56.1;822.9;2.3;6.6;353;0.0
KENAI;202503121030;24.9;55.0;822.7;2.6;4.1;83;0.0
KENAI;202503121040;-;-;-;-;5.8;-;-
KENAI;202503121050;24.3;56.8;822.4;1.0;5.5;83;0.0
KENAI;202503121100;24.7;55.2;822.3;2.0;6.6;83;0.0
KENAI;202503121110;24.8;54.4;822.2;2.9;5.8;26;0.0
KENAI;202503121120;24.8;55.0;822.1;3.0;5.8;87;0.0
KENAI;202503121130;24.7;51.6;822.0;1.0;4.5;90;0.0
KENAI;202503121140;24.8;55.0;821.8;2.9;7.3;74;0.0
