441
VRXZ07 LSSW 062058
Station/Location;Date;tre200s0;uor200s0;prestas0;fkl010z0;fkl010z1;dkl010z0;rre150z0
KENAI;202503061900;22.0;48.3;823.8;2.0;4.3;45;0.0
KENAI;202503061910;21.9;48.5;823.9;2.7;6.8;31;0.0
KENAI;202503061920;21.7;49.4;824.0;2.5;4.9;68;0.0
KENAI;202503061930;21.5;50.0;824.1;1.9;5.2;73;0.0
KENAI;202503061940;21.5;50.2;824.2;2.4;4.5;62;0.0
KENAI;202503061950;21.3;51.0;824.2;1.8;4.2;67;0.0
KENAI;202503062000;21.1;52.2;824.3;2.9;5.3;61;0.0
KENAI;202503062010;20.9;53.1;824.2;2.4;4.4;64;0.0
KENAI;202503062020;20.8;54.9;824.3;2.3;5.8;83;0.0
KENAI;202503062030;20.7;55.8;824.4;1.9;6.1;71;0.0
KENAI;202503062040;20.5;57.0;824.3;2.2;5.5;50;0.0
KENAI;202503062050;20.4;58.0;824.4;2.7;6.8;97;0.0
