739
VRXZ07 LSSW 241358
Station/Location;Date;tre200s0;uor200s0;prestas0;fkl010z0;fkl010z1;dkl010z0;rre150z0
KENAI;202411241200;24.5;54.7;821.1;2.8;5.7;46;0.0
KENAI;202411241210;24.6;58.4;820.9;1.6;5.9;25;0.0
KENAI;202411241220;24.1;59.2;820.9;2.1;6.4;30;0.0
KENAI;202411241230;24.7;55.5;820.7;1.8;6.2;85;0.0
KENAI;202411241240;25.1;54.3;820.8;2.2;5.9;13;0.0
KENAI;202411241250;24.3;55.1;820.8;1.9;6.6;71;0.0
KENAI;202411241300;24.5;53.7;820.7;3.7;7.1;65;0.0
KENAI;202411241310;24.7;55.3;820.8;3.5;5.8;72;0.0
KENAI;202411241320;23.7;59.1;821.0;2.6;5.9;23;0.0
KENAI;202411241330;23.5;61.1;821.0;1.6;6.3;38;0.0
KENAI;202411241340;23.3;63.2;821.2;1.9;5.3;119;0.0
KENAI;202411241350;23.0;63.9;821.3;3.1;5.6;56;0.0
