017
VRXZ07 LSSW 100408
Station/Location;Date;tre200s0;uor200s0;prestas0;fkl010z0;fkl010z1;dkl010z0;rre150z0
KENAI;202507100210;-;79.3;826.3;0.7;3.4;127;0.0
KENAI;202507100220;-;78.8;826.5;0.7;1.7;133;0.0
KENAI;202507100230;-;79.3;826.5;0.5;1.2;99;0.0
KENAI;202507100240;-;79.8;826.5;0.7;1.3;174;0.0
KENAI;202507100250;-;80.3;826.6;0.0;0.8;0;0.0
KENAI;202507100300;-;79.4;826.6;0.0;0.7;0;0.0
KENAI;202507100310;-;80.1;826.6;0.5;0.5;289;0.0
KENAI;202507100320;-;80.4;826.7;0.5;0.7;217;0.0
KENAI;202507100330;-;80.6;826.7;0.0;0.7;0;0.0
KENAI;202507100340;-;80.0;826.8;0.5;0.9;245;0.0
KENAI;202507100350;-;80.1;826.8;0.4;0.8;215;0.0
KENAI;202507100400;-;78.2;826.9;0.6;1.2;274;0.0
