299
VRXZ07 LSSW 050828
Station/Location;Date;tre200s0;uor200s0;prestas0;fkl010z0;fkl010z1;dkl010z0;rre150z0
KENAI;202508050630;-;86.5;827.8;1.2;3.0;167;0.0
KENAI;202508050640;-;82.0;827.8;1.9;3.0;41;0.0
KENAI;202508050650;-;79.9;827.7;0.0;2.2;0;0.0
KENAI;202508050700;-;75.4;827.6;1.1;3.5;88;0.0
KENAI;202508050710;-;73.3;827.8;0.8;3.2;301;0.0
KENAI;202508050720;-;73.5;827.7;0.6;2.6;139;0.0
KENAI;202508050730;16.8;69.3;827.7;1.5;3.4;118;0.0
KENAI;202508050740;17.3;69.7;827.6;1.6;2.8;76;0.0
KENAI;202508050750;-;70.2;827.4;3.3;4.2;130;0.0
KENAI;202508050800;-;67.4;827.3;2.2;4.0;164;0.0
KENAI;202508050810;18.3;64.7;827.2;1.6;4.2;99;0.0
KENAI;202508050820;18.9;61.6;827.1;2.7;4.5;95;0.0
