139
VRXZ07 LSSW 211008
Station/Location;Date;tre200s0;uor200s0;prestas0;fkl010z0;fkl010z1;dkl010z0;rre150z0
KENAI;202506210810;-;66.3;827.0;1.1;2.7;141;0.0
KENAI;202506210820;-;68.3;826.9;0.9;3.4;156;0.0
KENAI;202506210830;22.0;67.0;826.7;1.9;2.7;85;0.0
KENAI;202506210840;-;61.7;826.6;1.2;3.0;349;0.0
KENAI;202506210850;-;59.6;826.4;0.4;2.6;55;0.0
KENAI;202506210900;22.8;63.8;826.3;0.6;3.1;172;0.0
KENAI;202506210910;-;57.2;826.1;1.4;2.6;175;0.0
KENAI;202506210920;-;55.1;826.0;1.1;3.0;40;0.0
KENAI;202506210930;24.6;59.2;825.8;1.1;3.7;144;0.0
KENAI;202506210940;23.3;58.8;825.7;1.1;3.7;173;0.0
KENAI;202506210950;22.9;60.5;825.6;1.5;2.7;92;0.0
KENAI;202506211000;-;61.9;825.5;1.2;2.6;85;0.0
