893
VRXZ07 LSSW 301438
Station/Location;Date;tre200s0;uor200s0;prestas0;fkl010z0;fkl010z1;dkl010z0;rre150z0
KENAI;202411301240;20.0;67.8;822.6;1.8;6.8;351;0.0
KENAI;202411301250;20.3;66.4;822.3;4.0;6.0;333;0.0
KENAI;202411301300;20.7;66.1;822.2;3.7;4.9;347;0.0
KENAI;202411301310;20.7;64.3;822.3;2.8;6.2;326;0.0
KENAI;202411301320;21.0;62.2;822.4;2.4;4.8;28;0.0
KENAI;202411301330;21.2;62.7;822.3;1.5;3.7;9;0.0
KENAI;202411301340;21.1;61.1;822.5;2.2;4.1;24;0.0
KENAI;202411301350;21.1;59.4;822.6;1.3;5.1;12;0.0
KENAI;202411301400;21.2;59.2;822.7;3.0;7.1;14;0.0
KENAI;202411301410;21.3;58.4;822.8;1.3;4.0;356;0.0
KENAI;202411301420;21.1;59.0;822.8;1.8;3.7;12;0.0
KENAI;202411301430;21.5;59.2;822.9;2.2;4.1;4;0.0
