963
VRXZ07 LSSW 240448
Station/Location;Date;tre200s0;uor200s0;prestas0;fkl010z0;fkl010z1;dkl010z0;rre150z0
KENAI;202506240250;-;91.9;825.6;0.5;1.3;195;0.0
KENAI;202506240300;-;91.2;825.7;0.4;1.3;196;0.0
KENAI;202506240310;-;91.5;825.6;0.6;1.5;165;0.0
KENAI;202506240320;13.3;90.8;825.7;0.6;1.5;135;0.0
KENAI;202506240330;13.4;91.2;825.8;0.0;1.4;0;0.0
KENAI;202506240340;-;91.0;825.9;0.9;1.7;112;0.0
KENAI;202506240350;-;90.8;826.1;0.0;1.6;0;0.0
KENAI;202506240400;-;90.5;826.0;1.0;1.2;119;0.0
KENAI;202506240410;-;90.9;826.1;0.6;1.3;174;0.0
KENAI;202506240420;-;90.2;826.2;0.6;1.5;203;0.0
KENAI;202506240430;-;90.1;826.4;0.8;1.8;175;0.0
KENAI;202506240440;-;89.2;826.4;0.4;1.2;196;0.0
