154
VRXZ07 LSSW 220548
Station/Location;Date;tre200s0;uor200s0;prestas0;fkl010z0;fkl010z1;dkl010z0;rre150z0
KENAI;202504220350;16.9;95.6;824.1;1.3;3.3;57;0.0
KENAI;202504220400;16.9;95.7;824.3;1.0;3.9;68;0.0
KENAI;202504220410;17.0;95.4;824.3;1.8;3.3;55;0.0
KENAI;202504220420;17.1;95.5;824.2;1.1;2.2;66;0.0
KENAI;202504220430;17.2;94.9;824.3;0.8;2.5;33;0.0
KENAI;202504220440;17.4;94.6;824.2;0.7;1.3;52;0.0
KENAI;202504220450;17.3;94.1;824.3;0.9;2.0;84;0.0
KENAI;202504220500;17.4;94.6;824.5;1.2;3.2;96;0.0
KENAI;202504220510;17.2;94.4;824.5;1.7;3.4;169;0.0
KENAI;202504220520;17.0;94.9;824.7;0.8;4.0;135;0.0
KENAI;202504220530;17.2;93.9;824.9;0.8;2.8;105;0.0
KENAI;202504220540;17.5;93.8;825.1;1.6;2.3;144;0.0
