321
VRXZ07 LSSW 250408
Station/Location;Date;tre200s0;uor200s0;prestas0;fkl010z0;fkl010z1;dkl010z0;rre150z0
KENAI;202504250210;-;96.2;823.6;2.6;3.2;42;0.0
KENAI;202504250220;-;96.5;823.7;1.3;3.4;47;0.0
KENAI;202504250230;15.7;96.4;823.8;0.9;3.8;53;0.0
KENAI;202504250240;15.8;96.4;823.7;1.2;4.0;17;0.0
KENAI;202504250250;15.8;96.4;823.9;1.2;2.6;70;0.0
KENAI;202504250300;15.8;96.2;824.0;1.0;4.1;32;0.0
KENAI;202504250310;15.8;96.3;823.9;1.5;3.9;51;0.0
KENAI;202504250320;15.8;96.2;824.1;1.4;3.8;51;0.0
KENAI;202504250330;15.7;96.2;824.2;1.3;4.1;62;0.0
KENAI;202504250340;15.6;96.4;824.2;0.9;4.2;14;0.0
KENAI;202504250350;-;96.1;824.3;0.9;3.0;90;0.0
KENAI;202504250400;-;96.0;824.4;0.6;3.0;40;0.0
