173
VRXZ07 LSSW 190938
Station/Location;Date;tre200s0;uor200s0;prestas0;fkl010z0;fkl010z1;dkl010z0;rre150z0
KENAI;202505190740;21.1;69.1;825.4;1.8;4.3;172;0.0
KENAI;202505190750;21.4;67.8;825.4;1.7;4.1;138;0.0
KENAI;202505190800;21.8;67.4;825.3;3.2;6.1;64;0.0
KENAI;202505190810;-;67.3;825.4;2.0;4.5;191;0.0
KENAI;202505190820;21.3;69.3;825.3;2.1;4.6;143;0.0
KENAI;202505190830;-;65.2;825.3;1.6;5.1;121;0.0
KENAI;202505190840;-;67.4;825.3;3.6;5.9;159;0.0
KENAI;202505190850;21.4;68.5;825.2;2.4;4.8;106;0.0
KENAI;202505190900;23.0;63.8;825.0;1.8;5.7;126;0.0
KENAI;202505190910;21.5;70.3;824.9;1.9;4.5;139;0.0
KENAI;202505190920;21.9;67.5;824.8;1.7;5.0;157;0.0
KENAI;202505190930;22.9;63.6;824.6;2.6;5.1;100;0.0
