009
VRXZ07 LSSW 040358
Station/Location;Date;tre200s0;uor200s0;prestas0;fkl010z0;fkl010z1;dkl010z0;rre150z0
KENAI;202506040200;-;91.6;825.7;0.8;1.9;141;0.0
KENAI;202506040210;-;91.4;825.7;0.8;2.8;160;0.0
KENAI;202506040220;-;91.3;825.7;1.2;3.4;152;0.0
KENAI;202506040230;15.2;91.7;825.7;0.0;2.3;0;0.0
KENAI;202506040240;-;92.2;825.7;0.8;2.1;139;0.0
KENAI;202506040250;-;92.1;825.9;0.8;2.3;162;0.0
KENAI;202506040300;-;92.1;826.1;0.0;2.2;0;0.0
KENAI;202506040310;-;92.5;826.2;0.8;1.0;97;0.0
KENAI;202506040320;-;92.2;826.1;0.8;0.9;166;0.0
KENAI;202506040330;-;92.3;826.2;0.3;0.9;218;0.0
KENAI;202506040340;-;92.3;826.1;0.3;1.2;252;0.0
KENAI;202506040350;-;92.1;826.2;0.4;0.7;178;0.0
