581
VRXZ07 LSSW 281558
Station/Location;Date;tre200s0;uor200s0;prestas0;fkl010z0;fkl010z1;dkl010z0;rre150z0
KENAI;202411281400;23.5;55.8;821.5;2.1;4.7;8;0.0
KENAI;202411281410;23.6;54.6;821.7;2.0;4.6;79;0.0
KENAI;202411281420;23.2;57.9;821.8;0.8;4.1;23;0.0
KENAI;202411281430;23.2;60.5;822.0;1.0;4.6;28;0.0
KENAI;202411281440;23.0;62.2;822.0;1.8;5.2;87;0.0
KENAI;202411281450;22.6;66.5;822.2;2.6;6.1;43;0.0
KENAI;202411281500;22.1;67.7;822.2;2.5;4.2;24;0.0
KENAI;202411281510;21.9;68.9;822.3;1.8;3.7;41;0.0
KENAI;202411281520;21.6;69.5;822.5;2.9;4.5;11;0.0
KENAI;202411281530;21.5;70.1;822.6;1.2;5.0;352;0.0
KENAI;202411281540;21.2;69.8;822.7;1.6;3.9;43;0.0
KENAI;202411281550;21.1;69.8;822.8;1.6;4.0;32;0.0
