726
VRXZ07 LSSW 032358
Station/Location;Date;tre200s0;uor200s0;prestas0;fkl010z0;fkl010z1;dkl010z0;rre150z0
KENAI;202507032200;15.7;79.4;826.6;0.3;1.9;124;0.0
KENAI;202507032210;-;79.4;826.5;0.8;1.7;155;0.0
KENAI;202507032220;-;79.6;826.4;1.0;1.5;124;0.0
KENAI;202507032230;-;80.5;826.4;1.5;2.4;160;0.0
KENAI;202507032240;-;81.4;826.3;0.9;1.8;123;0.0
KENAI;202507032250;-;81.8;826.4;0.6;2.8;166;0.0
KENAI;202507032300;-;82.1;826.3;1.3;3.2;132;0.0
KENAI;202507032310;-;82.4;826.3;0.8;3.2;165;0.0
KENAI;202507032320;-;82.6;826.2;1.0;3.2;124;0.0
KENAI;202507032330;-;83.0;826.1;2.0;2.6;120;0.0
KENAI;202507032340;-;83.0;826.2;1.4;2.3;89;0.0
KENAI;202507032350;-;82.6;826.1;1.2;2.3;151;0.0
