215
VRXZ07 LSSW 080408
Station/Location;Date;tre200s0;uor200s0;prestas0;fkl010z0;fkl010z1;dkl010z0;rre150z0
KENAI;202505080210;14.8;94.6;823.9;0.4;0.5;98;0.0
KENAI;202505080220;14.7;94.9;824.0;0.0;0.5;0;0.0
KENAI;202505080230;14.7;95.1;823.9;0.5;0.7;226;0.0
KENAI;202505080240;14.6;95.2;824.1;0.5;0.9;199;0.0
KENAI;202505080250;-;95.1;824.0;0.5;1.0;273;0.0
KENAI;202505080300;-;94.8;824.2;0.6;0.9;154;0.0
KENAI;202505080310;14.5;95.0;824.4;0.0;0.7;0;0.0
KENAI;202505080320;14.8;94.8;824.4;0.0;0.5;0;0.0
KENAI;202505080330;-;94.4;824.5;0.7;1.0;219;0.0
KENAI;202505080340;-;94.3;824.5;0.8;1.5;218;0.0
KENAI;202505080350;-;94.2;824.6;1.0;1.5;246;0.0
KENAI;202505080400;-;93.8;824.5;0.5;1.6;196;0.0
