283
VRXZ07 LSSW 191758
Station/Location;Date;tre200s0;uor200s0;prestas0;fkl010z0;fkl010z1;dkl010z0;rre150z0
KENAI;202504191600;18.9;82.4;821.7;0.0;0.4;0;0.0
KENAI;202504191610;18.8;82.9;821.7;0.8;1.0;197;0.0
KENAI;202504191620;18.7;85.0;821.9;0.3;0.7;56;0.0
KENAI;202504191630;19.0;83.2;821.9;0.7;1.3;13;0.0
KENAI;202504191640;19.3;79.7;822.2;0.0;1.9;0;0.0
KENAI;202504191650;19.4;79.1;822.4;0.4;1.5;21;0.0
KENAI;202504191700;19.7;78.4;822.6;0.7;1.4;32;0.0
KENAI;202504191710;19.9;77.2;822.6;0.7;1.8;25;0.0
KENAI;202504191720;19.7;78.4;822.8;1.7;2.1;60;0.0
KENAI;202504191730;19.8;78.8;823.1;2.3;3.2;8;0.0
KENAI;202504191740;19.3;82.7;823.2;1.1;3.3;84;0.0
KENAI;202504191750;19.2;83.2;823.3;1.1;2.6;100;0.0
