207
VRXZ07 LSSW 060748
Station/Location;Date;tre200s0;uor200s0;prestas0;fkl010z0;fkl010z1;dkl010z0;rre150z0
KENAI;202412060550;20.4;70.7;825.2;0.9;3.0;43;0.0
KENAI;202412060600;20.0;71.5;825.3;1.8;2.7;350;0.0
KENAI;202412060610;20.5;69.5;825.3;2.0;4.1;41;0.0
KENAI;202412060620;19.8;70.9;825.2;1.5;4.4;340;0.0
KENAI;202412060630;20.4;69.6;825.2;1.5;3.6;340;0.0
KENAI;202412060640;21.1;66.2;825.1;1.7;4.2;357;0.0
KENAI;202412060650;21.4;65.1;825.0;2.1;5.7;60;0.0
KENAI;202412060700;21.6;65.8;825.0;2.2;5.5;21;0.0
KENAI;202412060710;21.7;66.1;825.0;1.2;5.1;31;0.0
KENAI;202412060720;21.9;64.4;824.9;2.7;5.4;91;0.0
KENAI;202412060730;22.2;61.0;824.9;2.1;5.5;35;0.0
KENAI;202412060740;21.8;62.5;824.9;2.7;5.5;342;0.0
