084
VRXZ07 LSSW 100458
Station/Location;Date;tre200s0;uor200s0;prestas0;fkl010z0;fkl010z1;dkl010z0;rre150z0
KENAI;202503100300;15.6;97.4;822.8;0.9;4.6;301;0.6
KENAI;202503100310;15.5;97.2;823.1;1.2;3.9;189;0.3
KENAI;202503100320;15.5;97.4;823.3;1.6;2.3;193;0.8
KENAI;202503100330;15.4;97.4;823.7;0.7;3.3;218;1.4
KENAI;202503100340;15.2;96.9;823.9;1.4;4.5;243;1.3
KENAI;202503100350;15.2;97.3;824.1;1.0;2.9;217;1.2
KENAI;202503100400;15.2;97.4;824.2;0.8;3.5;173;1.8
KENAI;202503100410;15.2;97.4;824.5;1.4;3.0;220;2.9
KENAI;202503100420;15.1;97.6;824.5;0.8;3.1;194;2.5
KENAI;202503100430;15.1;97.9;824.7;0.7;2.2;223;1.6
KENAI;202503100440;15.1;98.0;824.8;0.6;1.3;236;1.5
KENAI;202503100450;15.2;98.2;824.7;0.5;2.2;245;2.3
