373
VRXZ07 LSSW 100308
Station/Location;Date;tre200s0;uor200s0;prestas0;fkl010z0;fkl010z1;dkl010z0;rre150z0
KENAI;202508100110;14.8;77.3;824.8;0.4;1.8;134;0.0
KENAI;202508100120;14.5;78.6;824.8;1.4;2.1;169;0.0
KENAI;202508100130;-;80.3;824.8;1.0;2.3;129;0.0
KENAI;202508100140;-;81.7;824.9;0.7;1.7;130;0.0
KENAI;202508100150;13.7;83.0;825.0;1.3;2.4;129;0.0
KENAI;202508100200;-;83.7;825.1;0.7;1.9;154;0.0
KENAI;202508100210;13.5;84.3;825.2;0.8;1.4;134;0.0
KENAI;202508100220;13.4;84.3;825.4;0.8;1.8;139;0.0
KENAI;202508100230;13.4;84.4;825.3;0.0;1.4;0;0.0
KENAI;202508100240;-;84.3;825.3;0.5;0.9;86;0.0
KENAI;202508100250;13.4;84.5;825.3;0.3;0.9;67;0.0
KENAI;202508100300;13.5;84.5;825.3;0.0;0.7;0;0.0
