868
VRXZ07 LSSW 181858
Station/Location;Date;tre200s0;uor200s0;prestas0;fkl010z0;fkl010z1;dkl010z0;rre150z0
KENAI;202505181700;18.8;79.6;823.8;1.6;4.0;176;0.0
KENAI;202505181710;18.7;80.5;823.8;1.7;3.7;163;0.0
KENAI;202505181720;-;81.0;824.0;1.0;2.3;183;0.0
KENAI;202505181730;18.7;80.7;824.0;1.1;1.5;143;0.0
KENAI;202505181740;18.7;80.7;824.1;0.5;1.9;181;0.0
KENAI;202505181750;-;81.0;824.1;1.7;4.2;155;0.0
KENAI;202505181800;-;83.4;824.3;2.3;4.2;153;0.0
KENAI;202505181810;18.2;85.1;824.4;1.0;3.4;150;0.0
KENAI;202505181820;-;87.0;824.5;2.2;4.5;184;0.0
KENAI;202505181830;17.9;88.8;824.5;4.0;6.0;156;0.0
KENAI;202505181840;17.5;90.4;824.7;1.7;5.9;164;0.0
KENAI;202505181850;17.4;91.1;824.7;2.2;6.2;167;0.0
