263
VRXZ07 LSSW 171708
Station/Location;Date;tre200s0;uor200s0;prestas0;fkl010z0;fkl010z1;dkl010z0;rre150z0
KENAI;202504171510;23.7;52.0;822.2;2.4;4.9;28;0.0
KENAI;202504171520;23.4;53.1;822.4;2.2;4.9;61;0.0
KENAI;202504171530;23.2;-;822.5;2.0;4.4;-;0.0
KENAI;202504171540;23.0;54.6;822.5;1.8;6.5;47;0.0
KENAI;202504171550;22.9;54.5;822.5;1.5;6.9;71;0.0
KENAI;202504171600;22.7;55.3;822.6;3.3;4.7;354;0.0
KENAI;202504171610;22.7;55.6;822.8;2.5;5.9;17;0.0
KENAI;202504171620;22.6;-;823.0;1.7;6.3;-;0.0
KENAI;202504171630;22.4;57.0;823.1;1.3;6.3;36;0.0
KENAI;202504171640;22.2;57.1;823.2;2.7;4.9;57;0.0
KENAI;202504171650;21.9;58.3;823.4;1.1;3.7;26;0.0
KENAI;202504171700;21.8;58.7;823.4;0.4;4.7;116;0.0
