409
VRXZ07 LSSW 030518
Station/Location;Date;tre200s0;uor200s0;prestas0;fkl010z0;fkl010z1;dkl010z0;rre150z0
KENAI;202507030320;-;93.3;826.7;2.0;3.4;172;0.0
KENAI;202507030330;-;93.4;826.7;0.7;3.7;117;0.0
KENAI;202507030340;-;93.4;826.7;1.0;2.1;177;0.0
KENAI;202507030350;-;93.4;826.8;0.8;2.8;156;0.0
KENAI;202507030400;-;93.8;826.9;1.5;2.8;156;0.0
KENAI;202507030410;14.4;94.0;826.8;1.7;3.4;162;0.0
KENAI;202507030420;-;94.2;826.9;0.7;1.5;118;0.0
KENAI;202507030430;-;94.2;826.8;0.4;2.0;102;0.0
KENAI;202507030440;14.3;94.4;827.0;0.7;1.4;80;0.0
KENAI;202507030450;14.2;94.6;827.1;1.0;2.1;110;0.0
KENAI;202507030500;-;94.7;827.2;1.5;2.6;120;0.0
KENAI;202507030510;-;95.2;827.2;1.4;2.3;145;0.0
