623
VRXZ07 LSSW 081948
Station/Location;Date;tre200s0;uor200s0;prestas0;fkl010z0;fkl010z1;dkl010z0;rre150z0
KENAI;202508081750;16.9;84.7;825.2;1.0;1.7;223;0.0
KENAI;202508081800;-;86.1;825.1;0.6;1.3;161;0.0
KENAI;202508081810;-;87.2;825.0;0.9;1.0;63;0.1
KENAI;202508081820;16.6;84.7;825.0;0.6;1.5;59;0.0
KENAI;202508081830;-;84.5;824.8;0.6;1.2;68;0.0
KENAI;202508081840;16.6;82.4;824.7;0.8;2.1;57;0.0
KENAI;202508081850;-;80.4;824.7;1.1;2.5;88;0.0
KENAI;202508081900;-;79.3;824.8;0.8;2.7;29;0.0
KENAI;202508081910;-;78.5;825.0;2.0;3.0;99;0.0
KENAI;202508081920;-;79.2;825.1;1.7;2.3;80;0.0
KENAI;202508081930;-;78.6;825.0;0.8;2.2;39;0.0
KENAI;202508081940;-;78.4;825.0;1.0;2.6;42;0.0
