947
VRXZ07 LSSW 070358
Station/Location;Date;tre200s0;uor200s0;prestas0;fkl010z0;fkl010z1;dkl010z0;rre150z0
KENAI;202508070200;-;91.6;823.7;1.4;2.4;167;0.0
KENAI;202508070210;-;91.4;823.8;0.6;2.1;132;0.0
KENAI;202508070220;-;90.8;823.8;0.9;2.1;99;0.0
KENAI;202508070230;-;90.7;823.8;1.1;1.8;127;0.0
KENAI;202508070240;-;89.7;824.0;1.0;2.1;86;0.0
KENAI;202508070250;-;89.4;824.0;0.8;1.9;104;0.0
KENAI;202508070300;14.3;88.9;824.1;0.7;1.9;170;0.0
KENAI;202508070310;-;89.2;824.2;0.9;2.2;94;0.0
KENAI;202508070320;-;90.5;824.3;0.7;1.7;107;0.0
KENAI;202508070330;-;91.6;824.3;0.9;1.2;106;0.0
KENAI;202508070340;14.0;92.0;824.3;0.0;1.0;0;0.0
KENAI;202508070350;-;92.1;824.4;0.7;0.8;73;0.0
