296
VRXZ07 LSSW 092158
Station/Location;Date;tre200s0;uor200s0;prestas0;fkl010z0;fkl010z1;dkl010z0;rre150z0
KENAI;202504092000;18.2;82.9;825.5;1.1;3.9;5;0.0
KENAI;202504092010;18.2;83.2;825.6;1.0;2.9;16;0.0
KENAI;202504092020;18.0;83.6;825.6;0.8;7.0;40;0.0
KENAI;202504092030;17.6;83.6;825.8;1.4;5.7;0;0.0
KENAI;202504092040;17.4;83.9;825.9;1.5;5.6;37;0.0
KENAI;202504092050;17.2;85.9;826.0;3.3;5.6;3;0.0
KENAI;202504092100;17.0;87.0;825.7;1.9;4.8;341;0.0
KENAI;202504092110;16.9;84.7;825.3;2.7;4.9;22;0.0
KENAI;202504092120;16.8;85.8;825.3;0.6;4.4;3;0.0
KENAI;202504092130;16.7;86.4;825.2;1.4;3.9;347;0.0
KENAI;202504092140;16.8;86.9;825.1;0.4;3.2;59;0.0
KENAI;202504092150;16.9;86.9;825.0;0.8;1.6;350;0.0
