581
VRXZ07 LSSW 072338
Station/Location;Date;tre200s0;uor200s0;prestas0;fkl010z0;fkl010z1;dkl010z0;rre150z0
KENAI;202508072140;-;85.5;823.3;0.3;0.5;106;0.0
KENAI;202508072150;-;87.0;823.2;0.0;0.6;0;0.0
KENAI;202508072200;-;86.4;823.3;0.6;0.8;175;0.0
KENAI;202508072210;16.2;86.2;823.1;0.5;0.9;204;0.0
KENAI;202508072220;16.3;86.0;823.0;0.8;0.9;179;0.0
KENAI;202508072230;-;85.6;823.0;0.4;1.0;207;0.0
KENAI;202508072240;-;84.0;822.9;0.8;1.1;120;0.0
KENAI;202508072250;16.1;77.8;822.8;1.8;3.0;126;0.0
KENAI;202508072300;16.0;76.6;822.8;1.3;2.9;136;0.0
KENAI;202508072310;-;75.6;822.8;1.1;2.7;109;0.0
KENAI;202508072320;-;75.1;822.8;1.1;2.7;133;0.0
KENAI;202508072330;-;76.7;822.6;1.3;2.6;175;0.0
