396
VRXZ07 LSSW 011238
Station/Location;Date;tre200s0;uor200s0;prestas0;fkl010z0;fkl010z1;dkl010z0;rre150z0
KENAI;202412011040;23.9;51.4;822.2;3.5;6.5;64;0.0
KENAI;202412011050;24.0;53.3;821.9;2.6;6.9;65;0.0
KENAI;202412011100;23.8;58.6;821.8;3.1;7.6;16;0.0
KENAI;202412011110;24.9;50.6;821.6;2.1;5.9;24;0.0
KENAI;202412011120;24.8;51.3;821.4;2.4;9.2;65;0.0
KENAI;202412011130;25.0;49.7;821.2;3.6;7.7;77;0.0
KENAI;202412011140;25.2;47.9;821.2;1.7;6.2;59;0.0
KENAI;202412011150;25.6;50.8;820.9;1.8;6.0;46;0.0
KENAI;202412011200;25.5;48.5;820.8;2.4;6.2;19;0.0
KENAI;202412011210;24.0;53.5;820.8;2.1;8.9;78;0.0
KENAI;202412011220;23.7;56.0;820.6;2.2;5.9;59;0.0
KENAI;202412011230;23.7;55.7;820.6;2.8;6.6;31;0.0
