820
VRXZ07 LSSW 291318
Station/Location;Date;tre200s0;uor200s0;prestas0;fkl010z0;fkl010z1;dkl010z0;rre150z0
KENAI;202503291120;24.8;53.4;821.0;1.9;5.4;66;0.0
KENAI;202503291130;24.9;57.3;820.8;2.8;5.0;107;0.0
KENAI;202503291140;24.8;53.9;820.7;2.9;6.1;78;0.0
KENAI;202503291150;25.6;54.7;820.4;3.4;4.8;88;0.0
KENAI;202503291200;24.8;54.5;820.2;1.9;5.9;74;0.0
KENAI;202503291210;24.5;56.1;820.3;1.1;5.1;4;0.0
KENAI;202503291220;23.8;57.0;820.2;2.4;6.4;46;0.0
KENAI;202503291230;23.6;58.8;820.4;1.2;5.3;65;0.0
KENAI;202503291240;23.6;58.9;820.3;1.4;4.9;52;0.0
KENAI;202503291250;23.4;59.6;820.0;2.4;5.8;37;0.0
KENAI;202503291300;23.2;60.8;819.9;1.6;5.6;64;0.0
KENAI;202503291310;23.1;62.1;819.9;2.9;5.7;352;0.0
