197
VRXZ07 LSSW 280928
Station/Location;Date;tre200s0;uor200s0;prestas0;fkl010z0;fkl010z1;dkl010z0;rre150z0
KENAI;202504280730;21.4;66.7;824.6;2.9;4.6;148;0.0
KENAI;202504280740;21.1;66.3;824.6;0.7;3.5;40;0.0
KENAI;202504280750;21.7;66.5;824.5;0.8;3.4;128;0.0
KENAI;202504280800;22.4;65.0;824.3;1.5;4.3;143;0.0
KENAI;202504280810;22.0;62.8;824.1;2.1;4.1;96;0.0
KENAI;202504280820;21.9;64.3;823.9;1.6;3.5;145;0.0
KENAI;202504280830;22.3;63.2;823.8;1.1;3.3;88;0.0
KENAI;202504280840;21.8;64.8;823.7;1.5;4.6;156;0.0
KENAI;202504280850;22.6;58.9;823.7;1.4;3.1;164;0.0
KENAI;202504280900;22.4;59.2;823.5;1.3;2.7;102;0.0
KENAI;202504280910;22.8;59.4;823.3;2.3;3.1;78;0.0
KENAI;202504280920;22.7;55.7;823.3;0.0;3.3;0;0.0
