219
VRXZ07 LSSW 311528
Station/Location;Date;tre200s0;uor200s0;prestas0;fkl010z0;fkl010z1;dkl010z0;rre150z0
KENAI;202503311330;23.2;63.7;821.0;4.1;6.7;59;0.0
KENAI;202503311340;22.4;59.4;820.8;1.5;6.5;87;0.0
KENAI;202503311350;24.1;62.5;820.8;3.2;5.5;83;0.0
KENAI;202503311400;21.3;72.5;821.2;4.6;12.2;81;0.2
KENAI;202503311410;19.5;81.4;821.2;1.5;7.3;66;1.1
KENAI;202503311420;18.7;87.7;821.2;1.5;6.2;61;0.0
KENAI;202503311430;19.3;83.8;821.2;2.4;4.9;55;0.0
KENAI;202503311440;19.6;80.1;821.2;2.6;4.4;44;0.0
KENAI;202503311450;19.7;78.4;821.2;1.3;4.1;57;0.0
KENAI;202503311500;19.7;73.7;821.3;2.8;6.1;49;0.0
KENAI;202503311510;19.7;73.0;821.5;2.3;6.6;41;0.0
KENAI;202503311520;-;-;-;-;6.1;-;-
