294
VRXZ07 LSSW 072128
Station/Location;Date;tre200s0;uor200s0;prestas0;fkl010z0;fkl010z1;dkl010z0;rre150z0
KENAI;202504071930;17.4;86.0;826.2;1.2;3.1;7;0.0
KENAI;202504071940;17.5;85.9;826.2;0.9;1.3;5;0.0
KENAI;202504071950;17.7;86.2;826.1;0.4;2.1;60;0.0
KENAI;202504072000;17.6;87.5;826.1;1.6;2.9;35;0.0
KENAI;202504072010;17.7;88.1;826.1;0.5;2.5;356;0.0
KENAI;202504072020;17.8;88.3;826.1;0.4;2.1;24;0.0
KENAI;202504072030;17.7;88.7;826.1;0.4;1.9;18;0.0
KENAI;202504072040;17.6;89.2;826.1;0.3;1.8;0;0.0
KENAI;202504072050;17.6;90.0;826.0;0.7;2.3;6;0.0
KENAI;202504072100;17.5;90.6;826.0;0.8;3.0;26;0.0
KENAI;202504072110;17.7;90.1;825.9;0.8;2.6;355;0.0
KENAI;202504072120;17.8;90.0;825.8;0.9;3.3;16;0.0
