610
VRXZ07 LSSW 251508
Station/Location;Date;tre200s0;uor200s0;prestas0;fkl010z0;fkl010z1;dkl010z0;rre150z0
KENAI;202506251310;-;63.0;824.3;2.2;5.3;129;0.0
KENAI;202506251320;20.4;63.1;824.3;1.9;4.7;155;0.0
KENAI;202506251330;20.5;64.4;824.3;0.7;4.1;134;0.0
KENAI;202506251340;-;62.5;824.3;1.7;3.8;126;0.0
KENAI;202506251350;-;62.7;824.3;1.8;4.2;115;0.0
KENAI;202506251400;-;63.0;824.3;1.8;3.7;111;0.0
KENAI;202506251410;20.3;63.2;824.3;1.3;3.4;104;0.0
KENAI;202506251420;-;63.7;824.4;2.9;5.1;157;0.0
KENAI;202506251430;-;64.7;824.4;1.2;4.2;63;0.0
KENAI;202506251440;-;64.8;824.4;1.0;4.8;120;0.0
KENAI;202506251450;-;64.6;824.4;1.7;3.4;107;0.0
KENAI;202506251500;-;65.1;824.5;1.7;4.9;86;0.0
