164
VRXZ07 LSSW 241228
Station/Location;Date;tre200s0;uor200s0;prestas0;fkl010z0;fkl010z1;dkl010z0;rre150z0
KENAI;202502241030;26.3;31.4;823.6;2.0;7.1;26;0.0
KENAI;202502241040;26.5;29.7;823.4;6.1;8.5;81;0.0
KENAI;202502241050;26.0;34.6;823.2;2.7;7.4;69;0.0
KENAI;202502241100;26.4;35.2;823.0;3.9;6.5;44;0.0
KENAI;202502241110;26.5;34.4;822.8;3.4;7.7;76;0.0
KENAI;202502241120;26.8;33.6;822.7;1.9;7.6;99;0.0
KENAI;202502241130;27.1;30.9;822.5;3.1;7.2;16;0.0
KENAI;202502241140;27.8;31.0;822.4;1.2;6.8;93;0.0
KENAI;202502241150;27.6;29.3;822.3;2.0;6.5;85;0.0
KENAI;202502241200;27.4;31.7;822.1;4.6;8.7;60;0.0
KENAI;202502241210;27.2;32.0;822.0;1.6;6.9;18;0.0
KENAI;202502241220;27.3;33.7;822.0;2.7;9.1;39;0.0
