197
VRXZ07 LSSW 060338
Station/Location;Date;tre200s0;uor200s0;prestas0;fkl010z0;fkl010z1;dkl010z0;rre150z0
KENAI;202508060140;-;80.9;825.4;0.6;1.0;315;0.0
KENAI;202508060150;-;82.7;825.3;0.4;0.8;196;0.0
KENAI;202508060200;-;83.2;825.6;0.9;1.1;243;0.0
KENAI;202508060210;-;83.8;825.6;0.5;1.6;236;0.0
KENAI;202508060220;-;84.6;825.7;0.4;0.6;287;0.0
KENAI;202508060230;-;85.3;825.8;0.0;0.6;0;0.0
KENAI;202508060240;-;85.8;825.8;0.6;0.7;174;0.0
KENAI;202508060250;-;86.3;825.9;0.5;1.1;241;0.0
KENAI;202508060300;-;85.8;826.0;0.0;0.8;0;0.0
KENAI;202508060310;-;85.7;826.1;1.3;1.8;284;0.0
KENAI;202508060320;-;83.9;826.2;0.8;1.7;268;0.0
KENAI;202508060330;-;84.1;826.3;0.6;1.3;262;0.0
