251
VRXZ07 LSSW 231138
Station/Location;Date;tre200s0;uor200s0;prestas0;fkl010z0;fkl010z1;dkl010z0;rre150z0
KENAI;202411230940;23.8;59.0;823.7;1.3;5.2;44;0.0
KENAI;202411230950;23.5;57.6;823.5;2.7;6.6;13;0.0
KENAI;202411231000;24.2;59.8;823.3;3.4;5.1;66;0.0
KENAI;202411231010;24.0;57.8;823.1;0.6;5.3;46;0.0
KENAI;202411231020;24.4;55.3;822.9;0.7;6.5;36;0.0
KENAI;202411231030;24.3;56.6;822.8;4.4;5.7;32;0.0
KENAI;202411231040;24.3;55.1;822.6;3.4;4.6;12;0.0
KENAI;202411231050;24.5;54.2;822.4;2.2;4.5;25;0.0
KENAI;202411231100;24.4;56.6;822.1;2.7;6.3;109;0.0
KENAI;202411231110;24.3;55.5;821.9;2.3;4.2;117;0.0
KENAI;202411231120;24.4;56.7;821.8;2.7;5.5;71;0.0
KENAI;202411231130;24.7;54.8;821.7;1.2;5.6;37;0.0
