500
VRXZ07 LSSW 010638
Station/Location;Date;tre200s0;uor200s0;prestas0;fkl010z0;fkl010z1;dkl010z0;rre150z0
KENAI;202504010440;17.3;90.6;823.8;1.3;2.7;75;0.0
KENAI;202504010450;16.9;91.8;823.9;2.2;3.3;76;0.0
KENAI;202504010500;17.0;91.8;824.1;1.2;3.4;47;0.0
KENAI;202504010510;17.0;90.9;824.1;1.5;3.3;66;0.0
KENAI;202504010520;17.2;90.2;824.1;1.1;3.6;88;0.0
KENAI;202504010530;17.2;90.2;824.1;1.4;2.4;101;0.0
KENAI;202504010540;17.6;89.1;824.3;2.3;3.0;70;0.0
KENAI;202504010550;17.7;88.2;824.4;2.0;3.1;80;0.0
KENAI;202504010600;17.9;88.2;824.6;0.4;3.3;45;0.0
KENAI;202504010610;-;-;-;-;3.5;-;-
KENAI;202504010620;17.8;87.0;824.7;1.9;4.8;27;0.0
KENAI;202504010630;18.9;82.8;824.7;1.3;3.9;359;0.0
