082
VRXZ07 LSSW 061328
Station/Location;Date;tre200s0;uor200s0;prestas0;fkl010z0;fkl010z1;dkl010z0;rre150z0
KENAI;202503061130;26.7;35.3;821.7;1.8;4.6;69;0.0
KENAI;202503061140;26.9;33.2;821.4;0.0;2.7;0;0.0
KENAI;202503061150;28.0;30.2;821.4;2.5;4.7;161;0.0
KENAI;202503061200;27.6;31.5;821.2;2.8;5.5;323;0.0
KENAI;202503061210;28.3;29.8;821.3;4.4;5.9;72;0.0
KENAI;202503061220;28.0;30.3;821.2;0.9;4.4;168;0.0
KENAI;202503061230;28.9;26.2;821.2;0.4;5.1;117;0.0
KENAI;202503061240;28.6;27.6;821.0;2.0;3.0;103;0.0
KENAI;202503061250;28.6;27.1;821.0;2.3;6.0;5;0.0
KENAI;202503061300;29.3;26.8;821.0;2.9;4.3;62;0.0
KENAI;202503061310;28.9;26.8;821.0;2.6;6.6;39;0.0
KENAI;202503061320;28.4;28.5;821.0;0.0;4.0;0;0.0
