300
VRXZ07 LSSW 110448
Station/Location;Date;tre200s0;uor200s0;prestas0;fkl010z0;fkl010z1;dkl010z0;rre150z0
KENAI;202507110250;-;84.0;826.3;0.8;1.3;270;0.0
KENAI;202507110300;-;83.1;826.3;0.5;1.7;245;0.0
KENAI;202507110310;-;82.8;826.2;0.8;2.3;205;0.0
KENAI;202507110320;-;82.9;826.0;0.7;1.4;256;0.0
KENAI;202507110330;-;81.7;826.2;0.8;1.6;267;0.0
KENAI;202507110340;-;81.6;826.2;0.5;2.1;211;0.0
KENAI;202507110350;-;82.3;826.3;0.7;1.3;292;0.0
KENAI;202507110400;-;82.3;826.5;0.4;1.5;232;0.0
KENAI;202507110410;-;81.9;826.6;1.0;1.7;263;0.0
KENAI;202507110420;-;81.0;826.7;0.8;1.5;80;0.0
KENAI;202507110430;-;80.2;826.7;0.7;0.8;216;0.0
KENAI;202507110440;-;79.9;826.7;0.5;1.2;163;0.0
