005
VRXZ07 LSSW 091638
Station/Location;Date;tre200s0;uor200s0;prestas0;fkl010z0;fkl010z1;dkl010z0;rre150z0
KENAI;202502091440;26.8;32.1;820.7;2.1;5.1;57;0.0
KENAI;202502091450;25.8;35.9;820.8;3.8;6.4;55;0.0
KENAI;202502091500;25.6;36.3;820.9;3.0;6.5;36;0.0
KENAI;202502091510;25.1;39.6;821.1;2.5;5.3;35;0.0
KENAI;202502091520;24.9;41.3;821.1;1.1;5.4;61;0.0
KENAI;202502091530;24.7;-;821.3;1.9;4.4;-;0.0
KENAI;202502091540;24.5;42.9;821.4;2.6;5.4;6;0.0
KENAI;202502091550;24.2;44.0;821.4;0.9;4.3;27;0.0
KENAI;202502091600;23.8;44.7;821.6;1.6;3.0;12;0.0
KENAI;202502091610;23.7;44.6;821.7;2.8;3.5;24;0.0
KENAI;202502091620;23.6;45.7;821.7;0.9;4.5;44;0.0
KENAI;202502091630;23.2;46.2;821.8;2.0;3.3;33;0.0
