396
VRXZ07 LSSW 271738
Station/Location;Date;tre200s0;uor200s0;prestas0;fkl010z0;fkl010z1;dkl010z0;rre150z0
KENAI;202411271540;20.5;72.6;822.4;0.7;2.0;22;0.0
KENAI;202411271550;20.4;73.4;822.6;0.7;2.3;18;0.0
KENAI;202411271600;20.2;74.6;822.7;1.5;3.0;29;0.0
KENAI;202411271610;20.0;75.8;822.7;0.6;2.6;46;0.0
KENAI;202411271620;19.9;76.3;822.9;0.7;2.1;89;0.0
KENAI;202411271630;19.6;77.4;823.0;0.0;1.1;0;0.0
KENAI;202411271640;19.3;79.0;823.3;0.0;0.5;0;0.0
KENAI;202411271650;19.0;79.8;823.4;0.7;1.3;13;0.0
KENAI;202411271700;19.2;79.5;823.5;1.0;2.2;3;0.0
KENAI;202411271710;19.1;80.2;823.7;0.0;2.3;0;0.0
KENAI;202411271720;18.9;80.9;824.0;0.8;2.4;55;0.0
KENAI;202411271730;18.9;81.8;824.3;1.2;3.2;38;0.0
