056
VRXZ07 LSSW 181448
Station/Location;Date;tre200s0;uor200s0;prestas0;fkl010z0;fkl010z1;dkl010z0;rre150z0
KENAI;202504181250;26.5;47.3;820.8;1.4;3.6;180;0.0
KENAI;202504181300;26.3;47.6;820.7;3.5;5.7;127;0.0
KENAI;202504181310;26.5;46.6;820.8;2.0;4.3;125;0.0
KENAI;202504181320;25.8;52.1;820.7;1.6;3.7;86;0.0
KENAI;202504181330;26.1;46.1;820.7;2.1;4.9;110;0.0
KENAI;202504181340;25.3;47.9;820.7;0.5;3.2;182;0.0
KENAI;202504181350;25.0;52.7;820.7;4.4;6.3;166;0.0
KENAI;202504181400;25.3;54.3;820.6;4.0;7.0;65;0.0
KENAI;202504181410;24.9;56.1;820.8;4.4;6.7;70;0.0
KENAI;202504181420;24.7;57.0;820.7;2.3;4.8;79;0.0
KENAI;202504181430;24.7;56.4;820.8;3.1;4.5;61;0.0
KENAI;202504181440;24.5;56.1;820.9;1.9;4.0;34;0.0
