540
VRXZ07 LSSW 140228
Station/Location;Date;tre200s0;uor200s0;prestas0;fkl010z0;fkl010z1;dkl010z0;rre150z0
KENAI;202504140030;16.9;95.6;824.7;0.7;3.3;125;0.0
KENAI;202504140040;16.9;95.3;824.6;1.2;2.6;168;0.0
KENAI;202504140050;16.9;95.8;824.7;0.9;2.3;168;0.0
KENAI;202504140100;16.9;95.5;824.6;0.9;2.3;147;0.0
KENAI;202504140110;16.9;95.8;824.6;2.4;3.3;149;0.0
KENAI;202504140120;16.9;95.9;824.7;1.7;4.0;139;0.0
KENAI;202504140130;16.9;95.7;824.6;0.9;3.1;109;0.0
KENAI;202504140140;16.9;95.8;824.6;0.8;2.9;153;0.0
KENAI;202504140150;16.9;95.7;824.6;1.7;2.2;128;0.0
KENAI;202504140200;17.0;95.9;824.7;0.5;2.1;100;0.0
KENAI;202504140210;16.9;95.8;824.6;1.2;2.1;135;0.0
KENAI;202504140220;16.9;95.6;824.7;0.0;2.3;0;0.0
