488
VRXZ07 LSSW 151008
Station/Location;Date;tre200s0;uor200s0;prestas0;fkl010z0;fkl010z1;dkl010z0;rre150z0
KENAI;202502150810;24.5;50.6;824.9;3.8;5.4;357;0.0
KENAI;202502150820;25.3;47.5;824.8;2.4;4.8;27;0.0
KENAI;202502150830;25.2;50.3;824.8;1.2;6.2;342;0.0
KENAI;202502150840;25.4;46.4;824.6;2.4;5.2;326;0.0
KENAI;202502150850;25.6;44.4;824.5;3.4;5.4;71;0.0
KENAI;202502150900;25.5;41.0;824.3;2.3;5.8;54;0.0
KENAI;202502150910;25.8;42.8;824.2;2.9;4.7;359;0.0
KENAI;202502150920;25.8;42.8;824.1;1.7;5.5;19;0.0
KENAI;202502150930;26.3;38.8;823.9;1.2;4.6;58;0.0
KENAI;202502150940;26.6;38.0;823.7;2.3;5.0;56;0.0
KENAI;202502150950;26.7;39.3;823.6;1.5;4.7;313;0.0
KENAI;202502151000;26.9;33.0;823.4;1.7;5.3;72;0.0
