034
VRXZ07 LSSW 160918
Station/Location;Date;tre200s0;uor200s0;prestas0;fkl010z0;fkl010z1;dkl010z0;rre150z0
KENAI;202503160720;22.5;59.7;826.0;1.0;3.7;291;0.0
KENAI;202503160730;23.3;60.0;825.9;1.1;2.4;347;0.0
KENAI;202503160740;23.4;55.5;825.9;2.1;4.4;93;0.0
KENAI;202503160750;23.3;58.7;825.8;2.6;4.7;148;0.0
KENAI;202503160800;24.1;54.6;825.6;2.4;5.1;67;0.0
KENAI;202503160810;24.2;53.3;825.6;2.0;5.0;16;0.0
KENAI;202503160820;23.8;54.3;825.5;1.2;3.8;337;0.0
KENAI;202503160830;23.4;52.4;825.3;0.7;2.5;280;0.0
KENAI;202503160840;24.9;46.7;825.2;1.3;4.9;60;0.0
KENAI;202503160850;24.7;50.7;825.0;0.5;4.8;44;0.0
KENAI;202503160900;24.8;47.1;825.0;2.3;5.0;112;0.0
KENAI;202503160910;24.9;45.5;824.9;1.2;3.4;312;0.0
