885
VRXZ07 LSSW 201658
Station/Location;Date;tre200s0;uor200s0;prestas0;fkl010z0;fkl010z1;dkl010z0;rre150z0
KENAI;202502201500;26.9;30.8;820.6;1.9;4.3;29;0.0
KENAI;202502201510;26.4;32.0;820.6;2.8;5.9;17;0.0
KENAI;202502201520;25.9;33.2;820.7;1.1;5.6;35;0.0
KENAI;202502201530;25.4;35.4;820.7;2.5;5.5;34;0.0
KENAI;202502201540;25.0;36.0;820.8;1.9;4.9;24;0.0
KENAI;202502201550;24.8;36.1;821.0;1.9;5.5;17;0.0
KENAI;202502201600;24.5;36.6;821.1;2.9;6.7;46;0.0
KENAI;202502201610;24.2;37.7;821.2;1.7;5.3;4;0.0
KENAI;202502201620;24.1;38.8;821.4;1.6;4.4;29;0.0
KENAI;202502201630;23.9;40.5;821.6;1.7;4.3;16;0.0
KENAI;202502201640;23.8;41.8;821.5;1.7;5.7;19;0.0
KENAI;202502201650;23.4;43.1;821.6;1.0;4.2;23;0.0
