006
VRXZ07 LSSW 070038
Station/Location;Date;tre200s0;uor200s0;prestas0;fkl010z0;fkl010z1;dkl010z0;rre150z0
KENAI;202506062240;-;90.5;827.5;0.9;2.8;116;0.0
KENAI;202506062250;-;91.2;827.5;1.0;2.2;176;0.0
KENAI;202506062300;-;91.0;827.4;1.1;2.0;195;0.0
KENAI;202506062310;-;90.9;827.3;1.8;2.7;133;0.0
KENAI;202506062320;-;90.4;827.3;0.7;2.0;144;0.0
KENAI;202506062330;-;90.6;827.2;1.6;2.1;169;0.0
KENAI;202506062340;-;90.0;827.1;1.0;1.8;190;0.0
KENAI;202506062350;-;89.6;827.2;0.7;2.8;163;0.0
KENAI;202506070000;-;89.3;827.1;1.5;2.0;165;0.0
KENAI;202506070010;-;89.0;827.0;0.7;2.1;131;0.0
KENAI;202506070020;-;88.3;827.0;0.9;1.9;123;0.0
KENAI;202506070030;-;88.4;826.9;1.4;2.3;125;0.0
