815
VRXZ07 LSSW 121138
Station/Location;Date;tre200s0;uor200s0;prestas0;fkl010z0;fkl010z1;dkl010z0;rre150z0
KENAI;202507120940;21.9;59.8;826.6;0.7;2.2;63;0.0
KENAI;202507120950;21.8;59.8;826.4;1.4;3.1;7;0.0
KENAI;202507121000;22.0;62.2;826.4;2.2;3.4;19;0.0
KENAI;202507121010;21.4;59.6;826.3;1.3;3.5;148;0.0
KENAI;202507121020;22.5;58.9;826.1;1.0;3.2;122;0.0
KENAI;202507121030;-;61.3;826.1;0.5;4.2;256;0.0
KENAI;202507121040;22.3;59.6;826.0;1.1;2.8;93;0.0
KENAI;202507121050;-;59.8;825.8;0.6;3.9;13;0.0
KENAI;202507121100;23.5;55.5;825.8;3.2;5.0;108;0.0
KENAI;202507121110;-;55.2;825.5;3.4;5.0;39;0.0
KENAI;202507121120;-;54.3;825.4;1.0;3.3;36;0.0
KENAI;202507121130;22.7;54.9;825.3;3.6;5.2;116;0.0
