396
VRXZ07 LSSW 191508
Station/Location;Date;tre200s0;uor200s0;prestas0;fkl010z0;fkl010z1;dkl010z0;rre150z0
KENAI;202502191310;28.0;19.4;821.3;1.5;5.2;262;0.0
KENAI;202502191320;27.7;20.7;821.2;3.5;5.8;95;0.0
KENAI;202502191330;27.6;21.2;821.1;1.0;4.2;77;0.0
KENAI;202502191340;27.7;22.5;821.1;2.9;4.6;91;0.0
KENAI;202502191350;27.8;21.6;821.0;1.6;5.6;55;0.0
KENAI;202502191400;27.8;19.6;821.0;1.7;6.0;66;0.0
KENAI;202502191410;27.6;21.2;821.1;1.7;5.5;65;0.0
KENAI;202502191420;27.4;23.5;821.1;3.5;4.9;6;0.0
KENAI;202502191430;27.4;22.5;821.1;2.7;5.8;13;0.0
KENAI;202502191440;27.3;22.8;821.1;2.3;3.4;23;0.0
KENAI;202502191450;27.0;22.9;821.2;1.8;4.2;35;0.0
KENAI;202502191500;26.6;23.0;821.3;1.2;4.7;39;0.0
