677
VRXZ07 LSSW 090658
Station/Location;Date;tre200s0;uor200s0;prestas0;fkl010z0;fkl010z1;dkl010z0;rre150z0
KENAI;202506090500;16.8;81.6;827.6;0.8;2.3;180;0.0
KENAI;202506090510;16.5;83.7;827.6;1.1;2.8;172;0.0
KENAI;202506090520;16.8;82.6;827.7;1.7;3.8;116;0.0
KENAI;202506090530;-;81.3;827.7;1.1;2.5;146;0.0
KENAI;202506090540;18.1;77.7;827.9;0.6;2.9;134;0.0
KENAI;202506090550;-;80.0;827.9;1.0;1.8;150;0.0
KENAI;202506090600;-;-;-;-;2.8;-;-
KENAI;202506090610;-;77.7;828.0;1.6;3.3;60;0.0
KENAI;202506090620;19.7;71.7;828.1;1.6;2.7;73;0.0
KENAI;202506090630;18.8;72.5;828.1;0.7;3.0;202;0.0
KENAI;202506090640;-;70.7;828.1;1.7;4.1;182;0.0
KENAI;202506090650;-;72.9;828.1;1.0;2.9;70;0.0
