439
VRXZ07 LSSW 090528
Station/Location;Date;tre200s0;uor200s0;prestas0;fkl010z0;fkl010z1;dkl010z0;rre150z0
KENAI;202504090330;14.8;98.6;826.3;0.0;0.5;0;0.0
KENAI;202504090340;14.9;98.7;826.4;0.7;1.2;215;0.0
KENAI;202504090350;15.1;98.7;826.5;0.5;1.0;217;0.0
KENAI;202504090400;15.1;98.6;826.5;0.0;0.7;0;0.0
KENAI;202504090410;15.3;98.5;826.6;0.3;0.5;125;0.0
KENAI;202504090420;15.7;98.6;826.7;0.3;0.6;130;0.0
KENAI;202504090430;16.3;98.3;826.7;0.0;0.6;0;0.0
KENAI;202504090440;16.6;95.8;826.6;0.6;1.0;54;0.0
KENAI;202504090450;16.9;93.9;826.7;0.9;1.6;97;0.0
KENAI;202504090500;16.9;91.3;826.9;1.1;1.8;89;0.0
KENAI;202504090510;17.2;90.6;826.9;0.9;2.1;116;0.0
KENAI;202504090520;17.7;90.0;827.0;0.6;1.2;11;0.0
