767
VRXZ07 LSSW 220758
Station/Location;Date;tre200s0;uor200s0;prestas0;fkl010z0;fkl010z1;dkl010z0;rre150z0
KENAI;202504220600;17.7;91.0;825.2;0.7;3.5;126;0.0
KENAI;202504220610;17.7;91.1;825.2;1.7;3.4;121;0.0
KENAI;202504220620;18.0;89.9;825.3;1.0;3.0;133;0.0
KENAI;202504220630;18.1;90.6;825.3;1.7;3.0;107;0.0
KENAI;202504220640;18.4;88.8;825.4;1.8;3.6;65;0.0
KENAI;202504220650;18.5;87.7;825.4;1.8;3.3;92;0.0
KENAI;202504220700;-;-;-;-;3.3;-;-
KENAI;202504220710;18.9;84.8;825.6;2.7;4.6;102;0.0
KENAI;202504220720;19.1;83.7;825.6;2.1;3.3;61;0.0
KENAI;202504220730;19.3;83.6;825.5;1.7;5.1;93;0.0
KENAI;202504220740;19.8;82.3;825.5;1.6;5.1;66;0.0
KENAI;202504220750;20.1;81.6;825.4;1.7;3.7;25;0.0
