935
VRXZ07 LSSW 151008
Station/Location;Date;tre200s0;uor200s0;prestas0;fkl010z0;fkl010z1;dkl010z0;rre150z0
KENAI;202506150810;-;62.9;827.6;0.8;3.4;157;0.0
KENAI;202506150820;-;61.4;827.6;0.7;3.6;149;0.0
KENAI;202506150830;-;63.2;827.7;1.1;2.5;107;0.0
KENAI;202506150840;-;63.2;827.6;0.9;3.0;177;0.0
KENAI;202506150850;-;62.8;827.6;0.6;2.4;161;0.0
KENAI;202506150900;-;63.9;827.5;1.2;2.8;104;0.0
KENAI;202506150910;-;64.4;827.4;0.6;2.9;143;0.0
KENAI;202506150920;-;63.6;827.4;1.3;2.9;114;0.0
KENAI;202506150930;-;65.8;827.3;1.2;3.2;154;0.0
KENAI;202506150940;19.2;63.9;827.2;1.0;2.4;185;0.0
KENAI;202506150950;-;63.3;827.0;0.9;2.1;87;0.0
KENAI;202506151000;-;62.4;827.0;1.8;3.2;199;0.0
