223
VRXZ07 LSSW 060048
Station/Location;Date;tre200s0;uor200s0;prestas0;fkl010z0;fkl010z1;dkl010z0;rre150z0
KENAI;202504052250;16.2;99.1;823.5;1.8;3.5;59;0.2
KENAI;202504052300;16.2;99.1;823.3;2.7;4.3;48;0.4
KENAI;202504052310;16.2;99.1;823.3;0.9;3.7;49;0.1
KENAI;202504052320;16.2;99.0;823.2;0.5;3.5;345;0.1
KENAI;202504052330;16.0;99.0;823.0;1.4;3.2;15;0.0
KENAI;202504052340;16.0;99.0;822.8;1.3;3.0;47;0.0
KENAI;202504052350;16.0;99.0;822.7;1.9;4.2;23;0.0
KENAI;202504060000;16.0;99.1;822.6;2.3;4.6;51;0.0
KENAI;202504060010;15.9;99.1;822.6;1.7;3.6;59;0.0
KENAI;202504060020;-;-;-;-;2.8;-;-
KENAI;202504060030;16.0;99.1;822.4;1.2;2.7;61;0.0
KENAI;202504060040;-;-;-;-;3.2;-;-
