354
VRXZ07 LSSW 051508
Station/Location;Date;tre200s0;uor200s0;prestas0;fkl010z0;fkl010z1;dkl010z0;rre150z0
KENAI;202508051310;22.2;47.8;824.2;1.3;3.4;30;0.0
KENAI;202508051320;21.8;48.0;824.1;2.3;5.4;44;0.0
KENAI;202508051330;21.6;49.2;824.3;1.7;3.6;120;0.0
KENAI;202508051340;21.6;48.1;824.2;0.9;3.5;54;0.0
KENAI;202508051350;22.1;47.5;824.0;1.7;3.9;59;0.0
KENAI;202508051400;22.2;48.2;824.1;1.5;4.4;110;0.0
KENAI;202508051410;21.9;48.6;824.2;1.2;3.7;98;0.0
KENAI;202508051420;21.6;48.9;824.2;2.0;2.7;111;0.0
KENAI;202508051430;21.4;49.9;824.3;0.9;3.0;37;0.0
KENAI;202508051440;21.1;50.0;824.4;2.7;3.7;103;0.0
KENAI;202508051450;-;50.6;824.6;1.3;3.5;145;0.0
KENAI;202508051500;-;51.7;824.7;0.8;1.9;20;0.0
