115
VRXZ07 LSSW 272008
Station/Location;Date;tre200s0;uor200s0;prestas0;fkl010z0;fkl010z1;dkl010z0;rre150z0
KENAI;202503271810;19.0;85.7;822.8;0.7;3.8;48;0.0
KENAI;202503271820;18.8;86.4;823.0;1.5;3.3;83;0.0
KENAI;202503271830;18.8;86.7;823.2;0.7;2.8;32;0.0
KENAI;202503271840;18.7;86.8;823.3;0.9;2.1;27;0.0
KENAI;202503271850;18.9;86.9;823.5;0.8;2.3;354;0.0
KENAI;202503271900;19.0;86.6;823.4;1.2;3.1;357;0.0
KENAI;202503271910;19.0;86.9;823.6;1.8;2.5;45;0.0
KENAI;202503271920;18.8;87.4;823.6;0.7;3.6;36;0.0
KENAI;202503271930;18.7;88.1;823.6;1.1;3.0;10;0.0
KENAI;202503271940;18.6;88.4;823.6;0.8;2.6;41;0.0
KENAI;202503271950;18.7;88.2;823.6;1.0;2.1;30;0.0
KENAI;202503272000;18.6;88.1;823.7;1.4;2.7;69;0.0
