443
VRXZ07 LSSW 190828
Station/Location;Date;tre200s0;uor200s0;prestas0;fkl010z0;fkl010z1;dkl010z0;rre150z0
KENAI;202502190630;21.6;51.1;825.2;1.4;4.2;14;0.0
KENAI;202502190640;21.9;-;825.1;1.3;3.5;-;0.0
KENAI;202502190650;22.2;49.7;825.1;1.4;3.9;320;0.0
KENAI;202502190700;22.7;49.3;825.2;1.9;4.7;106;0.0
KENAI;202502190710;23.1;48.4;825.1;2.2;3.9;81;0.0
KENAI;202502190720;23.2;45.6;825.1;2.2;5.0;70;0.0
KENAI;202502190730;23.9;46.2;825.1;1.3;5.5;53;0.0
KENAI;202502190740;23.7;45.6;824.9;1.3;6.7;33;0.0
KENAI;202502190750;23.6;41.9;824.9;3.3;6.0;44;0.0
KENAI;202502190800;24.5;40.9;825.0;2.2;4.7;340;0.0
KENAI;202502190810;25.1;36.3;824.8;2.2;6.3;39;0.0
KENAI;202502190820;25.0;37.9;824.7;1.8;5.3;29;0.0
