788
VRXZ07 LSSW 040248
Station/Location;Date;tre200s0;uor200s0;prestas0;fkl010z0;fkl010z1;dkl010z0;rre150z0
KENAI;202504040050;17.5;91.5;823.2;0.8;2.6;66;0.0
KENAI;202504040100;17.4;91.5;823.4;0.9;2.9;86;0.0
KENAI;202504040110;17.4;91.0;823.5;1.2;3.9;89;0.0
KENAI;202504040120;17.4;90.6;823.4;1.3;2.7;54;0.0
KENAI;202504040130;17.5;91.1;823.4;0.9;3.5;52;0.0
KENAI;202504040140;17.4;92.0;823.3;1.1;1.8;57;0.0
KENAI;202504040150;17.5;92.1;823.3;0.0;1.7;0;0.0
KENAI;202504040200;17.6;91.7;823.4;2.1;2.7;77;0.0
KENAI;202504040210;17.5;91.4;823.4;2.2;3.7;43;0.0
KENAI;202504040220;17.5;91.2;823.4;1.6;2.8;7;0.0
KENAI;202504040230;17.5;90.9;823.5;1.2;2.7;51;0.0
KENAI;202504040240;17.6;91.0;823.6;1.6;3.1;25;0.0
