996
VRXZ07 LSSW 162048
Station/Location;Date;tre200s0;uor200s0;prestas0;fkl010z0;fkl010z1;dkl010z0;rre150z0
KENAI;202506161850;-;71.3;826.6;0.8;2.3;122;0.0
KENAI;202506161900;-;72.1;826.6;0.6;2.1;143;0.0
KENAI;202506161910;-;72.4;826.5;0.0;1.0;0;0.0
KENAI;202506161920;-;72.6;826.6;0.6;1.0;149;0.0
KENAI;202506161930;17.4;73.4;826.6;0.6;1.2;172;0.0
KENAI;202506161940;-;74.1;826.6;0.6;2.3;116;0.0
KENAI;202506161950;-;74.2;826.6;1.5;2.4;130;0.0
KENAI;202506162000;17.1;74.5;826.6;1.4;2.5;147;0.0
KENAI;202506162010;-;75.1;826.6;0.6;1.6;88;0.0
KENAI;202506162020;-;75.7;826.7;0.6;1.8;158;0.0
KENAI;202506162030;16.9;75.8;826.8;0.8;2.3;122;0.0
KENAI;202506162040;16.8;76.2;826.7;1.2;3.2;117;0.0
