519
VRXZ07 LSSW 270208
Station/Location;Date;tre200s0;uor200s0;prestas0;fkl010z0;fkl010z1;dkl010z0;rre150z0
KENAI;202506270010;-;93.0;824.6;0.6;0.7;181;0.0
KENAI;202506270020;-;93.4;824.5;0.5;1.0;184;0.0
KENAI;202506270030;-;92.9;824.5;0.5;0.7;235;0.0
KENAI;202506270040;-;93.2;824.6;0.5;1.0;224;0.0
KENAI;202506270050;-;92.8;824.6;0.4;0.8;249;0.0
KENAI;202506270100;-;92.6;824.6;0.5;0.8;199;0.0
KENAI;202506270110;-;92.7;824.7;0.3;1.2;219;0.0
KENAI;202506270120;-;92.6;824.6;0.0;1.0;0;0.0
KENAI;202506270130;-;92.2;824.7;0.4;1.2;174;0.0
KENAI;202506270140;-;92.7;824.8;0.5;1.2;172;0.0
KENAI;202506270150;-;92.8;824.8;0.4;1.3;180;0.0
KENAI;202506270200;-;92.3;824.9;0.4;2.5;196;0.0
