631
VRXZ07 LSSW 211938
Station/Location;Date;tre200s0;uor200s0;prestas0;fkl010z0;fkl010z1;dkl010z0;rre150z0
KENAI;202504211740;14.8;98.0;824.4;1.3;2.5;49;0.9
KENAI;202504211750;-;-;-;-;2.7;-;-
KENAI;202504211800;14.8;98.2;824.5;1.2;3.2;345;1.4
KENAI;202504211810;14.9;98.2;824.5;1.2;3.2;5;0.6
KENAI;202504211820;14.9;98.4;824.8;1.0;2.6;25;0.3
KENAI;202504211830;14.8;98.4;824.6;0.6;3.0;26;0.2
KENAI;202504211840;14.8;98.2;824.7;1.1;2.2;308;0.0
KENAI;202504211850;15.0;98.0;824.8;1.0;1.9;195;0.1
KENAI;202504211900;15.0;97.8;824.9;1.0;2.0;320;0.0
KENAI;202504211910;15.1;97.5;824.9;0.9;1.6;304;0.0
KENAI;202504211920;15.3;97.6;824.8;0.8;1.6;339;0.0
KENAI;202504211930;15.5;97.7;824.9;1.1;1.9;326;0.0
