448
VRXZ07 LSSW 090818
Station/Location;Date;tre200s0;uor200s0;prestas0;fkl010z0;fkl010z1;dkl010z0;rre150z0
KENAI;202505090620;-;81.0;826.0;0.6;1.4;137;0.0
KENAI;202505090630;-;80.0;826.0;0.7;1.6;17;0.0
KENAI;202505090640;20.5;74.6;826.0;1.0;2.1;179;0.0
KENAI;202505090650;19.9;72.4;826.0;0.5;2.5;181;0.0
KENAI;202505090700;-;-;826.0;0.9;2.2;-;0.0
KENAI;202505090710;20.0;75.3;825.9;1.3;2.9;138;0.0
KENAI;202505090720;-;68.8;825.6;1.1;2.3;50;0.0
KENAI;202505090730;21.8;65.1;825.6;2.1;2.8;49;0.0
KENAI;202505090740;22.3;67.8;825.5;1.8;4.5;169;0.0
KENAI;202505090750;21.6;65.9;825.6;0.5;2.7;175;0.0
KENAI;202505090800;22.9;63.3;825.4;1.6;2.3;200;0.0
KENAI;202505090810;-;64.1;825.4;1.8;3.4;81;0.0
