836
VRXZ07 LSSW 060558
Station/Location;Date;tre200s0;uor200s0;prestas0;fkl010z0;fkl010z1;dkl010z0;rre150z0
KENAI;202508060400;-;86.3;826.4;0.6;1.0;188;0.0
KENAI;202508060410;-;86.5;826.4;0.0;0.7;0;0.0
KENAI;202508060420;-;84.4;826.6;0.7;1.0;218;0.0
KENAI;202508060430;-;83.5;826.7;0.6;0.9;226;0.0
KENAI;202508060440;-;80.7;826.9;0.5;0.9;93;0.0
KENAI;202508060450;-;77.9;826.9;1.0;2.4;82;0.0
KENAI;202508060500;14.2;76.3;827.0;1.5;3.1;15;0.0
KENAI;202508060510;-;76.0;826.9;0.6;3.2;60;0.0
KENAI;202508060520;-;74.5;827.1;1.6;1.9;140;0.0
KENAI;202508060530;-;73.0;827.1;0.9;2.7;126;0.0
KENAI;202508060540;-;71.7;827.2;0.6;2.2;27;0.0
KENAI;202508060550;-;70.6;827.3;0.6;2.4;94;0.0
