289
VRXZ07 LSSW 120738
Station/Location;Date;tre200s0;uor200s0;prestas0;fkl010z0;fkl010z1;dkl010z0;rre150z0
KENAI;202508120540;-;91.9;826.4;0.7;2.1;62;0.0
KENAI;202508120550;-;90.5;826.4;1.0;1.7;120;0.0
KENAI;202508120600;-;88.3;826.5;0.9;3.5;120;0.0
KENAI;202508120610;-;87.4;826.5;1.0;2.6;83;0.0
KENAI;202508120620;14.5;84.9;826.6;0.7;2.5;114;0.0
KENAI;202508120630;-;84.0;826.6;0.8;2.6;161;0.0
KENAI;202508120640;-;83.4;826.6;1.7;3.1;103;0.0
KENAI;202508120650;-;82.9;826.6;0.7;3.2;154;0.0
KENAI;202508120700;-;83.0;826.6;1.5;2.5;156;0.0
KENAI;202508120710;-;81.6;826.7;0.3;3.0;61;0.0
KENAI;202508120720;-;80.6;826.7;0.6;2.3;171;0.0
KENAI;202508120730;-;78.0;826.7;0.5;2.6;350;0.0
