535
VRXZ07 LSSW 221728
Station/Location;Date;tre200s0;uor200s0;prestas0;fkl010z0;fkl010z1;dkl010z0;rre150z0
KENAI;202507221530;-;70.0;825.1;2.7;3.9;153;0.0
KENAI;202507221540;-;70.7;825.2;1.3;5.2;148;0.0
KENAI;202507221550;-;71.4;825.4;1.2;5.0;115;0.0
KENAI;202507221600;-;71.9;825.6;1.7;4.3;137;0.0
KENAI;202507221610;16.9;73.5;825.7;1.4;4.5;158;0.0
KENAI;202507221620;-;74.2;825.8;1.4;4.2;154;0.0
KENAI;202507221630;-;74.3;825.9;2.2;4.9;154;0.0
KENAI;202507221640;16.4;74.8;825.9;2.1;5.1;156;0.0
KENAI;202507221650;-;75.6;825.9;0.9;4.2;160;0.0
KENAI;202507221700;-;75.1;826.0;1.4;4.3;133;0.0
KENAI;202507221710;-;74.8;826.1;2.3;4.6;119;0.0
KENAI;202507221720;-;74.9;826.3;1.6;3.7;146;0.0
