696
VRXZ07 LSSW 270048
Station/Location;Date;tre200s0;uor200s0;prestas0;fkl010z0;fkl010z1;dkl010z0;rre150z0
KENAI;202506262250;-;92.6;825.0;0.3;0.6;267;0.0
KENAI;202506262300;-;92.9;824.8;0.5;0.6;256;0.0
KENAI;202506262310;-;92.7;824.7;0.4;0.9;152;0.0
KENAI;202506262320;-;93.6;824.7;0.5;0.9;301;0.0
KENAI;202506262330;-;92.2;824.7;0.5;1.4;239;0.0
KENAI;202506262340;14.8;92.8;824.7;0.6;0.9;289;0.0
KENAI;202506262350;-;92.8;824.6;0.0;0.9;0;0.0
KENAI;202506270000;14.7;93.0;824.6;0.4;0.6;204;0.0
KENAI;202506270010;-;93.0;824.6;0.6;0.7;181;0.0
KENAI;202506270020;-;93.4;824.5;0.5;1.0;184;0.0
KENAI;202506270030;-;92.9;824.5;0.5;0.7;235;0.0
KENAI;202506270040;-;93.2;824.6;0.5;1.0;224;0.0
