927
VRXZ07 LSSW 080328
Station/Location;Date;tre200s0;uor200s0;prestas0;fkl010z0;fkl010z1;dkl010z0;rre150z0
KENAI;202502080130;17.3;81.8;823.3;0.5;2.8;45;0.0
KENAI;202502080140;17.3;82.1;823.4;0.4;2.0;350;0.0
KENAI;202502080150;17.2;82.1;823.5;1.2;2.2;14;0.0
KENAI;202502080200;17.0;82.8;823.5;1.5;2.4;17;0.0
KENAI;202502080210;16.9;83.4;823.5;1.1;2.4;347;0.0
KENAI;202502080220;16.7;84.4;823.8;0.6;1.9;357;0.0
KENAI;202502080230;16.5;85.6;823.8;1.1;1.5;5;0.0
KENAI;202502080240;16.2;86.0;823.6;0.5;2.1;32;0.0
KENAI;202502080250;16.0;87.3;823.7;1.0;2.5;55;0.0
KENAI;202502080300;16.1;87.0;823.7;0.0;1.6;0;0.0
KENAI;202502080310;15.8;87.5;823.8;0.0;0.9;0;0.0
KENAI;202502080320;15.8;88.1;823.8;0.8;1.8;23;0.0
