686
VRXZ07 LSSW 071238
Station/Location;Date;tre200s0;uor200s0;prestas0;fkl010z0;fkl010z1;dkl010z0;rre150z0
KENAI;202504071040;24.3;56.8;824.1;3.0;5.8;66;0.0
KENAI;202504071050;24.7;55.9;824.0;3.2;5.6;25;0.0
KENAI;202504071100;23.7;57.5;823.8;1.9;5.9;61;0.0
KENAI;202504071110;23.5;56.4;823.7;3.9;6.4;20;0.0
KENAI;202504071120;24.7;55.7;823.4;4.1;5.6;65;0.0
KENAI;202504071130;23.3;58.5;823.5;2.0;5.9;31;0.0
KENAI;202504071140;23.5;57.3;823.3;1.4;4.7;56;0.0
KENAI;202504071150;23.8;58.0;823.2;2.0;6.3;39;0.0
KENAI;202504071200;24.0;56.3;822.9;1.7;4.9;73;0.0
KENAI;202504071210;24.7;54.2;822.8;2.7;6.5;84;0.0
KENAI;202504071220;24.8;54.9;822.7;4.1;7.6;58;0.0
KENAI;202504071230;24.5;53.1;822.7;3.4;6.1;18;0.0
