069
VRXZ07 LSSW 031748
Station/Location;Date;tre200s0;uor200s0;prestas0;fkl010z0;fkl010z1;dkl010z0;rre150z0
KENAI;202506031550;-;67.7;824.6;1.8;5.1;110;0.0
KENAI;202506031600;-;66.3;824.7;2.5;3.9;76;0.0
KENAI;202506031610;-;66.0;824.8;1.1;3.8;55;0.0
KENAI;202506031620;-;65.6;825.0;1.2;4.9;55;0.0
KENAI;202506031630;-;66.5;825.2;1.3;2.9;94;0.0
KENAI;202506031640;-;66.5;825.1;0.7;2.1;79;0.0
KENAI;202506031650;19.8;65.8;825.2;1.3;2.9;91;0.0
KENAI;202506031700;-;70.1;825.4;1.0;2.1;50;0.0
KENAI;202506031710;-;72.2;825.4;1.4;3.0;80;0.0
KENAI;202506031720;-;72.3;825.4;1.4;3.4;81;0.0
KENAI;202506031730;-;70.7;825.5;0.9;4.6;73;0.0
KENAI;202506031740;-;71.1;825.7;1.4;3.0;79;0.0
