420
VRXZ07 LSSW 310608
Station/Location;Date;tre200s0;uor200s0;prestas0;fkl010z0;fkl010z1;dkl010z0;rre150z0
KENAI;202503310410;17.0;93.2;823.9;0.8;2.6;91;0.0
KENAI;202503310420;17.0;93.1;824.1;0.5;2.7;54;0.0
KENAI;202503310430;17.0;93.3;824.2;0.6;4.9;114;0.0
KENAI;202503310440;17.0;93.6;824.3;1.7;3.7;94;0.0
KENAI;202503310450;17.1;93.6;824.4;0.8;2.4;117;0.0
KENAI;202503310500;17.1;93.0;824.5;1.3;2.5;62;0.0
KENAI;202503310510;17.2;92.6;824.7;2.0;3.7;73;0.0
KENAI;202503310520;17.3;91.9;824.9;1.4;2.9;75;0.0
KENAI;202503310530;17.3;91.3;825.0;3.0;3.8;70;0.0
KENAI;202503310540;17.3;91.5;825.0;1.0;3.8;81;0.0
KENAI;202503310550;17.3;91.7;825.1;1.8;3.0;45;0.0
KENAI;202503310600;16.6;95.8;825.2;1.1;3.2;49;1.4
