679
VRXZ07 LSSW 222208
Station/Location;Date;tre200s0;uor200s0;prestas0;fkl010z0;fkl010z1;dkl010z0;rre150z0
KENAI;202506222010;-;84.2;826.0;0.7;2.8;155;0.0
KENAI;202506222020;16.5;84.8;825.9;1.2;2.8;176;0.0
KENAI;202506222030;-;85.1;825.9;0.8;1.8;126;0.0
KENAI;202506222040;16.5;85.2;825.9;1.4;1.7;131;0.0
KENAI;202506222050;-;85.2;825.9;0.9;3.0;102;0.0
KENAI;202506222100;-;85.2;826.0;0.6;1.8;170;0.0
KENAI;202506222110;-;85.6;825.8;1.0;1.7;172;0.0
KENAI;202506222120;-;86.5;825.7;1.1;1.9;178;0.0
KENAI;202506222130;-;87.1;825.6;0.6;2.0;143;0.0
KENAI;202506222140;-;87.3;825.6;1.3;2.1;193;0.0
KENAI;202506222150;-;87.3;825.5;1.0;3.6;174;0.0
KENAI;202506222200;-;87.4;825.4;0.6;2.8;126;0.0
