813
VRXZ07 LSSW 100848
Station/Location;Date;tre200s0;uor200s0;prestas0;fkl010z0;fkl010z1;dkl010z0;rre150z0
KENAI;202502100650;21.8;64.4;823.7;1.8;4.9;29;0.0
KENAI;202502100700;22.0;62.9;823.7;4.1;5.8;77;0.0
KENAI;202502100710;21.8;62.2;823.7;4.0;6.1;91;0.0
KENAI;202502100720;22.3;61.6;823.6;2.7;5.6;52;0.0
KENAI;202502100730;22.5;61.0;823.5;2.7;7.0;22;0.0
KENAI;202502100740;22.5;60.3;823.5;2.6;6.9;75;0.0
KENAI;202502100750;22.7;61.6;823.4;1.6;7.3;44;0.0
KENAI;202502100800;23.5;56.8;823.4;2.5;6.3;71;0.0
KENAI;202502100810;23.6;50.6;823.2;3.9;8.3;20;0.0
KENAI;202502100820;23.9;48.6;823.1;3.1;7.9;42;0.0
KENAI;202502100830;-;-;-;-;6.8;-;-
KENAI;202502100840;23.8;52.9;823.0;1.2;9.2;70;0.0
