307
VRXZ07 LSSW 131918
Station/Location;Date;tre200s0;uor200s0;prestas0;fkl010z0;fkl010z1;dkl010z0;rre150z0
KENAI;202508131720;-;65.9;825.3;1.2;2.9;38;0.0
KENAI;202508131730;19.2;65.7;825.3;1.7;2.8;8;0.0
KENAI;202508131740;-;66.3;825.4;0.4;1.7;78;0.0
KENAI;202508131750;19.2;66.3;825.5;1.2;2.4;349;0.0
KENAI;202508131800;-;66.8;825.4;2.0;2.7;51;0.0
KENAI;202508131810;18.9;68.1;825.7;0.5;3.5;25;0.0
KENAI;202508131820;-;67.4;825.8;1.5;2.5;29;0.0
KENAI;202508131830;-;67.7;825.8;1.0;3.0;14;0.0
KENAI;202508131840;18.7;67.0;825.9;1.3;2.3;25;0.0
KENAI;202508131850;-;67.2;826.0;0.8;2.3;54;0.0
KENAI;202508131900;-;67.5;825.8;1.8;2.2;52;0.0
KENAI;202508131910;-;68.5;826.1;0.0;2.0;0;0.0
