406
VRXZ07 LSSW 041328
Station/Location;Date;tre200s0;uor200s0;prestas0;fkl010z0;fkl010z1;dkl010z0;rre150z0
KENAI;202506041130;-;52.2;824.7;2.9;5.4;153;0.0
KENAI;202506041140;-;50.0;824.6;2.1;5.5;63;0.0
KENAI;202506041150;-;51.2;824.5;3.3;5.1;40;0.0
KENAI;202506041200;-;51.5;824.4;3.0;4.3;148;0.0
KENAI;202506041210;23.2;53.5;824.3;1.8;5.4;143;0.0
KENAI;202506041220;22.2;56.3;824.3;1.0;4.4;118;0.0
KENAI;202506041230;-;57.0;824.2;0.8;3.8;148;0.0
KENAI;202506041240;-;57.1;824.2;3.1;4.6;137;0.0
KENAI;202506041250;-;58.1;824.2;0.9;3.5;136;0.0
KENAI;202506041300;-;57.5;824.2;1.0;3.0;83;0.0
KENAI;202506041310;-;61.4;824.1;3.0;5.1;72;0.0
KENAI;202506041320;-;61.3;824.2;2.1;5.0;15;0.0
