483
VRXZ07 LSSW 171608
Station/Location;Date;tre200s0;uor200s0;prestas0;fkl010z0;fkl010z1;dkl010z0;rre150z0
KENAI;202504171410;24.4;50.2;821.9;2.0;4.7;84;0.0
KENAI;202504171420;24.3;50.2;821.9;1.7;4.1;76;0.0
KENAI;202504171430;24.7;49.3;822.0;2.1;4.1;84;0.0
KENAI;202504171440;24.5;50.6;822.2;2.4;4.3;62;0.0
KENAI;202504171450;24.3;49.9;822.2;1.9;3.9;57;0.0
KENAI;202504171500;24.0;51.3;822.2;1.7;3.5;74;0.0
KENAI;202504171510;23.7;52.0;822.2;2.4;4.9;28;0.0
KENAI;202504171520;23.4;53.1;822.4;2.2;4.9;61;0.0
KENAI;202504171530;23.2;-;822.5;2.0;4.4;-;0.0
KENAI;202504171540;23.0;54.6;822.5;1.8;6.5;47;0.0
KENAI;202504171550;22.9;54.5;822.5;1.5;6.9;71;0.0
KENAI;202504171600;22.7;55.3;822.6;3.3;4.7;354;0.0
