790
VRXZ07 LSSW 121408
Station/Location;Date;tre200s0;uor200s0;prestas0;fkl010z0;fkl010z1;dkl010z0;rre150z0
KENAI;202502121210;25.0;49.5;821.9;3.0;6.9;82;0.0
KENAI;202502121220;25.4;47.1;822.0;4.1;6.3;68;0.0
KENAI;202502121230;25.8;46.9;821.8;3.0;6.0;57;0.0
KENAI;202502121240;25.6;45.4;821.7;3.9;5.8;69;0.0
KENAI;202502121250;25.8;45.2;821.7;3.8;8.2;102;0.0
KENAI;202502121300;25.3;42.9;821.8;2.0;6.7;76;0.0
KENAI;202502121310;25.9;44.5;821.6;2.3;6.6;359;0.0
KENAI;202502121320;25.7;43.3;821.7;2.4;7.7;37;0.0
KENAI;202502121330;25.6;44.5;821.5;5.5;9.0;108;0.0
KENAI;202502121340;25.0;45.4;821.6;1.5;7.4;28;0.0
KENAI;202502121350;25.6;44.8;821.7;4.0;6.5;58;0.0
KENAI;202502121400;25.8;43.9;821.6;2.5;6.9;19;0.0
