016
VRXZ07 LSSW 171808
Station/Location;Date;tre200s0;uor200s0;prestas0;fkl010z0;fkl010z1;dkl010z0;rre150z0
KENAI;202504171610;22.7;55.6;822.8;2.5;5.9;17;0.0
KENAI;202504171620;22.6;-;823.0;1.7;6.3;-;0.0
KENAI;202504171630;22.4;57.0;823.1;1.3;6.3;36;0.0
KENAI;202504171640;22.2;57.1;823.2;2.7;4.9;57;0.0
KENAI;202504171650;21.9;58.3;823.4;1.1;3.7;26;0.0
KENAI;202504171700;21.8;58.7;823.4;0.4;4.7;116;0.0
KENAI;202504171710;21.9;57.8;823.7;1.6;4.1;85;0.0
KENAI;202504171720;21.8;57.6;823.7;1.0;3.9;41;0.0
KENAI;202504171730;21.7;58.2;823.9;1.0;4.0;90;0.0
KENAI;202504171740;21.7;59.6;824.0;1.2;3.9;85;0.0
KENAI;202504171750;21.4;63.3;824.1;2.0;5.9;84;0.0
KENAI;202504171800;21.1;65.8;824.2;2.0;5.8;47;0.0
