361
VRXZ07 LSSW 131148
Station/Location;Date;tre200s0;uor200s0;prestas0;fkl010z0;fkl010z1;dkl010z0;rre150z0
KENAI;202508130950;-;61.8;825.7;1.7;4.2;3;0.0
KENAI;202508131000;19.8;63.3;825.5;0.7;4.2;350;0.0
KENAI;202508131010;-;62.7;825.3;1.4;4.2;20;0.0
KENAI;202508131020;-;59.8;825.2;1.1;3.3;326;0.0
KENAI;202508131030;20.7;57.6;825.0;3.3;4.2;75;0.0
KENAI;202508131040;-;58.0;824.9;1.1;4.6;90;0.0
KENAI;202508131050;21.9;56.3;824.8;1.7;4.8;42;0.0
KENAI;202508131100;21.6;57.7;824.7;2.3;4.2;20;0.0
KENAI;202508131110;21.8;58.5;824.6;2.9;5.4;16;0.0
KENAI;202508131120;-;55.2;824.6;1.8;5.1;331;0.0
KENAI;202508131130;-;54.5;824.5;2.0;4.7;320;0.0
KENAI;202508131140;22.5;53.6;824.4;2.0;4.4;14;0.0
