418
VRXZ07 LSSW 220458
Station/Location;Date;tre200s0;uor200s0;prestas0;fkl010z0;fkl010z1;dkl010z0;rre150z0
KENAI;202502220300;14.0;76.3;823.3;0.0;0.6;0;0.0
KENAI;202502220310;14.1;76.7;823.3;0.0;1.0;0;0.0
KENAI;202502220320;14.2;75.9;823.5;0.5;0.5;214;0.0
KENAI;202502220330;13.9;77.5;823.6;0.3;0.7;162;0.0
KENAI;202502220340;13.8;78.5;823.6;0.0;0.7;0;0.0
KENAI;202502220350;13.9;78.7;823.7;0.6;0.7;22;0.0
KENAI;202502220400;14.6;75.7;823.8;0.0;0.9;0;0.0
KENAI;202502220410;15.3;73.5;824.0;0.0;1.0;0;0.0
KENAI;202502220420;16.2;71.7;824.2;0.4;1.9;3;0.0
KENAI;202502220430;16.7;68.9;824.4;1.9;3.0;2;0.0
KENAI;202502220440;17.3;65.9;824.4;2.0;3.2;21;0.0
KENAI;202502220450;17.8;64.1;824.5;1.3;3.2;11;0.0
