777
VRXZ07 LSSW 112318
Station/Location;Date;tre200s0;uor200s0;prestas0;fkl010z0;fkl010z1;dkl010z0;rre150z0
KENAI;202503112120;17.5;92.1;823.5;0.7;1.0;311;0.0
KENAI;202503112130;17.6;92.0;823.4;0.4;1.9;295;0.0
KENAI;202503112140;17.6;92.2;823.2;0.4;1.1;233;0.0
KENAI;202503112150;17.6;93.2;823.1;0.5;0.9;104;0.0
KENAI;202503112200;17.6;93.7;823.1;0.6;0.7;96;0.0
KENAI;202503112210;17.6;94.3;823.0;0.6;1.0;93;0.0
KENAI;202503112220;17.5;94.0;822.8;0.5;0.8;60;0.0
KENAI;202503112230;17.5;93.5;822.9;0.5;1.1;33;0.0
KENAI;202503112240;17.5;93.5;823.0;1.2;1.8;84;0.0
KENAI;202503112250;17.6;93.1;822.9;0.0;1.3;0;0.0
KENAI;202503112300;17.6;93.2;822.7;0.4;1.0;183;0.0
KENAI;202503112310;17.3;94.5;822.7;0.6;0.8;115;0.0
