179
VRXZ07 LSSW 160158
Station/Location;Date;tre200s0;uor200s0;prestas0;fkl010z0;fkl010z1;dkl010z0;rre150z0
KENAI;202411160000;16.6;91.2;822.1;1.1;3.0;16;0.0
KENAI;202411160010;16.6;91.1;822.1;1.4;4.0;18;0.0
KENAI;202411160020;16.6;91.3;822.1;1.8;3.1;36;0.0
KENAI;202411160030;16.7;91.0;821.9;1.2;3.8;15;0.0
KENAI;202411160040;16.7;91.3;821.7;1.1;2.6;5;0.0
KENAI;202411160050;16.7;91.2;821.9;2.2;4.3;55;0.0
KENAI;202411160100;16.8;91.0;821.9;1.2;2.8;23;0.0
KENAI;202411160110;16.8;90.8;821.9;1.1;3.0;55;0.0
KENAI;202411160120;16.8;90.7;821.9;2.8;3.6;57;0.0
KENAI;202411160130;16.7;90.5;822.0;1.4;4.1;81;0.0
KENAI;202411160140;16.7;91.1;822.2;2.0;3.3;24;0.0
KENAI;202411160150;16.6;91.1;822.3;2.7;3.7;56;0.0
