387
VRXZ07 LSSW 171358
Station/Location;Date;tre200s0;uor200s0;prestas0;fkl010z0;fkl010z1;dkl010z0;rre150z0
KENAI;202506171200;22.4;52.6;824.9;0.6;4.1;220;0.0
KENAI;202506171210;-;55.6;824.8;3.1;4.1;176;0.0
KENAI;202506171220;-;56.1;824.8;1.6;2.6;145;0.0
KENAI;202506171230;-;56.5;824.8;1.4;3.3;109;0.0
KENAI;202506171240;-;57.0;824.8;1.2;3.2;138;0.0
KENAI;202506171250;21.6;57.8;824.6;1.8;2.5;120;0.0
KENAI;202506171300;-;57.6;824.7;0.7;3.0;175;0.0
KENAI;202506171310;-;59.5;824.6;1.0;3.3;192;0.0
KENAI;202506171320;-;56.3;824.5;2.3;4.6;133;0.0
KENAI;202506171330;-;57.2;824.4;2.3;4.6;131;0.0
KENAI;202506171340;-;57.9;824.4;0.9;2.3;137;0.0
KENAI;202506171350;21.6;56.4;824.5;2.1;2.7;135;0.0
