700
VRXZ07 LSSW 091818
Station/Location;Date;tre200s0;uor200s0;prestas0;fkl010z0;fkl010z1;dkl010z0;rre150z0
KENAI;202508091620;16.6;79.3;825.0;0.4;1.0;131;0.0
KENAI;202508091630;-;78.1;825.0;0.0;0.9;0;0.0
KENAI;202508091640;-;77.7;825.2;0.0;0.9;0;0.0
KENAI;202508091650;16.7;78.2;825.3;0.0;0.3;0;0.0
KENAI;202508091700;-;78.4;825.4;0.4;0.6;233;0.0
KENAI;202508091710;-;79.0;825.5;0.4;0.7;253;0.0
KENAI;202508091720;16.6;78.2;825.6;0.0;0.7;0;0.0
KENAI;202508091730;-;79.2;825.6;0.6;0.8;203;0.0
KENAI;202508091740;16.5;78.9;825.7;0.4;0.8;271;0.0
KENAI;202508091750;16.4;79.5;825.8;0.5;0.8;232;0.0
KENAI;202508091800;16.3;80.4;825.8;0.7;0.7;90;0.0
KENAI;202508091810;-;83.0;825.9;0.0;0.7;0;0.0
