919
VRXZ07 LSSW 100148
Station/Location;Date;tre200s0;uor200s0;prestas0;fkl010z0;fkl010z1;dkl010z0;rre150z0
KENAI;202503092350;16.6;97.9;822.0;0.6;0.9;24;0.2
KENAI;202503100000;16.6;97.7;821.7;0.4;1.2;243;0.3
KENAI;202503100010;16.7;97.7;821.8;0.0;1.2;0;0.1
KENAI;202503100020;16.7;97.5;821.9;1.0;1.5;213;0.1
KENAI;202503100030;16.7;97.6;821.9;0.7;1.9;257;1.1
KENAI;202503100040;16.8;97.9;821.8;0.7;1.7;217;0.5
KENAI;202503100050;16.8;97.8;821.9;1.0;2.8;280;0.1
KENAI;202503100100;16.6;97.4;822.0;2.2;4.1;256;0.6
KENAI;202503100110;16.6;97.2;822.0;2.3;3.0;316;0.2
KENAI;202503100120;16.3;96.9;822.0;1.6;5.2;302;1.2
KENAI;202503100130;16.1;96.9;822.0;2.7;4.0;266;0.5
KENAI;202503100140;16.1;97.1;822.1;1.3;4.2;273;0.2
