228
VRXZ07 LSSW 030758
Station/Location;Date;tre200s0;uor200s0;prestas0;fkl010z0;fkl010z1;dkl010z0;rre150z0
KENAI;202504030600;17.8;91.9;825.4;1.8;3.5;63;0.0
KENAI;202504030610;18.2;90.1;825.4;2.2;3.8;91;0.0
KENAI;202504030620;18.8;88.5;825.4;1.4;3.6;34;0.0
KENAI;202504030630;19.0;-;825.5;1.1;5.1;-;0.0
KENAI;202504030640;19.2;86.5;825.5;0.9;4.0;92;0.0
KENAI;202504030650;19.5;86.2;825.5;1.0;2.8;14;0.0
KENAI;202504030700;20.4;76.2;825.5;0.5;3.0;50;0.0
KENAI;202504030710;20.7;79.1;825.4;1.0;3.4;117;0.0
KENAI;202504030720;21.4;75.5;825.4;1.6;3.3;58;0.0
KENAI;202504030730;21.5;74.9;825.4;1.8;4.9;342;0.0
KENAI;202504030740;22.0;69.0;825.3;1.9;4.5;76;0.0
KENAI;202504030750;22.4;66.6;825.2;1.6;5.3;97;0.0
