280
VRXZ07 LSSW 150648
Station/Location;Date;tre200s0;uor200s0;prestas0;fkl010z0;fkl010z1;dkl010z0;rre150z0
KENAI;202504150450;17.6;89.2;825.0;2.2;3.4;37;0.0
KENAI;202504150500;19.1;82.4;825.0;1.1;3.1;21;0.0
KENAI;202504150510;19.4;78.6;825.0;1.5;3.8;32;0.0
KENAI;202504150520;19.3;79.7;825.2;0.9;3.4;38;0.0
KENAI;202504150530;18.7;80.3;825.4;2.0;3.0;78;0.0
KENAI;202504150540;18.4;82.2;825.6;0.5;2.3;48;0.0
KENAI;202504150550;18.7;83.7;825.6;1.2;2.9;78;0.0
KENAI;202504150600;19.0;81.4;825.7;0.7;1.8;90;0.0
KENAI;202504150610;19.9;75.7;825.8;1.4;2.9;54;0.0
KENAI;202504150620;20.6;74.0;825.8;2.5;3.8;32;0.0
KENAI;202504150630;-;-;-;-;4.0;-;-
KENAI;202504150640;20.2;74.8;825.8;2.3;3.6;5;0.0
