753
VRXZ07 LSSW 111628
Station/Location;Date;tre200s0;uor200s0;prestas0;fkl010z0;fkl010z1;dkl010z0;rre150z0
KENAI;202502111430;25.3;37.0;820.6;4.5;6.8;65;0.0
KENAI;202502111440;25.0;36.8;820.5;3.6;7.7;2;0.0
KENAI;202502111450;24.6;38.1;820.7;2.1;9.8;23;0.0
KENAI;202502111500;24.4;41.0;820.7;4.5;7.2;20;0.0
KENAI;202502111510;23.9;44.0;820.9;1.8;7.0;29;0.0
KENAI;202502111520;23.4;42.8;820.9;3.9;8.0;60;0.0
KENAI;202502111530;23.1;-;821.0;2.9;6.9;-;0.0
KENAI;202502111540;22.8;43.1;821.2;1.7;6.4;56;0.0
KENAI;202502111550;22.5;44.2;821.3;2.1;8.5;48;0.0
KENAI;202502111600;22.2;44.2;821.5;2.6;6.2;58;0.0
KENAI;202502111610;22.0;46.0;821.6;2.0;7.5;30;0.0
KENAI;202502111620;21.8;47.8;821.8;0.8;6.4;35;0.0
