672
VRXZ07 LSSW 141718
Station/Location;Date;tre200s0;uor200s0;prestas0;fkl010z0;fkl010z1;dkl010z0;rre150z0
KENAI;202507141520;20.6;61.2;825.6;1.3;2.2;174;0.0
KENAI;202507141530;-;61.8;825.7;1.2;2.2;185;0.0
KENAI;202507141540;-;62.6;825.8;2.0;2.7;174;0.0
KENAI;202507141550;-;63.1;825.7;1.4;2.2;198;0.0
KENAI;202507141600;-;65.2;825.7;0.6;1.7;175;0.0
KENAI;202507141610;-;65.0;825.8;1.0;1.5;121;0.0
KENAI;202507141620;-;-;825.9;1.0;2.3;-;0.0
KENAI;202507141630;19.5;64.1;826.1;1.0;2.3;57;0.0
KENAI;202507141640;-;73.7;826.4;0.9;4.4;54;1.1
KENAI;202507141650;-;84.2;826.5;1.6;3.7;353;1.5
KENAI;202507141700;-;91.8;826.6;1.5;3.0;70;0.8
KENAI;202507141710;-;93.7;826.7;1.1;2.3;1;0.3
