176
VRXZ07 LSSW 191208
Station/Location;Date;tre200s0;uor200s0;prestas0;fkl010z0;fkl010z1;dkl010z0;rre150z0
KENAI;202411191010;24.9;50.2;823.1;1.9;5.5;38;0.0
KENAI;202411191020;24.1;54.2;822.9;1.8;7.0;19;0.0
KENAI;202411191030;24.7;56.6;822.7;3.2;5.7;41;0.0
KENAI;202411191040;25.5;53.7;822.4;1.6;5.9;337;0.0
KENAI;202411191050;23.9;53.1;822.3;1.7;6.2;52;0.0
KENAI;202411191100;25.0;53.2;822.2;3.7;6.0;61;0.0
KENAI;202411191110;24.3;52.0;822.0;2.2;5.0;2;0.0
KENAI;202411191120;24.9;54.1;821.9;2.7;4.9;92;0.0
KENAI;202411191130;24.2;50.7;821.8;1.9;5.8;27;0.0
KENAI;202411191140;24.9;51.6;821.7;3.8;5.1;93;0.0
KENAI;202411191150;25.6;48.2;821.6;2.1;3.9;120;0.0
KENAI;202411191200;25.9;46.8;821.6;3.3;5.7;61;0.0
