763
VRXZ07 LSSW 020428
Station/Location;Date;tre200s0;uor200s0;prestas0;fkl010z0;fkl010z1;dkl010z0;rre150z0
KENAI;202503020230;16.9;78.3;823.5;0.0;0.8;0;0.0
KENAI;202503020240;16.6;79.1;823.4;0.5;2.2;77;0.0
KENAI;202503020250;16.7;79.3;823.6;0.0;0.6;0;0.0
KENAI;202503020300;15.8;81.1;823.5;0.0;0.7;0;0.0
KENAI;202503020310;16.2;81.1;823.7;0.0;0.8;0;0.0
KENAI;202503020320;15.9;82.3;823.7;0.0;0.7;0;0.0
KENAI;202503020330;16.0;81.7;823.7;0.4;0.6;343;0.0
KENAI;202503020340;15.9;82.0;823.8;0.9;1.3;0;0.0
KENAI;202503020350;16.3;79.8;824.1;0.5;1.9;70;0.0
KENAI;202503020400;16.2;79.8;824.1;0.9;2.1;45;0.0
KENAI;202503020410;16.5;79.4;824.0;0.3;1.8;95;0.0
KENAI;202503020420;17.1;78.2;824.1;0.5;1.0;77;0.0
