896
VRXZ07 LSSW 062228
Station/Location;Date;tre200s0;uor200s0;prestas0;fkl010z0;fkl010z1;dkl010z0;rre150z0
KENAI;202503062030;20.7;55.8;824.4;1.9;6.1;71;0.0
KENAI;202503062040;20.5;57.0;824.3;2.2;5.5;50;0.0
KENAI;202503062050;20.4;58.0;824.4;2.7;6.8;97;0.0
KENAI;202503062100;20.3;59.3;824.3;2.7;4.6;72;0.0
KENAI;202503062110;20.2;60.4;824.1;3.6;4.7;18;0.0
KENAI;202503062120;20.2;60.9;824.1;2.9;6.7;64;0.0
KENAI;202503062130;20.2;61.6;824.0;2.5;6.6;83;0.0
KENAI;202503062140;20.2;62.2;824.0;3.4;7.3;85;0.0
KENAI;202503062150;20.3;62.1;824.0;1.7;4.5;63;0.0
KENAI;202503062200;20.2;62.1;823.9;2.2;4.5;60;0.0
KENAI;202503062210;20.0;62.6;823.7;3.1;6.1;38;0.0
KENAI;202503062220;19.8;63.3;823.7;2.2;5.1;69;0.0
