276
VRXZ07 LSSW 232018
Station/Location;Date;tre200s0;uor200s0;prestas0;fkl010z0;fkl010z1;dkl010z0;rre150z0
KENAI;202502231820;20.9;52.0;824.9;2.4;6.2;4;0.0
KENAI;202502231830;20.8;52.2;825.0;2.7;5.4;49;0.0
KENAI;202502231840;20.7;52.4;825.1;2.5;5.6;349;0.0
KENAI;202502231850;20.5;53.4;825.3;1.7;6.1;32;0.0
KENAI;202502231900;20.3;54.1;825.4;1.3;5.1;30;0.0
KENAI;202502231910;20.2;54.8;825.6;1.7;3.5;30;0.0
KENAI;202502231920;19.9;55.7;825.6;1.5;4.0;45;0.0
KENAI;202502231930;19.7;57.2;825.7;0.6;3.7;16;0.0
KENAI;202502231940;19.3;58.5;825.7;1.8;5.1;17;0.0
KENAI;202502231950;19.2;60.2;825.7;0.8;3.3;9;0.0
KENAI;202502232000;19.0;61.5;825.6;0.8;3.7;60;0.0
KENAI;202502232010;18.8;62.7;825.7;1.2;2.6;55;0.0
