193
VRXZ07 LSSW 092108
Station/Location;Date;tre200s0;uor200s0;prestas0;fkl010z0;fkl010z1;dkl010z0;rre150z0
KENAI;202412091910;17.9;86.7;825.3;2.5;4.6;37;0.0
KENAI;202412091920;17.8;86.6;825.1;2.7;4.3;47;0.0
KENAI;202412091930;17.7;87.2;825.1;2.6;5.2;17;0.0
KENAI;202412091940;17.6;87.4;825.2;1.4;4.6;353;0.0
KENAI;202412091950;17.6;87.7;825.2;1.6;4.0;31;0.0
KENAI;202412092000;17.6;87.6;825.1;1.8;4.3;14;0.0
KENAI;202412092010;17.4;88.4;825.1;2.4;4.0;21;0.0
KENAI;202412092020;17.4;88.3;825.1;1.9;3.9;27;0.0
KENAI;202412092030;17.4;88.2;825.1;1.9;4.8;19;0.0
KENAI;202412092040;17.3;88.4;825.1;1.2;4.7;44;0.0
KENAI;202412092050;17.1;89.0;825.0;1.3;4.2;23;0.0
KENAI;202412092100;17.1;88.6;824.9;1.3;4.4;39;0.0
