960
VRXZ07 LSSW 050148
Station/Location;Date;tre200s0;uor200s0;prestas0;fkl010z0;fkl010z1;dkl010z0;rre150z0
KENAI;202506042350;-;89.3;825.4;0.9;1.5;175;0.0
KENAI;202506050000;-;89.6;825.4;0.7;1.7;174;0.0
KENAI;202506050010;-;90.1;825.4;0.6;1.7;127;0.0
KENAI;202506050020;-;90.7;825.3;1.7;2.7;167;0.0
KENAI;202506050030;15.7;91.0;825.2;1.0;2.9;166;0.0
KENAI;202506050040;-;90.9;825.2;1.2;2.5;161;0.0
KENAI;202506050050;-;90.7;825.1;2.1;2.6;156;0.0
KENAI;202506050100;-;90.4;825.0;0.6;2.5;124;0.0
KENAI;202506050110;-;90.5;825.2;0.9;1.9;195;0.0
KENAI;202506050120;-;90.3;825.3;0.4;1.6;187;0.0
KENAI;202506050130;-;90.0;825.4;0.4;1.0;244;0.0
KENAI;202506050140;-;90.0;825.6;0.9;1.2;200;0.0
