574
VRXZ07 LSSW 120338
Station/Location;Date;tre200s0;uor200s0;prestas0;fkl010z0;fkl010z1;dkl010z0;rre150z0
KENAI;202505120140;15.9;90.8;824.6;0.6;3.1;196;0.0
KENAI;202505120150;15.8;91.5;824.6;0.7;3.2;304;0.0
KENAI;202505120200;-;91.4;824.7;1.7;3.9;249;0.0
KENAI;202505120210;15.7;91.7;824.7;1.5;4.1;253;0.0
KENAI;202505120220;-;92.2;824.8;1.7;2.9;288;0.0
KENAI;202505120230;15.6;92.2;824.9;1.0;3.3;255;0.0
KENAI;202505120240;-;92.0;825.1;0.8;2.9;297;0.0
KENAI;202505120250;-;91.4;825.1;1.9;2.7;287;0.0
KENAI;202505120300;15.7;91.3;825.0;0.8;3.3;311;0.0
KENAI;202505120310;-;91.3;824.9;2.2;3.0;264;0.0
KENAI;202505120320;-;91.3;824.9;0.6;2.7;284;0.0
KENAI;202505120330;-;91.0;825.0;0.0;2.8;0;0.0
