180
VRXZ07 LSSW 181938
Station/Location;Date;tre200s0;uor200s0;prestas0;fkl010z0;fkl010z1;dkl010z0;rre150z0
KENAI;202505181740;18.7;80.7;824.1;0.5;1.9;181;0.0
KENAI;202505181750;-;81.0;824.1;1.7;4.2;155;0.0
KENAI;202505181800;-;83.4;824.3;2.3;4.2;153;0.0
KENAI;202505181810;18.2;85.1;824.4;1.0;3.4;150;0.0
KENAI;202505181820;-;87.0;824.5;2.2;4.5;184;0.0
KENAI;202505181830;17.9;88.8;824.5;4.0;6.0;156;0.0
KENAI;202505181840;17.5;90.4;824.7;1.7;5.9;164;0.0
KENAI;202505181850;17.4;91.1;824.7;2.2;6.2;167;0.0
KENAI;202505181900;17.4;90.4;824.8;2.5;5.8;125;0.0
KENAI;202505181910;17.3;90.1;824.8;1.7;5.4;108;0.0
KENAI;202505181920;-;90.5;824.8;0.8;4.2;154;0.0
KENAI;202505181930;17.3;90.3;824.8;1.7;3.0;135;0.0
