643
VRXZ07 LSSW 060628
Station/Location;Date;tre200s0;uor200s0;prestas0;fkl010z0;fkl010z1;dkl010z0;rre150z0
KENAI;202502060430;17.1;71.1;822.3;0.0;2.2;0;0.0
KENAI;202502060440;17.7;68.8;822.4;0.4;2.8;17;0.0
KENAI;202502060450;18.2;66.0;822.6;0.9;1.9;11;0.0
KENAI;202502060500;18.6;65.2;822.8;0.8;2.7;18;0.0
KENAI;202502060510;19.1;64.5;822.9;0.9;2.0;39;0.0
KENAI;202502060520;19.5;61.4;823.0;2.1;2.5;1;0.0
KENAI;202502060530;19.6;62.3;823.0;1.4;3.6;71;0.0
KENAI;202502060540;19.4;62.1;823.0;1.4;4.5;55;0.0
KENAI;202502060550;19.6;62.9;823.1;2.4;5.8;46;0.0
KENAI;202502060600;19.7;60.2;823.2;2.1;5.1;69;0.0
KENAI;202502060610;-;-;-;-;4.2;-;-
KENAI;202502060620;20.2;59.9;823.3;1.8;5.7;340;0.0
