285
VRXZ07 LSSW 220058
Station/Location;Date;tre200s0;uor200s0;prestas0;fkl010z0;fkl010z1;dkl010z0;rre150z0
KENAI;202411212300;16.0;93.2;823.1;0.9;2.2;61;0.0
KENAI;202411212310;16.0;93.3;822.9;1.5;2.6;3;0.0
KENAI;202411212320;16.0;92.8;823.0;1.0;3.2;13;0.0
KENAI;202411212330;16.0;93.1;822.9;0.7;1.8;7;0.0
KENAI;202411212340;16.0;92.7;822.9;0.6;2.1;351;0.0
KENAI;202411212350;16.4;91.6;822.8;1.2;2.7;342;0.0
KENAI;202411220000;16.4;91.2;822.7;1.1;2.3;343;0.0
KENAI;202411220010;16.6;90.6;822.7;1.4;2.5;355;0.0
KENAI;202411220020;16.7;90.6;822.8;1.4;2.4;36;0.0
KENAI;202411220030;16.7;90.6;822.7;1.2;1.8;13;0.0
KENAI;202411220040;16.7;89.8;822.7;1.2;2.1;4;0.0
KENAI;202411220050;16.7;89.1;822.7;0.5;2.1;351;0.0
