213
VRXZ07 LSSW 162248
Station/Location;Date;tre200s0;uor200s0;prestas0;fkl010z0;fkl010z1;dkl010z0;rre150z0
KENAI;202503162050;18.3;77.6;824.9;0.5;1.2;185;0.0
KENAI;202503162100;18.3;78.2;825.1;1.1;1.5;183;0.0
KENAI;202503162110;18.3;77.7;825.2;0.5;1.3;97;0.0
KENAI;202503162120;18.2;80.2;825.2;0.0;1.3;0;0.0
KENAI;202503162130;18.2;78.3;825.2;0.7;1.0;174;0.0
KENAI;202503162140;18.4;78.8;825.1;0.6;1.3;191;0.0
KENAI;202503162150;18.9;76.5;824.8;0.7;2.5;24;0.0
KENAI;202503162200;-;-;-;-;2.5;-;-
KENAI;202503162210;18.2;81.5;824.9;1.3;4.2;15;0.3
KENAI;202503162220;17.7;83.5;824.9;1.7;4.6;353;0.7
KENAI;202503162230;15.9;88.0;824.9;3.4;7.8;10;4.6
KENAI;202503162240;14.9;92.1;825.0;1.5;6.4;17;1.5
