150
VRXZ07 LSSW 011338
Station/Location;Date;tre200s0;uor200s0;prestas0;fkl010z0;fkl010z1;dkl010z0;rre150z0
KENAI;202504011140;24.7;50.2;821.7;2.2;4.7;75;0.0
KENAI;202504011150;24.8;51.3;821.5;3.5;5.5;17;0.0
KENAI;202504011200;25.4;48.7;821.5;2.4;4.7;23;0.0
KENAI;202504011210;24.1;49.4;821.3;1.4;5.9;15;0.0
KENAI;202504011220;25.7;45.6;821.3;3.2;4.5;64;0.0
KENAI;202504011230;25.4;48.8;821.2;4.0;5.7;76;0.0
KENAI;202504011240;25.5;45.3;821.0;2.3;5.9;5;0.0
KENAI;202504011250;24.3;48.1;820.9;1.3;5.7;51;0.0
KENAI;202504011300;25.2;47.5;820.9;3.1;5.4;70;0.0
KENAI;202504011310;-;-;-;-;7.1;-;-
KENAI;202504011320;25.3;43.5;820.8;3.9;5.6;98;0.0
KENAI;202504011330;25.2;46.4;820.8;2.0;6.2;37;0.0
