483
VRXZ07 LSSW 180838
Station/Location;Date;tre200s0;uor200s0;prestas0;fkl010z0;fkl010z1;dkl010z0;rre150z0
KENAI;202505180640;-;70.3;825.3;1.2;2.1;123;0.0
KENAI;202505180650;20.2;68.5;825.3;1.3;3.2;352;0.0
KENAI;202505180700;-;68.9;825.2;2.2;2.8;65;0.0
KENAI;202505180710;20.5;68.7;825.3;0.0;2.1;0;0.0
KENAI;202505180720;21.8;62.4;825.3;2.6;3.4;56;0.0
KENAI;202505180730;-;62.7;825.2;1.7;4.0;40;0.0
KENAI;202505180740;-;60.5;825.1;2.4;4.0;27;0.0
KENAI;202505180750;23.2;60.6;825.1;2.0;4.8;85;0.0
KENAI;202505180800;22.2;65.0;824.9;1.7;3.3;28;0.0
KENAI;202505180810;22.6;63.2;824.9;2.2;3.0;82;0.0
KENAI;202505180820;22.4;61.9;824.9;3.7;5.2;107;0.0
KENAI;202505180830;22.9;60.8;824.7;2.4;5.1;36;0.0
