300
VRXZ07 LSSW 021818
Station/Location;Date;tre200s0;uor200s0;prestas0;fkl010z0;fkl010z1;dkl010z0;rre150z0
KENAI;202412021620;19.7;69.2;822.3;2.8;5.4;65;0.0
KENAI;202412021630;19.7;70.2;822.5;2.4;4.7;51;0.0
KENAI;202412021640;19.5;68.4;822.6;1.5;5.0;40;0.0
KENAI;202412021650;19.0;75.3;822.7;1.3;3.8;61;0.0
KENAI;202412021700;18.6;79.3;822.7;1.5;3.3;339;0.0
KENAI;202412021710;18.6;75.8;822.9;2.4;4.3;37;0.0
KENAI;202412021720;18.5;77.5;823.0;1.1;2.8;10;0.0
KENAI;202412021730;18.3;80.3;823.1;1.1;3.4;56;0.0
KENAI;202412021740;18.1;79.8;823.1;3.6;5.0;58;0.0
KENAI;202412021750;18.0;81.8;823.4;1.8;4.9;40;0.0
KENAI;202412021800;17.8;83.9;823.5;0.5;4.8;323;0.0
KENAI;202412021810;17.3;85.1;823.7;1.0;2.5;345;0.1
