355
VRXZ07 LSSW 281728
Station/Location;Date;tre200s0;uor200s0;prestas0;fkl010z0;fkl010z1;dkl010z0;rre150z0
KENAI;202504281530;-;-;820.8;0.6;2.8;-;0.0
KENAI;202504281540;-;53.1;820.9;1.1;2.3;77;0.0
KENAI;202504281550;22.3;53.5;821.0;1.3;2.0;61;0.0
KENAI;202504281600;22.0;55.5;821.0;2.1;2.9;351;0.0
KENAI;202504281610;21.8;59.8;821.2;2.3;2.9;32;0.0
KENAI;202504281620;-;63.2;821.3;1.5;5.2;35;0.0
KENAI;202504281630;21.6;64.8;821.5;2.8;4.9;19;0.0
KENAI;202504281640;-;65.9;821.6;2.0;5.6;43;0.0
KENAI;202504281650;21.2;67.1;821.7;1.8;4.1;57;0.0
KENAI;202504281700;20.9;68.3;821.9;1.0;4.4;96;0.0
KENAI;202504281710;21.0;68.8;822.0;2.1;3.9;56;0.0
KENAI;202504281720;20.9;70.3;822.1;1.7;2.6;97;0.0
