634
VRXZ07 LSSW 310158
Station/Location;Date;tre200s0;uor200s0;prestas0;fkl010z0;fkl010z1;dkl010z0;rre150z0
KENAI;202503310000;16.7;96.2;822.5;0.9;3.7;92;0.0
KENAI;202503310010;16.8;96.4;822.6;1.3;2.7;82;0.0
KENAI;202503310020;16.8;96.4;822.6;0.7;2.1;32;0.0
KENAI;202503310030;16.8;96.1;822.6;0.9;3.7;49;0.1
KENAI;202503310040;16.6;96.2;822.6;1.4;3.8;84;0.0
KENAI;202503310050;16.6;96.3;822.5;2.5;3.4;60;0.0
KENAI;202503310100;16.5;96.4;822.6;1.0;3.9;75;0.0
KENAI;202503310110;16.6;96.4;822.6;0.7;2.7;44;0.0
KENAI;202503310120;16.6;95.9;822.5;0.9;2.3;28;0.1
KENAI;202503310130;16.5;95.2;822.5;0.7;3.3;113;0.0
KENAI;202503310140;16.7;94.8;822.5;1.0;2.3;129;0.0
KENAI;202503310150;16.9;94.1;822.4;1.3;2.6;87;0.0
