510
VRXZ07 LSSW 051218
Station/Location;Date;tre200s0;uor200s0;prestas0;fkl010z0;fkl010z1;dkl010z0;rre150z0
KENAI;202504051020;24.7;57.6;822.2;2.5;7.1;39;0.0
KENAI;202504051030;24.3;57.9;822.1;2.8;6.9;81;0.0
KENAI;202504051040;24.8;57.1;821.9;2.5;7.1;38;0.0
KENAI;202504051050;24.3;59.5;821.8;3.0;5.3;65;0.0
KENAI;202504051100;24.9;54.9;821.7;3.8;6.5;2;0.0
KENAI;202504051110;24.7;57.0;821.4;2.1;8.2;9;0.0
KENAI;202504051120;24.8;55.3;821.4;3.9;7.5;357;0.0
KENAI;202504051130;24.3;56.7;821.2;2.1;6.2;0;0.0
KENAI;202504051140;24.5;54.1;821.1;2.0;6.0;38;0.0
KENAI;202504051150;24.7;55.0;821.1;2.0;5.5;41;0.0
KENAI;202504051200;25.0;53.6;820.9;2.7;5.5;80;0.0
KENAI;202504051210;25.0;53.3;820.7;3.2;6.2;33;0.0
