792
VRXZ07 LSSW 142228
Station/Location;Date;tre200s0;uor200s0;prestas0;fkl010z0;fkl010z1;dkl010z0;rre150z0
KENAI;202503142030;20.1;58.1;823.6;1.1;2.6;29;0.0
KENAI;202503142040;20.0;58.7;823.6;0.5;2.7;16;0.0
KENAI;202503142050;20.1;58.8;823.5;1.1;3.3;56;0.0
KENAI;202503142100;20.0;59.9;823.3;0.8;3.7;50;0.0
KENAI;202503142110;19.9;60.4;823.2;1.4;3.4;19;0.0
KENAI;202503142120;20.0;60.5;823.3;2.1;4.3;43;0.0
KENAI;202503142130;19.8;61.5;823.2;1.5;3.7;77;0.0
KENAI;202503142140;19.7;62.4;823.2;1.2;3.5;51;0.0
KENAI;202503142150;19.5;63.9;823.0;1.0;3.2;43;0.0
KENAI;202503142200;19.6;63.9;823.1;1.5;3.5;63;0.0
KENAI;202503142210;19.6;64.6;823.1;0.8;4.3;30;0.0
KENAI;202503142220;19.8;63.7;823.1;1.1;4.4;41;0.0
