990
VRXZ07 LSSW 060418
Station/Location;Date;tre200s0;uor200s0;prestas0;fkl010z0;fkl010z1;dkl010z0;rre150z0
KENAI;202502060220;15.4;76.3;821.9;1.0;1.8;14;0.0
KENAI;202502060230;15.0;78.5;821.9;0.5;1.2;209;0.0
KENAI;202502060240;14.8;79.4;821.9;0.5;0.8;340;0.0
KENAI;202502060250;15.3;76.8;822.0;0.6;1.7;12;0.0
KENAI;202502060300;15.6;75.7;822.0;0.4;1.9;352;0.0
KENAI;202502060310;15.6;75.6;822.0;0.0;1.8;0;0.0
KENAI;202502060320;15.6;75.8;822.0;0.8;1.7;345;0.0
KENAI;202502060330;15.6;75.9;821.9;0.6;1.4;13;0.0
KENAI;202502060340;15.4;76.3;821.9;0.3;1.3;334;0.0
KENAI;202502060350;15.5;76.1;822.0;0.5;1.3;294;0.0
KENAI;202502060400;15.7;76.0;822.0;0.7;1.3;344;0.0
KENAI;202502060410;16.0;75.1;822.2;0.7;1.6;352;0.0
