980
VRXZ07 LSSW 032358
Station/Location;Date;tre200s0;uor200s0;prestas0;fkl010z0;fkl010z1;dkl010z0;rre150z0
KENAI;202504032200;17.2;95.1;824.2;1.1;2.5;68;0.0
KENAI;202504032210;17.3;95.5;824.0;0.6;1.7;47;0.0
KENAI;202504032220;17.3;95.7;823.7;1.0;2.6;84;0.0
KENAI;202504032230;17.3;95.7;823.7;0.7;2.5;89;0.0
KENAI;202504032240;17.2;95.0;823.6;0.9;2.8;96;0.0
KENAI;202504032250;17.1;95.4;823.6;0.8;1.6;57;0.0
KENAI;202504032300;16.9;95.5;823.5;0.6;1.7;103;0.0
KENAI;202504032310;16.9;96.2;823.6;0.0;1.8;0;0.0
KENAI;202504032320;17.0;96.3;823.4;0.3;0.8;69;0.0
KENAI;202504032330;17.0;96.2;823.3;0.5;2.0;40;0.0
KENAI;202504032340;17.1;95.9;823.2;1.1;2.6;32;0.0
KENAI;202504032350;17.0;95.2;823.0;1.1;2.5;29;0.0
