010
VRXZ07 LSSW 061318
Station/Location;Date;tre200s0;uor200s0;prestas0;fkl010z0;fkl010z1;dkl010z0;rre150z0
KENAI;202506061120;-;58.0;826.2;0.5;3.2;60;0.0
KENAI;202506061130;22.2;57.6;825.9;1.7;3.1;64;0.0
KENAI;202506061140;-;58.5;825.7;0.6;3.7;41;0.0
KENAI;202506061150;-;53.4;825.5;1.8;3.3;164;0.0
KENAI;202506061200;22.9;56.5;825.4;3.0;5.5;164;0.0
KENAI;202506061210;23.2;52.4;825.4;2.2;4.3;210;0.0
KENAI;202506061220;23.2;53.8;825.2;2.0;4.1;178;0.0
KENAI;202506061230;23.6;54.0;825.2;0.6;4.2;152;0.0
KENAI;202506061240;22.3;57.2;825.2;1.7;4.2;91;0.0
KENAI;202506061250;22.0;54.9;825.2;2.0;3.2;148;0.0
KENAI;202506061300;21.5;60.5;825.3;1.9;5.5;166;0.0
KENAI;202506061310;-;63.4;825.3;2.3;5.3;153;0.0
