294
VRXZ07 LSSW 271748
Station/Location;Date;tre200s0;uor200s0;prestas0;fkl010z0;fkl010z1;dkl010z0;rre150z0
KENAI;202506271550;-;68.3;823.8;1.9;3.5;25;0.0
KENAI;202506271600;-;69.9;823.8;1.2;4.0;345;0.0
KENAI;202506271610;-;69.7;824.1;0.6;4.3;3;0.0
KENAI;202506271620;-;70.5;824.2;1.5;4.3;78;0.0
KENAI;202506271630;-;71.6;824.3;2.6;3.4;83;0.0
KENAI;202506271640;-;74.1;824.4;1.3;2.9;92;0.0
KENAI;202506271650;19.6;75.4;824.5;1.3;3.2;70;0.0
KENAI;202506271700;-;76.4;824.6;0.8;3.6;102;0.0
KENAI;202506271710;-;76.9;824.7;1.2;2.6;77;0.0
KENAI;202506271720;19.3;76.4;824.9;1.8;2.6;110;0.0
KENAI;202506271730;19.4;76.2;824.9;1.3;2.3;68;0.0
KENAI;202506271740;-;74.8;825.0;0.8;2.5;59;0.0
