094
VRXZ07 LSSW 121258
Station/Location;Date;tre200s0;uor200s0;prestas0;fkl010z0;fkl010z1;dkl010z0;rre150z0
KENAI;202508121100;-;74.9;824.8;1.0;3.0;78;0.0
KENAI;202508121110;-;74.8;824.8;1.5;3.4;73;0.0
KENAI;202508121120;-;73.9;824.8;1.6;3.2;82;0.0
KENAI;202508121130;-;74.3;824.8;2.2;3.5;71;0.0
KENAI;202508121140;-;73.7;824.6;1.4;2.6;75;0.0
KENAI;202508121150;-;72.3;824.6;1.6;4.0;81;0.0
KENAI;202508121200;-;71.9;824.4;2.0;3.3;136;0.0
KENAI;202508121210;17.1;72.5;824.3;1.1;4.3;131;0.0
KENAI;202508121220;17.1;71.7;824.2;1.1;4.2;182;0.0
KENAI;202508121230;-;71.3;824.2;2.5;3.9;116;0.0
KENAI;202508121240;-;71.7;824.1;2.6;4.5;110;0.0
KENAI;202508121250;17.2;71.4;824.1;2.0;3.3;163;0.0
