431
VRXZ07 LSSW 160558
Station/Location;Date;tre200s0;uor200s0;prestas0;fkl010z0;fkl010z1;dkl010z0;rre150z0
KENAI;202504160400;15.6;92.7;824.8;0.5;0.9;170;0.0
KENAI;202504160410;16.0;91.7;825.1;0.0;0.6;0;0.0
KENAI;202504160420;17.2;87.1;825.2;0.6;1.0;9;0.0
KENAI;202504160430;17.5;84.7;825.3;0.4;1.1;320;0.0
KENAI;202504160440;18.0;84.0;825.4;0.9;1.6;8;0.0
KENAI;202504160450;18.5;81.6;825.5;1.1;2.3;36;0.0
KENAI;202504160500;18.8;79.9;825.6;1.0;2.0;37;0.0
KENAI;202504160510;19.2;78.9;825.5;0.5;2.2;111;0.0
KENAI;202504160520;19.4;76.7;825.8;2.3;3.0;61;0.0
KENAI;202504160530;19.5;76.0;825.8;1.6;3.1;2;0.0
KENAI;202504160540;19.7;74.8;825.9;1.0;3.5;62;0.0
KENAI;202504160550;19.7;74.5;826.0;2.0;3.2;50;0.0
