743
VRXZ07 LSSW 070648
Station/Location;Date;tre200s0;uor200s0;prestas0;fkl010z0;fkl010z1;dkl010z0;rre150z0
KENAI;202508070450;-;88.1;824.8;0.7;1.3;79;0.0
KENAI;202508070500;-;86.7;824.8;0.5;1.0;176;0.0
KENAI;202508070510;-;86.0;824.9;0.8;1.3;153;0.0
KENAI;202508070520;-;84.4;824.9;0.5;1.4;31;0.0
KENAI;202508070530;-;82.8;825.0;0.0;1.4;0;0.0
KENAI;202508070540;-;82.7;825.1;0.4;0.8;173;0.0
KENAI;202508070550;-;81.1;825.1;1.1;1.7;61;0.0
KENAI;202508070600;-;80.7;825.2;0.9;1.9;155;0.0
KENAI;202508070610;-;80.1;825.2;0.7;2.1;49;0.0
KENAI;202508070620;-;80.5;825.1;0.8;-;136;0.0
KENAI;202508070630;-;78.8;825.2;0.0;2.4;0;0.0
KENAI;202508070640;-;78.4;825.2;1.2;2.8;205;0.0
