257
VRXZ07 LSSW 250748
Station/Location;Date;tre200s0;uor200s0;prestas0;fkl010z0;fkl010z1;dkl010z0;rre150z0
KENAI;202504250550;18.3;84.7;825.5;3.7;5.0;12;0.0
KENAI;202504250600;18.3;83.6;825.4;2.6;4.9;15;0.0
KENAI;202504250610;18.7;81.4;825.5;4.1;6.3;63;0.0
KENAI;202504250620;19.2;81.8;825.5;2.1;6.7;42;0.0
KENAI;202504250630;18.7;78.1;825.5;2.2;7.0;26;0.0
KENAI;202504250640;19.1;79.4;825.7;2.0;5.3;32;0.0
KENAI;202504250650;18.9;80.3;825.7;2.7;6.1;24;0.0
KENAI;202504250700;19.2;79.2;825.7;1.5;6.2;81;0.0
KENAI;202504250710;19.2;82.2;825.7;2.8;6.0;8;0.0
KENAI;202504250720;20.5;73.4;825.7;3.0;7.1;61;0.0
KENAI;202504250730;19.5;75.5;825.5;1.7;6.1;62;0.0
KENAI;202504250740;20.0;74.7;825.4;1.7;5.7;31;0.0
