238
VRXZ07 LSSW 241828
Station/Location;Date;tre200s0;uor200s0;prestas0;fkl010z0;fkl010z1;dkl010z0;rre150z0
KENAI;202411241630;17.0;94.6;823.5;0.9;2.3;57;0.7
KENAI;202411241640;17.1;-;823.7;0.6;1.3;-;0.4
KENAI;202411241650;17.3;95.7;823.9;0.5;1.6;114;0.0
KENAI;202411241700;17.4;95.4;823.9;1.0;1.5;166;0.0
KENAI;202411241710;17.4;95.4;824.0;0.4;1.0;159;0.0
KENAI;202411241720;17.5;-;824.0;0.6;1.2;-;0.0
KENAI;202411241730;17.6;95.3;824.0;0.8;2.4;137;0.0
KENAI;202411241740;17.6;95.7;824.2;0.0;2.1;0;0.0
KENAI;202411241750;17.5;95.9;824.4;1.0;2.9;34;1.5
KENAI;202411241800;16.9;96.4;824.4;0.7;4.1;20;1.0
KENAI;202411241810;16.8;96.9;824.6;1.2;2.5;11;1.0
KENAI;202411241820;16.3;96.7;824.6;0.7;3.2;8;3.3
