485
VRXZ07 LSSW 080458
Station/Location;Date;tre200s0;uor200s0;prestas0;fkl010z0;fkl010z1;dkl010z0;rre150z0
KENAI;202502080300;16.1;87.0;823.7;0.0;1.6;0;0.0
KENAI;202502080310;15.8;87.5;823.8;0.0;0.9;0;0.0
KENAI;202502080320;15.8;88.1;823.8;0.8;1.8;23;0.0
KENAI;202502080330;15.8;87.9;823.7;1.1;1.9;20;0.0
KENAI;202502080340;15.9;87.8;823.8;0.7;1.9;22;0.0
KENAI;202502080350;16.0;87.8;823.9;0.5;1.1;52;0.0
KENAI;202502080400;16.0;87.8;823.9;0.6;2.0;343;0.0
KENAI;202502080410;16.4;87.2;824.0;0.6;2.3;14;0.0
KENAI;202502080420;16.6;86.1;824.0;1.1;2.8;44;0.0
KENAI;202502080430;16.8;85.4;824.1;1.3;3.3;103;0.0
KENAI;202502080440;17.2;84.4;824.3;1.2;2.3;354;0.0
KENAI;202502080450;17.2;83.9;824.4;0.9;3.0;15;0.0
