545
VRXZ07 LSSW 230738
Station/Location;Date;tre200s0;uor200s0;prestas0;fkl010z0;fkl010z1;dkl010z0;rre150z0
KENAI;202502230540;20.8;47.2;825.8;2.7;5.2;0;0.0
KENAI;202502230550;20.9;46.4;825.7;2.7;4.5;7;0.0
KENAI;202502230600;21.4;46.7;825.9;1.2;4.2;47;0.0
KENAI;202502230610;22.1;45.7;826.0;2.9;5.1;56;0.0
KENAI;202502230620;22.2;45.7;826.0;2.1;6.1;59;0.0
KENAI;202502230630;22.6;46.2;825.9;3.9;6.3;14;0.0
KENAI;202502230640;22.8;45.0;825.8;4.0;6.2;46;0.0
KENAI;202502230650;23.3;42.7;825.9;2.7;5.7;7;0.0
KENAI;202502230700;23.1;41.3;825.9;3.3;7.7;33;0.0
KENAI;202502230710;23.9;41.8;825.8;3.9;7.0;70;0.0
KENAI;202502230720;23.9;41.9;825.7;2.2;5.4;29;0.0
KENAI;202502230730;24.0;40.2;825.7;2.4;5.9;48;0.0
