012
VRXZ07 LSSW 022358
Station/Location;Date;tre200s0;uor200s0;prestas0;fkl010z0;fkl010z1;dkl010z0;rre150z0
KENAI;202412022200;16.0;97.0;823.3;1.5;3.3;58;0.0
KENAI;202412022210;15.9;96.8;823.2;0.9;3.9;78;0.1
KENAI;202412022220;15.9;96.9;823.2;0.9;4.8;63;0.3
KENAI;202412022230;15.8;97.4;823.0;2.0;4.7;64;2.5
KENAI;202412022240;15.7;97.9;822.9;0.9;4.3;142;1.5
KENAI;202412022250;15.6;98.1;822.9;1.9;5.2;99;1.0
KENAI;202412022300;15.6;98.1;822.7;1.0;3.6;94;0.6
KENAI;202412022310;15.7;98.4;822.6;1.0;3.1;57;0.1
KENAI;202412022320;15.7;98.3;822.6;2.1;6.0;85;0.0
KENAI;202412022330;15.6;98.1;822.6;2.4;4.6;29;0.0
KENAI;202412022340;15.7;98.2;822.6;4.2;4.3;15;0.1
KENAI;202412022350;15.6;98.2;822.5;2.0;5.1;92;0.5
