421
VRXZ07 LSSW 040848
Station/Location;Date;tre200s0;uor200s0;prestas0;fkl010z0;fkl010z1;dkl010z0;rre150z0
KENAI;202503040650;21.4;62.4;824.8;2.4;5.7;30;0.0
KENAI;202503040700;21.9;61.0;824.7;2.5;4.7;335;0.0
KENAI;202503040710;22.8;61.6;824.7;1.9;6.0;9;0.0
KENAI;202503040720;22.4;63.6;824.7;2.0;5.1;17;0.0
KENAI;202503040730;22.7;61.4;824.5;1.4;4.5;12;0.0
KENAI;202503040740;-;-;-;-;5.6;-;-
KENAI;202503040750;23.7;54.9;824.4;2.3;6.2;160;0.0
KENAI;202503040800;24.3;46.3;824.3;0.6;6.1;26;0.0
KENAI;202503040810;24.2;49.8;824.1;3.2;5.5;120;0.0
KENAI;202503040820;24.2;51.1;824.2;2.2;4.9;56;0.0
KENAI;202503040830;24.3;49.1;823.9;2.5;6.1;151;0.0
KENAI;202503040840;25.3;38.1;823.9;3.9;6.9;67;0.0
