780
VRXZ07 LSSW 020328
Station/Location;Date;tre200s0;uor200s0;prestas0;fkl010z0;fkl010z1;dkl010z0;rre150z0
KENAI;202412020130;16.0;97.7;822.5;1.2;3.5;5;0.0
KENAI;202412020140;15.9;97.5;822.6;2.1;3.1;40;0.0
KENAI;202412020150;16.0;97.5;822.6;1.1;2.7;40;0.0
KENAI;202412020200;15.9;97.4;822.8;1.9;3.0;22;0.0
KENAI;202412020210;15.9;97.5;822.9;0.9;2.6;50;0.0
KENAI;202412020220;16.0;97.7;822.9;0.6;1.4;87;0.1
KENAI;202412020230;15.9;-;823.0;0.5;2.4;-;0.1
KENAI;202412020240;15.8;97.5;823.1;0.6;3.2;36;0.0
KENAI;202412020250;15.9;97.4;823.2;1.5;2.5;16;0.0
KENAI;202412020300;15.8;97.2;823.3;0.7;1.7;6;0.0
KENAI;202412020310;15.9;97.4;823.3;0.6;2.0;344;0.0
KENAI;202412020320;15.8;97.4;823.4;1.0;2.6;356;0.0
