664
VRXZ07 LSSW 141248
Station/Location;Date;tre200s0;uor200s0;prestas0;fkl010z0;fkl010z1;dkl010z0;rre150z0
KENAI;202503141050;28.5;28.8;821.1;0.8;5.8;43;0.0
KENAI;202503141100;28.7;26.7;820.9;2.2;6.4;65;0.0
KENAI;202503141110;28.5;27.7;820.8;1.8;5.9;2;0.0
KENAI;202503141120;28.8;28.5;820.6;3.3;6.3;19;0.0
KENAI;202503141130;28.9;29.9;820.5;1.9;5.8;115;0.0
KENAI;202503141140;29.1;28.5;820.4;4.2;5.8;67;0.0
KENAI;202503141150;28.7;26.0;820.2;1.1;6.6;149;0.0
KENAI;202503141200;29.2;28.8;820.1;1.2;4.8;59;0.0
KENAI;202503141210;29.0;27.0;820.1;1.0;5.7;29;0.0
KENAI;202503141220;29.1;25.8;820.0;1.6;5.3;12;0.0
KENAI;202503141230;29.0;27.7;820.0;2.9;6.5;45;0.0
KENAI;202503141240;29.4;29.0;819.9;2.9;5.4;106;0.0
