416
VRXZ07 LSSW 141538
Station/Location;Date;tre200s0;uor200s0;prestas0;fkl010z0;fkl010z1;dkl010z0;rre150z0
KENAI;202507141340;22.6;51.5;825.6;0.7;2.2;146;0.0
KENAI;202507141350;22.7;52.7;825.6;0.8;2.2;124;0.0
KENAI;202507141400;-;53.9;825.5;0.9;2.8;199;0.0
KENAI;202507141410;-;51.5;825.6;2.0;3.1;153;0.0
KENAI;202507141420;-;56.8;825.5;1.2;5.3;173;0.0
KENAI;202507141430;21.4;56.9;825.5;2.2;3.2;149;0.0
KENAI;202507141440;-;58.0;825.5;1.4;3.0;165;0.0
KENAI;202507141450;21.0;58.9;825.5;0.8;2.5;141;0.0
KENAI;202507141500;-;58.9;825.6;0.8;2.8;137;0.0
KENAI;202507141510;-;59.0;825.7;0.5;1.8;150;0.0
KENAI;202507141520;20.6;61.2;825.6;1.3;2.2;174;0.0
KENAI;202507141530;-;61.8;825.7;1.2;2.2;185;0.0
