793
VRXZ07 LSSW 121928
Station/Location;Date;tre200s0;uor200s0;prestas0;fkl010z0;fkl010z1;dkl010z0;rre150z0
KENAI;202507121730;-;93.1;826.5;0.7;2.1;65;0.1
KENAI;202507121740;-;94.2;826.6;0.4;1.0;79;0.0
KENAI;202507121750;-;93.6;826.6;0.8;2.6;84;0.0
KENAI;202507121800;15.4;91.6;826.6;1.2;1.8;54;0.0
KENAI;202507121810;15.4;91.1;826.8;0.0;1.7;0;0.0
KENAI;202507121820;-;91.1;826.9;0.0;1.7;0;0.0
KENAI;202507121830;-;89.8;827.0;0.9;1.4;95;0.0
KENAI;202507121840;-;90.9;827.0;0.0;1.0;0;0.0
KENAI;202507121850;-;93.8;826.9;0.3;0.7;62;0.0
KENAI;202507121900;15.1;89.5;827.0;0.5;3.3;67;0.0
KENAI;202507121910;-;88.9;827.0;0.9;2.0;84;0.0
KENAI;202507121920;-;88.4;827.0;1.1;2.6;63;0.0
