746
VRXZ07 LSSW 051308
Station/Location;Date;tre200s0;uor200s0;prestas0;fkl010z0;fkl010z1;dkl010z0;rre150z0
KENAI;202412051110;24.4;49.6;822.3;4.4;5.8;70;0.0
KENAI;202412051120;23.3;52.7;822.1;0.8;3.1;81;0.0
KENAI;202412051130;25.1;48.8;822.0;2.6;5.1;44;0.0
KENAI;202412051140;25.0;46.9;821.9;1.2;4.1;57;0.0
KENAI;202412051150;25.0;49.9;821.8;1.0;4.8;54;0.0
KENAI;202412051200;24.5;49.0;821.8;1.6;5.3;77;0.0
KENAI;202412051210;23.6;51.2;821.5;2.9;4.6;68;0.0
KENAI;202412051220;23.9;51.5;821.5;2.4;6.7;81;0.0
KENAI;202412051230;-;-;-;-;4.3;-;-
KENAI;202412051240;25.0;48.7;821.5;1.1;4.3;79;0.0
KENAI;202412051250;24.5;48.8;821.5;1.9;4.9;84;0.0
KENAI;202412051300;23.7;53.2;821.4;1.4;5.8;97;0.0
