007
VRXZ07 LSSW 070028
Station/Location;Date;tre200s0;uor200s0;prestas0;fkl010z0;fkl010z1;dkl010z0;rre150z0
KENAI;202502062230;17.8;75.3;823.0;0.7;3.0;66;0.0
KENAI;202502062240;17.9;75.6;823.0;1.0;2.4;14;0.0
KENAI;202502062250;18.0;74.9;822.7;1.0;2.9;72;0.0
KENAI;202502062300;17.9;75.3;822.7;1.0;2.2;27;0.0
KENAI;202502062310;17.8;75.3;822.6;1.0;3.0;15;0.0
KENAI;202502062320;17.7;75.6;822.5;0.9;2.6;28;0.0
KENAI;202502062330;17.5;76.5;822.6;1.3;3.1;59;0.0
KENAI;202502062340;17.4;77.1;822.5;1.9;2.9;81;0.0
KENAI;202502062350;17.4;77.3;822.6;0.3;2.7;105;0.0
KENAI;202502070000;17.5;77.3;822.5;0.8;1.8;56;0.0
KENAI;202502070010;17.6;76.7;822.3;0.8;1.8;52;0.0
KENAI;202502070020;17.5;77.4;822.4;0.7;1.8;351;0.0
