037
VRXZ07 LSSW 171958
Station/Location;Date;tre200s0;uor200s0;prestas0;fkl010z0;fkl010z1;dkl010z0;rre150z0
KENAI;202506171800;-;72.7;825.9;0.8;3.3;89;0.0
KENAI;202506171810;-;72.5;826.0;1.0;2.7;92;0.0
KENAI;202506171820;-;73.5;826.1;0.8;2.3;145;0.0
KENAI;202506171830;-;73.9;826.2;1.7;2.4;153;0.0
KENAI;202506171840;-;74.7;826.3;1.0;1.6;157;0.0
KENAI;202506171850;-;75.2;826.3;0.4;2.9;179;0.0
KENAI;202506171900;-;75.2;826.4;0.7;3.5;116;0.0
KENAI;202506171910;-;75.3;826.5;1.1;3.7;134;0.0
KENAI;202506171920;-;76.2;826.4;0.8;2.4;165;0.0
KENAI;202506171930;-;77.1;826.5;0.4;1.6;156;0.0
KENAI;202506171940;-;77.6;826.6;0.6;1.3;115;0.0
KENAI;202506171950;-;77.0;826.6;0.7;2.5;139;0.0
