150
VRXZ07 LSSW 040038
Station/Location;Date;tre200s0;uor200s0;prestas0;fkl010z0;fkl010z1;dkl010z0;rre150z0
KENAI;202506032240;-;83.4;825.9;0.6;1.9;150;0.1
KENAI;202506032250;-;84.0;825.7;0.8;2.1;173;0.0
KENAI;202506032300;-;85.3;825.4;2.9;3.5;181;0.0
KENAI;202506032310;-;87.0;825.3;2.2;4.4;118;0.0
KENAI;202506032320;-;87.1;825.2;0.6;2.6;114;0.0
KENAI;202506032330;-;87.4;825.3;1.3;2.3;186;0.0
KENAI;202506032340;-;88.0;825.4;0.8;3.0;122;0.0
KENAI;202506032350;-;88.3;825.3;0.0;2.2;0;0.0
KENAI;202506040000;-;88.1;825.2;1.4;1.8;186;0.0
KENAI;202506040010;-;88.5;825.2;1.7;3.4;160;0.0
KENAI;202506040020;-;89.4;825.2;2.6;3.8;95;0.0
KENAI;202506040030;-;90.4;825.2;1.6;4.0;148;0.0
