672
VRXZ07 LSSW 060858
Station/Location;Date;tre200s0;uor200s0;prestas0;fkl010z0;fkl010z1;dkl010z0;rre150z0
KENAI;202412060700;21.6;65.8;825.0;2.2;5.5;21;0.0
KENAI;202412060710;21.7;66.1;825.0;1.2;5.1;31;0.0
KENAI;202412060720;21.9;64.4;824.9;2.7;5.4;91;0.0
KENAI;202412060730;22.2;61.0;824.9;2.1;5.5;35;0.0
KENAI;202412060740;21.8;62.5;824.9;2.7;5.5;342;0.0
KENAI;202412060750;22.5;60.2;824.9;3.2;6.5;70;0.0
KENAI;202412060800;22.8;58.7;824.7;1.3;6.4;29;0.0
KENAI;202412060810;22.6;56.4;824.6;1.2;4.6;25;0.0
KENAI;202412060820;23.5;55.0;824.5;0.9;5.0;315;0.0
KENAI;202412060830;23.3;56.2;824.3;2.0;4.8;62;0.0
KENAI;202412060840;23.7;49.0;824.3;2.8;7.1;344;0.0
KENAI;202412060850;23.5;52.2;824.1;2.8;5.7;34;0.0
