276
VRXZ07 LSSW 040758
Station/Location;Date;tre200s0;uor200s0;prestas0;fkl010z0;fkl010z1;dkl010z0;rre150z0
KENAI;202504040600;18.6;-;825.4;2.0;2.8;-;0.0
KENAI;202504040610;18.6;86.1;825.3;2.4;4.1;7;0.0
KENAI;202504040620;19.0;84.0;825.2;2.1;3.9;357;0.0
KENAI;202504040630;20.2;80.8;825.2;3.6;4.5;45;0.0
KENAI;202504040640;20.0;79.4;825.2;1.7;4.4;22;0.0
KENAI;202504040650;20.5;76.3;825.1;2.1;4.3;14;0.0
KENAI;202504040700;-;-;-;-;4.5;-;-
KENAI;202504040710;21.0;73.2;825.1;1.5;4.7;65;0.0
KENAI;202504040720;21.0;72.2;825.2;1.9;3.5;345;0.0
KENAI;202504040730;21.6;71.6;825.3;1.8;4.2;352;0.0
KENAI;202504040740;21.4;70.6;825.1;1.5;3.0;346;0.0
KENAI;202504040750;21.6;68.5;825.0;2.1;4.5;79;0.0
