236
VRXZ07 LSSW 181218
Station/Location;Date;tre200s0;uor200s0;prestas0;fkl010z0;fkl010z1;dkl010z0;rre150z0
KENAI;202504181020;24.8;55.6;823.2;1.6;5.5;107;0.0
KENAI;202504181030;24.5;54.5;822.9;1.1;4.0;103;0.0
KENAI;202504181040;25.2;53.7;822.7;2.0;4.6;93;0.0
KENAI;202504181050;24.7;54.3;822.5;0.4;3.8;344;0.0
KENAI;202504181100;25.4;53.9;822.4;1.6;5.3;39;0.0
KENAI;202504181110;25.7;50.4;822.3;0.9;4.2;156;0.0
KENAI;202504181120;26.1;49.2;822.1;1.0;4.5;25;0.0
KENAI;202504181130;25.8;50.3;821.9;1.5;4.5;74;0.0
KENAI;202504181140;25.8;50.3;821.8;2.2;6.0;25;0.0
KENAI;202504181150;24.9;49.9;821.5;0.8;3.2;209;0.0
KENAI;202504181200;26.0;51.2;821.2;1.3;4.9;105;0.0
KENAI;202504181210;26.4;47.8;821.1;1.6;4.7;35;0.0
