904
VRXZ07 LSSW 222318
Station/Location;Date;tre200s0;uor200s0;prestas0;fkl010z0;fkl010z1;dkl010z0;rre150z0
KENAI;202411222120;16.3;97.4;824.5;0.3;1.7;143;2.3
KENAI;202411222130;16.1;97.8;824.5;0.7;2.3;134;6.8
KENAI;202411222140;15.8;97.7;824.2;1.0;2.7;174;0.5
KENAI;202411222150;15.8;97.7;824.1;0.8;2.7;5;0.0
KENAI;202411222200;15.9;97.8;824.1;1.3;3.9;338;0.1
KENAI;202411222210;15.7;97.1;823.9;0.7;2.6;326;0.0
KENAI;202411222220;15.6;96.6;823.9;1.2;2.1;14;0.0
KENAI;202411222230;15.6;96.6;823.7;1.0;1.9;355;0.0
KENAI;202411222240;15.7;96.8;823.7;0.8;1.3;16;0.0
KENAI;202411222250;15.7;96.7;823.6;0.5;1.3;353;0.0
KENAI;202411222300;15.7;96.4;823.4;0.0;1.7;0;0.0
KENAI;202411222310;15.7;96.1;823.4;0.0;1.0;0;0.0
