167
VRXZ07 LSSW 042138
Station/Location;Date;tre200s0;uor200s0;prestas0;fkl010z0;fkl010z1;dkl010z0;rre150z0
KENAI;202503041940;20.9;58.3;823.6;3.7;6.5;88;0.0
KENAI;202503041950;20.7;59.0;823.6;2.1;5.3;59;0.0
KENAI;202503042000;20.6;59.7;823.7;2.7;5.5;88;0.0
KENAI;202503042010;20.6;59.4;823.7;2.2;6.5;70;0.0
KENAI;202503042020;20.6;59.5;823.7;4.1;6.2;55;0.0
KENAI;202503042030;20.5;59.8;823.6;2.6;6.3;104;0.0
KENAI;202503042040;20.3;60.5;823.7;1.6;4.8;56;0.0
KENAI;202503042050;20.0;61.5;823.8;2.8;3.8;53;0.0
KENAI;202503042100;19.9;61.9;823.7;1.2;3.9;63;0.0
KENAI;202503042110;19.7;62.5;823.6;1.1;3.6;36;0.0
KENAI;202503042120;19.7;62.9;823.5;0.8;3.5;49;0.0
KENAI;202503042130;19.5;63.1;823.5;2.9;3.9;37;0.0
