905
VRXZ07 LSSW 150248
Station/Location;Date;tre200s0;uor200s0;prestas0;fkl010z0;fkl010z1;dkl010z0;rre150z0
KENAI;202504150050;17.2;92.3;823.8;0.5;1.5;36;0.0
KENAI;202504150100;17.2;91.9;823.8;1.2;3.5;59;0.0
KENAI;202504150110;17.1;92.4;823.9;1.0;1.9;28;0.0
KENAI;202504150120;17.0;92.8;823.9;0.6;1.8;36;0.0
KENAI;202504150130;17.2;92.8;823.9;0.9;1.3;320;0.0
KENAI;202504150140;17.3;92.5;823.9;0.9;1.7;336;0.0
KENAI;202504150150;17.2;92.9;823.9;0.5;2.8;326;0.0
KENAI;202504150200;17.2;92.8;824.0;1.1;1.8;357;0.0
KENAI;202504150210;17.3;92.0;824.1;0.9;1.7;14;0.0
KENAI;202504150220;17.2;91.4;824.0;0.5;2.2;7;0.0
KENAI;202504150230;17.1;91.8;824.0;1.3;1.6;15;0.0
KENAI;202504150240;16.9;92.4;824.1;1.3;2.5;18;0.0
