516
VRXZ07 LSSW 272128
Station/Location;Date;tre200s0;uor200s0;prestas0;fkl010z0;fkl010z1;dkl010z0;rre150z0
KENAI;202503271930;18.7;88.1;823.6;1.1;3.0;10;0.0
KENAI;202503271940;18.6;88.4;823.6;0.8;2.6;41;0.0
KENAI;202503271950;18.7;88.2;823.6;1.0;2.1;30;0.0
KENAI;202503272000;18.6;88.1;823.7;1.4;2.7;69;0.0
KENAI;202503272010;18.6;88.7;823.7;1.4;2.8;14;0.0
KENAI;202503272020;18.5;89.0;823.8;0.7;1.6;39;0.0
KENAI;202503272030;18.6;88.7;823.7;1.1;2.5;56;0.0
KENAI;202503272040;18.7;88.3;823.7;1.5;2.8;29;0.0
KENAI;202503272050;18.8;88.2;823.6;1.5;3.1;73;0.0
KENAI;202503272100;18.8;88.5;823.4;1.0;3.1;29;0.0
KENAI;202503272110;18.8;88.8;823.3;1.2;2.7;31;0.0
KENAI;202503272120;18.7;88.8;823.2;1.0;2.6;53;0.0
