877
VRXZ07 LSSW 161238
Station/Location;Date;tre200s0;uor200s0;prestas0;fkl010z0;fkl010z1;dkl010z0;rre150z0
KENAI;202507161040;-;60.9;825.6;0.3;2.7;217;0.0
KENAI;202507161050;-;57.5;825.5;1.2;3.4;116;0.0
KENAI;202507161100;-;60.7;825.5;1.2;2.2;196;0.0
KENAI;202507161110;21.3;58.4;825.4;1.0;3.7;130;0.0
KENAI;202507161120;-;59.6;825.2;0.9;2.9;123;0.0
KENAI;202507161130;23.0;56.2;825.1;2.3;4.2;123;0.0
KENAI;202507161140;-;58.4;825.0;1.6;4.3;76;0.0
KENAI;202507161150;21.3;61.2;824.9;1.7;4.0;166;0.0
KENAI;202507161200;-;58.2;824.7;2.1;5.3;96;0.0
KENAI;202507161210;-;58.4;824.6;1.5;4.3;61;0.0
KENAI;202507161220;-;57.9;824.5;0.6;3.1;211;0.0
KENAI;202507161230;-;-;824.4;1.2;3.3;-;0.0
