476
VRXZ07 LSSW 262208
Station/Location;Date;tre200s0;uor200s0;prestas0;fkl010z0;fkl010z1;dkl010z0;rre150z0
KENAI;202504262010;17.7;82.0;824.6;0.7;3.7;30;0.0
KENAI;202504262020;17.5;82.3;824.7;0.8;3.3;53;0.0
KENAI;202504262030;17.4;84.4;824.7;1.0;2.3;42;0.0
KENAI;202504262040;17.5;85.0;824.7;0.4;3.1;26;0.0
KENAI;202504262050;17.5;85.8;824.6;0.6;2.4;308;0.0
KENAI;202504262100;17.5;86.4;824.7;1.2;3.2;11;0.0
KENAI;202504262110;17.5;87.1;824.7;1.7;3.1;13;0.0
KENAI;202504262120;17.5;87.3;824.6;1.1;3.7;20;0.0
KENAI;202504262130;17.6;87.2;824.6;1.1;3.6;34;0.0
KENAI;202504262140;17.6;87.2;824.5;1.0;2.9;40;0.0
KENAI;202504262150;17.5;87.4;824.3;1.4;4.4;56;0.0
KENAI;202504262200;17.5;87.5;824.2;2.3;4.5;20;0.0
