188
VRXZ07 LSSW 242218
Station/Location;Date;tre200s0;uor200s0;prestas0;fkl010z0;fkl010z1;dkl010z0;rre150z0
KENAI;202502242020;19.1;60.1;825.2;1.4;3.0;55;0.0
KENAI;202502242030;19.2;60.1;825.1;0.8;5.1;68;0.0
KENAI;202502242040;19.1;60.5;825.1;1.4;3.7;42;0.0
KENAI;202502242050;18.9;61.3;825.0;1.2;3.0;9;0.0
KENAI;202502242100;18.7;62.2;825.0;0.5;2.5;47;0.0
KENAI;202502242110;18.5;62.7;824.9;0.6;2.9;14;0.0
KENAI;202502242120;18.4;63.0;824.8;0.9;2.8;18;0.0
KENAI;202502242130;18.3;63.5;824.7;1.1;2.9;17;0.0
KENAI;202502242140;18.2;64.0;824.6;2.3;3.2;57;0.0
KENAI;202502242150;18.2;64.3;824.6;1.4;2.9;34;0.0
KENAI;202502242200;18.1;64.8;824.5;0.6;2.4;39;0.0
KENAI;202502242210;17.8;65.5;824.3;0.7;1.9;19;0.0
