426
VRXZ07 LSSW 072228
Station/Location;Date;tre200s0;uor200s0;prestas0;fkl010z0;fkl010z1;dkl010z0;rre150z0
KENAI;202505072030;-;89.9;825.1;1.4;3.2;143;0.0
KENAI;202505072040;-;90.5;825.1;0.8;2.5;147;0.0
KENAI;202505072050;-;91.2;825.0;1.9;2.5;123;0.0
KENAI;202505072100;17.1;91.6;825.0;0.7;2.3;186;0.0
KENAI;202505072110;-;91.6;824.9;1.1;1.8;125;0.0
KENAI;202505072120;17.1;91.4;824.9;1.0;2.5;143;0.0
KENAI;202505072130;-;90.9;824.8;1.5;2.8;127;0.0
KENAI;202505072140;-;91.1;824.8;2.1;4.2;151;0.0
KENAI;202505072150;16.9;91.3;824.6;2.4;3.7;151;0.0
KENAI;202505072200;16.9;91.7;824.6;1.6;3.0;159;0.0
KENAI;202505072210;16.8;92.2;824.6;0.8;2.8;106;0.0
KENAI;202505072220;-;92.3;824.5;1.1;2.4;109;0.0
