476
VRXZ07 LSSW 182138
Station/Location;Date;tre200s0;uor200s0;prestas0;fkl010z0;fkl010z1;dkl010z0;rre150z0
KENAI;202506181940;-;92.8;826.7;0.6;1.5;262;0.0
KENAI;202506181950;-;93.3;826.7;0.5;0.8;203;0.0
KENAI;202506182000;-;93.6;826.7;0.0;0.7;0;0.0
KENAI;202506182010;15.1;93.2;826.7;0.9;1.2;352;0.0
KENAI;202506182020;15.2;92.3;826.6;0.3;1.4;321;0.0
KENAI;202506182030;-;91.5;826.5;0.3;2.1;304;0.0
KENAI;202506182040;-;93.3;826.5;0.0;1.0;0;0.0
KENAI;202506182050;15.4;94.8;826.5;0.3;0.6;60;0.0
KENAI;202506182100;15.4;95.6;826.5;0.5;0.7;104;0.0
KENAI;202506182110;-;95.8;826.5;1.1;1.4;178;0.0
KENAI;202506182120;-;95.4;826.4;0.8;1.5;191;0.0
KENAI;202506182130;-;95.0;826.5;0.3;1.1;177;0.0
