377
VRXZ07 LSSW 221028
Station/Location;Date;tre200s0;uor200s0;prestas0;fkl010z0;fkl010z1;dkl010z0;rre150z0
KENAI;202411220830;22.3;70.4;824.3;2.3;4.9;30;0.0
KENAI;202411220840;22.5;66.8;824.1;3.2;5.6;38;0.0
KENAI;202411220850;23.4;66.3;823.9;4.4;6.9;76;0.0
KENAI;202411220900;23.0;66.0;823.7;3.2;5.8;78;0.0
KENAI;202411220910;23.3;63.4;823.4;4.4;5.1;65;0.0
KENAI;202411220920;23.8;59.5;823.2;3.0;5.3;81;0.0
KENAI;202411220930;23.7;58.6;823.0;1.8;6.8;74;0.0
KENAI;202411220940;23.9;57.9;822.7;3.3;7.5;23;0.0
KENAI;202411220950;24.2;57.3;822.4;5.4;6.7;47;0.0
KENAI;202411221000;24.5;54.4;822.2;4.1;6.9;51;0.0
KENAI;202411221010;23.9;54.2;822.0;3.6;6.4;62;0.0
KENAI;202411221020;24.1;54.4;821.8;2.2;6.7;90;0.0
