549
VRXZ07 LSSW 262038
Station/Location;Date;tre200s0;uor200s0;prestas0;fkl010z0;fkl010z1;dkl010z0;rre150z0
KENAI;202506261840;-;84.9;826.1;0.7;1.3;156;0.0
KENAI;202506261850;-;86.1;826.0;1.1;1.7;132;0.0
KENAI;202506261900;-;87.5;826.0;0.8;1.1;98;0.0
KENAI;202506261910;-;87.7;825.8;0.7;1.4;70;0.0
KENAI;202506261920;-;88.1;826.0;0.9;1.0;244;0.0
KENAI;202506261930;-;88.9;826.1;0.6;1.0;285;0.0
KENAI;202506261940;-;88.7;825.8;0.5;0.8;165;0.0
KENAI;202506261950;-;88.8;825.9;0.8;1.1;169;0.0
KENAI;202506262000;-;88.4;825.9;0.9;1.0;175;0.0
KENAI;202506262010;-;88.4;825.9;0.0;1.4;0;0.0
KENAI;202506262020;-;87.9;826.0;0.6;1.4;153;0.0
KENAI;202506262030;-;88.2;825.9;1.2;1.7;133;0.0
