111
VRXZ07 LSSW 122338
Station/Location;Date;tre200s0;uor200s0;prestas0;fkl010z0;fkl010z1;dkl010z0;rre150z0
KENAI;202503122140;18.5;87.5;823.4;1.3;3.1;73;0.0
KENAI;202503122150;18.4;87.8;823.3;1.3;2.5;94;0.0
KENAI;202503122200;18.4;88.4;823.3;1.3;3.2;88;0.0
KENAI;202503122210;18.4;88.6;823.2;2.0;2.6;61;0.0
KENAI;202503122220;18.3;89.1;823.2;1.0;2.7;118;0.0
KENAI;202503122230;18.2;89.6;822.9;1.4;3.2;127;0.0
KENAI;202503122240;18.2;90.1;822.9;0.6;2.8;112;0.0
KENAI;202503122250;18.3;89.6;822.7;0.7;1.4;107;0.0
KENAI;202503122300;18.3;89.7;822.8;1.2;1.8;66;0.0
KENAI;202503122310;18.1;90.3;822.6;0.8;1.5;67;0.0
KENAI;202503122320;18.1;89.1;822.7;1.0;2.8;58;0.0
KENAI;202503122330;18.1;89.2;822.5;1.2;3.1;72;0.0
