252
VRXZ07 LSSW 282108
Station/Location;Date;tre200s0;uor200s0;prestas0;fkl010z0;fkl010z1;dkl010z0;rre150z0
KENAI;202411281910;18.8;85.2;826.0;1.0;2.9;54;0.0
KENAI;202411281920;18.8;85.7;826.0;2.4;3.5;92;0.0
KENAI;202411281930;18.6;87.3;826.0;3.5;5.1;3;0.0
KENAI;202411281940;18.4;87.7;826.1;2.0;5.4;65;0.0
KENAI;202411281950;18.3;88.3;826.0;1.3;4.0;50;0.0
KENAI;202411282000;18.1;89.1;825.9;1.0;3.2;55;0.0
KENAI;202411282010;18.0;88.7;826.1;1.8;3.3;68;0.0
KENAI;202411282020;18.0;89.3;825.9;0.7;3.5;30;0.0
KENAI;202411282030;18.0;90.0;826.0;1.2;3.2;28;0.0
KENAI;202411282040;18.1;90.3;825.8;1.0;3.4;83;0.0
KENAI;202411282050;18.1;89.9;825.9;0.9;3.7;35;0.0
KENAI;202411282100;18.2;90.1;825.9;1.9;3.3;37;0.0
