916
VRXZ07 LSSW 151328
Station/Location;Date;tre200s0;uor200s0;prestas0;fkl010z0;fkl010z1;dkl010z0;rre150z0
KENAI;202507151130;21.1;63.8;825.7;1.4;3.1;111;0.0
KENAI;202507151140;21.3;62.1;825.5;1.8;2.8;99;0.0
KENAI;202507151150;22.0;60.8;825.2;0.8;3.7;179;0.0
KENAI;202507151200;21.9;60.0;825.1;0.6;4.2;69;0.0
KENAI;202507151210;-;57.5;824.9;1.0;3.8;54;0.0
KENAI;202507151220;-;58.6;824.9;0.8;3.0;218;0.0
KENAI;202507151230;-;60.1;824.9;1.0;3.5;112;0.0
KENAI;202507151240;21.6;58.2;824.9;1.6;2.1;131;0.0
KENAI;202507151250;22.1;60.2;824.8;2.7;3.4;138;0.0
KENAI;202507151300;-;56.8;824.6;0.7;3.4;134;0.0
KENAI;202507151310;21.9;56.5;824.6;0.5;4.0;175;0.0
KENAI;202507151320;22.6;58.7;824.5;1.3;3.0;218;0.0
