848
VRXZ07 LSSW 281038
Station/Location;Date;tre200s0;uor200s0;prestas0;fkl010z0;fkl010z1;dkl010z0;rre150z0
KENAI;202502280840;26.6;34.2;825.2;3.6;5.9;75;0.0
KENAI;202502280850;26.9;29.8;825.1;2.9;5.4;16;0.0
KENAI;202502280900;27.3;28.4;825.0;1.1;6.3;58;0.0
KENAI;202502280910;27.9;27.7;825.0;1.8;5.3;58;0.0
KENAI;202502280920;27.9;25.8;824.6;3.6;5.8;39;0.0
KENAI;202502280930;27.7;27.0;824.4;3.0;5.8;35;0.0
KENAI;202502280940;27.6;25.1;824.3;1.6;5.3;81;0.0
KENAI;202502280950;28.1;23.8;824.0;2.8;6.4;60;0.0
KENAI;202502281000;28.5;20.7;823.9;2.2;5.3;10;0.0
KENAI;202502281010;28.4;20.3;823.7;3.4;6.8;4;0.0
KENAI;202502281020;28.6;23.8;823.5;2.4;5.6;38;0.0
KENAI;202502281030;28.4;23.7;823.3;2.2;6.2;329;0.0
