397
VRXZ07 LSSW 131208
Station/Location;Date;tre200s0;uor200s0;prestas0;fkl010z0;fkl010z1;dkl010z0;rre150z0
KENAI;202503131010;24.2;56.3;823.0;2.9;4.9;21;0.0
KENAI;202503131020;24.5;53.9;822.8;1.6;4.7;282;0.0
KENAI;202503131030;24.5;54.8;822.6;2.0;4.2;99;0.0
KENAI;202503131040;25.1;53.7;822.4;3.8;5.7;41;0.0
KENAI;202503131050;25.4;51.3;822.2;0.3;5.0;10;0.0
KENAI;202503131100;25.7;-;821.9;0.9;4.8;-;0.0
KENAI;202503131110;25.9;47.6;821.7;2.1;5.7;103;0.0
KENAI;202503131120;26.0;48.9;821.7;2.4;5.6;45;0.0
KENAI;202503131130;26.2;46.4;821.5;3.6;5.6;35;0.0
KENAI;202503131140;25.9;47.3;821.5;3.1;5.3;19;0.0
KENAI;202503131150;26.1;46.6;821.3;1.8;5.3;127;0.0
KENAI;202503131200;26.4;43.8;821.3;0.9;4.3;42;0.0
