720
VRXZ07 LSSW 260138
Station/Location;Date;tre200s0;uor200s0;prestas0;fkl010z0;fkl010z1;dkl010z0;rre150z0
KENAI;202502252340;16.9;59.9;823.4;0.9;2.2;328;0.0
KENAI;202502252350;16.6;60.9;823.3;0.3;1.8;322;0.0
KENAI;202502260000;16.4;61.9;823.5;0.3;1.9;89;0.0
KENAI;202502260010;16.2;62.7;823.5;0.4;1.9;289;0.0
KENAI;202502260020;15.7;64.7;823.6;0.5;0.9;211;0.0
KENAI;202502260030;14.9;66.3;823.7;0.0;1.3;0;0.0
KENAI;202502260040;14.5;69.1;823.7;0.0;1.0;0;0.0
KENAI;202502260050;14.1;70.6;823.7;0.5;0.8;235;0.0
KENAI;202502260100;14.0;70.9;823.7;0.5;0.7;222;0.0
KENAI;202502260110;13.9;71.5;823.7;0.7;0.8;206;0.0
KENAI;202502260120;13.8;71.9;823.7;0.4;0.8;233;0.0
KENAI;202502260130;13.6;72.4;823.8;0.5;0.6;231;0.0
