786
VRXZ07 LSSW 182118
Station/Location;Date;tre200s0;uor200s0;prestas0;fkl010z0;fkl010z1;dkl010z0;rre150z0
KENAI;202505181920;17.3;90.5;824.8;0.8;4.2;154;0.0
KENAI;202505181930;17.3;90.3;824.8;1.7;3.0;135;0.0
KENAI;202505181940;17.3;90.1;824.8;1.3;3.9;144;0.0
KENAI;202505181950;17.3;90.4;824.7;1.7;3.3;189;0.0
KENAI;202505182000;17.3;89.8;824.8;1.5;4.0;175;0.0
KENAI;202505182010;17.0;89.9;824.8;1.9;3.8;107;0.0
KENAI;202505182020;-;90.1;824.8;1.3;3.4;169;0.0
KENAI;202505182030;-;89.9;824.6;1.3;2.3;194;0.0
KENAI;202505182040;16.9;90.0;824.6;0.9;1.6;206;0.0
KENAI;202505182050;-;90.1;824.5;1.0;1.7;148;0.0
KENAI;202505182100;16.8;90.8;824.5;0.5;2.0;147;0.0
KENAI;202505182110;16.7;91.7;824.4;0.6;1.4;213;0.0
