706
VRXZ07 LSSW 190858
Station/Location;Date;tre200s0;uor200s0;prestas0;fkl010z0;fkl010z1;dkl010z0;rre150z0
KENAI;202506190700;18.2;79.7;828.2;0.8;3.2;89;0.0
KENAI;202506190710;18.5;79.0;828.2;0.7;2.0;117;0.0
KENAI;202506190720;-;75.9;828.2;0.5;2.2;155;0.0
KENAI;202506190730;-;74.5;828.2;1.5;3.0;129;0.0
KENAI;202506190740;19.7;75.7;828.1;1.4;4.3;130;0.0
KENAI;202506190750;-;74.1;828.1;0.7;3.0;143;0.0
KENAI;202506190800;20.0;73.6;828.0;0.6;3.4;224;0.0
KENAI;202506190810;-;70.4;828.0;1.8;2.7;162;0.0
KENAI;202506190820;20.7;66.8;828.0;0.7;1.9;233;0.0
KENAI;202506190830;21.0;64.1;827.9;1.1;2.9;12;0.0
KENAI;202506190840;21.4;65.0;827.8;1.6;3.1;108;0.0
KENAI;202506190850;21.5;63.2;827.8;0.8;2.8;129;0.0
