790
VRXZ07 LSSW 132108
Station/Location;Date;tre200s0;uor200s0;prestas0;fkl010z0;fkl010z1;dkl010z0;rre150z0
KENAI;202502131910;18.6;75.7;824.7;2.0;5.8;74;0.0
KENAI;202502131920;18.5;76.1;824.7;1.7;3.8;60;0.0
KENAI;202502131930;18.4;76.8;824.7;0.8;4.0;112;0.0
KENAI;202502131940;18.2;77.2;824.8;1.4;3.4;27;0.0
KENAI;202502131950;18.1;77.5;824.8;1.2;3.9;71;0.0
KENAI;202502132000;18.0;77.9;824.8;0.9;3.0;73;0.0
KENAI;202502132010;18.0;78.4;824.7;0.7;2.9;41;0.0
KENAI;202502132020;18.1;77.6;824.8;1.5;4.2;24;0.0
KENAI;202502132030;17.9;77.4;824.7;2.1;4.3;30;0.0
KENAI;202502132040;17.9;77.7;824.7;2.1;5.8;49;0.0
KENAI;202502132050;17.7;78.1;824.6;1.3;3.9;41;0.0
KENAI;202502132100;17.6;78.9;824.6;1.8;4.7;30;0.0
