385
VRXZ07 LSSW 170608
Station/Location;Date;tre200s0;uor200s0;prestas0;fkl010z0;fkl010z1;dkl010z0;rre150z0
KENAI;202507170410;-;90.0;827.1;0.7;1.1;189;0.0
KENAI;202507170420;-;89.9;827.2;0.8;1.1;189;0.0
KENAI;202507170430;-;90.1;827.2;0.5;1.7;161;0.0
KENAI;202507170440;-;89.5;827.4;0.7;1.9;162;0.0
KENAI;202507170450;-;89.3;827.6;0.0;1.7;0;0.0
KENAI;202507170500;-;88.4;827.8;0.4;1.4;184;0.0
KENAI;202507170510;-;88.3;827.8;0.0;1.4;0;0.0
KENAI;202507170520;-;87.2;828.0;0.4;2.0;157;0.0
KENAI;202507170530;14.9;86.3;828.1;1.0;1.4;125;0.0
KENAI;202507170540;-;86.3;828.1;0.9;2.1;94;0.0
KENAI;202507170550;-;86.6;828.3;0.5;1.6;130;0.0
KENAI;202507170600;-;86.2;828.4;1.0;2.0;131;0.0
