555
VRXZ07 LSSW 040548
Station/Location;Date;tre200s0;uor200s0;prestas0;fkl010z0;fkl010z1;dkl010z0;rre150z0
KENAI;202503040350;16.9;85.9;824.1;2.1;3.3;24;0.0
KENAI;202503040400;16.8;86.3;824.1;1.0;2.8;8;0.0
KENAI;202503040410;16.9;85.9;824.2;1.0;3.3;33;0.0
KENAI;202503040420;17.2;85.5;824.2;1.0;2.4;13;0.0
KENAI;202503040430;17.7;83.9;824.3;0.7;2.4;312;0.0
KENAI;202503040440;17.9;82.6;824.3;0.9;3.3;11;0.0
KENAI;202503040450;18.2;81.5;824.3;1.8;3.3;356;0.0
KENAI;202503040500;18.7;78.9;824.2;1.1;4.7;25;0.0
KENAI;202503040510;19.1;76.2;824.3;1.4;3.9;322;0.0
KENAI;202503040520;19.8;74.1;824.4;2.8;4.0;23;0.0
KENAI;202503040530;20.2;72.8;824.6;2.7;3.7;23;0.0
KENAI;202503040540;-;-;-;-;4.4;-;-
