646
VRXZ07 LSSW 061358
Station/Location;Date;tre200s0;uor200s0;prestas0;fkl010z0;fkl010z1;dkl010z0;rre150z0
KENAI;202504061200;20.8;75.5;821.5;3.5;6.1;357;0.0
KENAI;202504061210;21.7;74.3;821.7;3.1;5.2;31;0.0
KENAI;202504061220;22.3;70.6;821.3;2.6;5.5;40;0.0
KENAI;202504061230;22.6;67.9;821.5;2.7;7.0;44;0.0
KENAI;202504061240;23.5;61.2;821.6;5.5;6.8;47;0.0
KENAI;202504061250;22.6;59.7;821.5;2.1;7.1;25;0.0
KENAI;202504061300;-;-;-;-;6.9;-;-
KENAI;202504061310;21.1;75.7;821.3;3.0;6.9;114;0.0
KENAI;202504061320;21.0;75.9;821.2;3.3;8.6;57;0.0
KENAI;202504061330;20.6;76.7;821.0;4.2;7.8;57;0.0
KENAI;202504061340;-;-;-;-;8.5;-;-
KENAI;202504061350;19.9;81.1;821.6;2.2;6.8;17;0.0
