830
VRXZ07 LSSW 221408
Station/Location;Date;tre200s0;uor200s0;prestas0;fkl010z0;fkl010z1;dkl010z0;rre150z0
KENAI;202411221210;24.5;54.9;820.5;3.1;7.0;33;0.0
KENAI;202411221220;24.2;-;820.5;3.3;6.6;-;0.0
KENAI;202411221230;24.2;55.8;820.6;3.2;6.4;18;0.0
KENAI;202411221240;25.2;54.5;820.7;1.7;6.7;51;0.0
KENAI;202411221250;23.6;63.1;820.6;2.2;5.7;52;0.0
KENAI;202411221300;24.2;58.3;820.5;2.9;6.6;72;0.0
KENAI;202411221310;24.5;59.0;820.4;2.1;7.1;10;0.0
KENAI;202411221320;23.4;62.1;820.6;3.6;8.3;16;0.0
KENAI;202411221330;23.9;59.3;820.6;4.1;7.5;60;0.0
KENAI;202411221340;22.4;61.1;820.7;2.9;7.4;31;0.0
KENAI;202411221350;22.7;60.5;820.9;4.0;6.1;46;0.0
KENAI;202411221400;22.6;58.8;821.3;2.4;7.7;3;0.0
