558
VRXZ07 LSSW 160938
Station/Location;Date;tre200s0;uor200s0;prestas0;fkl010z0;fkl010z1;dkl010z0;rre150z0
KENAI;202502160740;23.4;55.9;824.3;1.9;4.8;107;0.0
KENAI;202502160750;24.1;54.5;824.2;2.4;6.4;60;0.0
KENAI;202502160800;23.6;55.6;824.1;1.6;5.3;95;0.0
KENAI;202502160810;23.8;58.1;824.0;2.4;4.2;13;0.0
KENAI;202502160820;24.2;53.6;824.0;2.1;5.7;51;0.0
KENAI;202502160830;24.4;56.0;823.9;2.5;5.0;32;0.0
KENAI;202502160840;24.5;56.4;823.8;2.3;6.0;10;0.0
KENAI;202502160850;24.8;48.5;823.6;1.8;5.3;52;0.0
KENAI;202502160900;25.0;51.2;823.3;1.3;5.4;81;0.0
KENAI;202502160910;25.1;47.4;823.1;3.0;6.8;76;0.0
KENAI;202502160920;25.5;48.8;822.9;2.0;12.5;53;0.0
KENAI;202502160930;25.4;48.6;822.7;1.5;5.8;23;0.0
