703
VRXZ07 LSSW 270238
Station/Location;Date;tre200s0;uor200s0;prestas0;fkl010z0;fkl010z1;dkl010z0;rre150z0
KENAI;202503270040;16.6;88.4;821.9;0.0;1.5;0;0.0
KENAI;202503270050;16.3;89.1;822.0;1.1;1.6;359;0.0
KENAI;202503270100;16.6;88.4;821.9;1.6;2.3;3;0.0
KENAI;202503270110;16.8;86.2;822.1;0.6;3.0;56;0.0
KENAI;202503270120;16.6;86.6;822.1;1.0;2.8;16;0.0
KENAI;202503270130;16.4;86.8;822.1;1.3;2.3;16;0.0
KENAI;202503270140;16.5;85.8;822.1;0.5;1.8;38;0.0
KENAI;202503270150;16.5;85.6;822.1;0.7;1.1;45;0.0
KENAI;202503270200;16.6;84.9;822.0;0.8;2.0;22;0.0
KENAI;202503270210;16.6;84.8;821.9;0.6;1.2;1;0.0
KENAI;202503270220;16.1;85.8;821.7;0.8;1.7;15;0.0
KENAI;202503270230;16.4;84.3;821.9;0.5;1.8;34;0.0
