153
VRXZ07 LSSW 301858
Station/Location;Date;tre200s0;uor200s0;prestas0;fkl010z0;fkl010z1;dkl010z0;rre150z0
KENAI;202411301700;18.9;78.2;824.5;1.1;2.5;10;0.0
KENAI;202411301710;18.7;79.4;824.6;0.7;2.7;31;0.0
KENAI;202411301720;18.6;79.5;824.6;1.9;2.4;11;0.0
KENAI;202411301730;18.4;80.3;824.8;1.0;3.6;44;0.0
KENAI;202411301740;18.4;80.4;824.9;1.0;1.9;346;0.0
KENAI;202411301750;18.3;80.6;825.0;0.7;2.6;248;0.0
KENAI;202411301800;18.2;81.3;825.3;0.8;1.2;90;0.0
KENAI;202411301810;17.7;83.5;825.5;0.4;0.7;205;0.0
KENAI;202411301820;17.9;83.3;825.7;0.4;0.6;152;0.0
KENAI;202411301830;17.7;85.2;825.8;0.0;0.6;0;0.0
KENAI;202411301840;17.8;85.2;825.9;0.0;0.8;0;0.0
KENAI;202411301850;17.9;83.7;825.8;0.6;1.0;271;0.0
