077
VRXZ07 LSSW 052038
Station/Location;Date;tre200s0;uor200s0;prestas0;fkl010z0;fkl010z1;dkl010z0;rre150z0
KENAI;202507051840;-;84.6;826.3;0.6;1.9;57;0.0
KENAI;202507051850;17.2;84.7;826.2;1.2;1.9;4;0.0
KENAI;202507051900;-;85.2;826.2;0.7;1.7;54;0.0
KENAI;202507051910;-;85.7;826.2;0.3;1.4;17;0.0
KENAI;202507051920;16.9;86.0;826.0;0.8;1.4;111;0.0
KENAI;202507051930;-;86.8;826.1;0.0;0.8;0;0.0
KENAI;202507051940;-;87.1;826.1;0.0;0.7;0;0.0
KENAI;202507051950;-;86.9;826.2;0.3;1.5;303;0.0
KENAI;202507052000;16.8;86.2;826.2;0.8;2.1;340;0.0
KENAI;202507052010;-;86.1;826.0;0.6;1.7;18;0.0
KENAI;202507052020;-;86.9;825.9;0.7;1.7;55;0.0
KENAI;202507052030;-;87.7;825.8;0.0;1.1;0;0.0
