366
VRXZ07 LSSW 292328
Station/Location;Date;tre200s0;uor200s0;prestas0;fkl010z0;fkl010z1;dkl010z0;rre150z0
KENAI;202506292130;-;75.5;826.1;0.4;1.8;83;0.0
KENAI;202506292140;-;75.7;825.9;1.4;3.9;88;0.0
KENAI;202506292150;-;75.8;825.9;1.7;3.5;96;0.0
KENAI;202506292200;-;76.3;825.9;1.5;2.8;140;0.0
KENAI;202506292210;-;77.2;825.8;0.8;2.2;105;0.0
KENAI;202506292220;-;77.4;825.8;0.5;1.3;211;0.0
KENAI;202506292230;-;78.6;825.7;0.9;1.4;172;0.0
KENAI;202506292240;-;79.3;825.6;0.7;1.6;195;0.0
KENAI;202506292250;15.0;79.8;825.5;1.4;1.8;179;0.0
KENAI;202506292300;-;80.3;825.5;0.6;1.6;131;0.0
KENAI;202506292310;-;80.4;825.5;1.2;2.5;158;0.0
KENAI;202506292320;14.8;81.1;825.4;0.6;1.8;163;0.0
