497
VRXZ07 LSSW 231228
Station/Location;Date;tre200s0;uor200s0;prestas0;fkl010z0;fkl010z1;dkl010z0;rre150z0
KENAI;202411231030;24.3;56.6;822.8;4.4;5.7;32;0.0
KENAI;202411231040;24.3;55.1;822.6;3.4;4.6;12;0.0
KENAI;202411231050;24.5;54.2;822.4;2.2;4.5;25;0.0
KENAI;202411231100;24.4;56.6;822.1;2.7;6.3;109;0.0
KENAI;202411231110;24.3;55.5;821.9;2.3;4.2;117;0.0
KENAI;202411231120;24.4;56.7;821.8;2.7;5.5;71;0.0
KENAI;202411231130;24.7;54.8;821.7;1.2;5.6;37;0.0
KENAI;202411231140;25.0;53.9;821.6;2.4;4.4;5;0.0
KENAI;202411231150;24.7;55.5;821.5;2.0;6.4;28;0.0
KENAI;202411231200;24.9;55.5;821.2;2.0;5.6;80;0.0
KENAI;202411231210;25.0;53.5;821.2;1.7;4.9;88;0.0
KENAI;202411231220;25.0;54.4;821.1;2.4;4.7;78;0.0
