591
VRXZ07 LSSW 302318
Station/Location;Date;tre200s0;uor200s0;prestas0;fkl010z0;fkl010z1;dkl010z0;rre150z0
KENAI;202507302120;-;83.3;828.3;0.6;2.1;281;0.0
KENAI;202507302130;-;84.1;828.2;0.0;0.9;0;0.0
KENAI;202507302140;-;85.2;828.1;1.1;1.6;185;0.0
KENAI;202507302150;-;86.7;828.1;0.6;1.5;211;0.0
KENAI;202507302200;-;87.7;828.0;0.6;1.8;242;0.0
KENAI;202507302210;-;87.6;828.1;0.6;1.4;229;0.0
KENAI;202507302220;-;87.6;827.9;0.9;1.2;213;0.0
KENAI;202507302230;12.7;87.8;827.8;0.8;1.2;189;0.0
KENAI;202507302240;-;87.9;827.8;0.4;1.1;201;0.0
KENAI;202507302250;12.9;88.4;827.8;0.6;1.7;218;0.0
KENAI;202507302300;-;88.8;827.6;0.0;2.2;0;0.0
KENAI;202507302310;13.0;89.7;827.5;0.6;2.8;225;0.0
