103
VRXZ07 LSSW 060708
Station/Location;Date;tre200s0;uor200s0;prestas0;fkl010z0;fkl010z1;dkl010z0;rre150z0
KENAI;202507060510;14.8;93.2;826.9;0.0;1.1;0;0.0
KENAI;202507060520;-;93.8;827.1;0.7;1.9;78;0.0
KENAI;202507060530;14.8;94.4;827.2;0.8;1.5;91;0.0
KENAI;202507060540;-;94.7;827.3;0.6;1.7;107;0.0
KENAI;202507060550;-;94.6;827.3;1.8;2.3;99;0.0
KENAI;202507060600;-;95.0;827.4;0.8;2.3;48;0.0
KENAI;202507060610;14.7;94.9;827.4;0.8;2.5;49;0.0
KENAI;202507060620;-;94.6;827.5;0.0;1.4;0;0.0
KENAI;202507060630;-;93.4;827.4;0.8;1.7;95;0.0
KENAI;202507060640;-;93.6;827.4;0.7;1.8;91;0.0
KENAI;202507060650;-;92.7;827.5;0.6;1.5;187;0.0
KENAI;202507060700;-;91.8;827.4;0.8;1.5;155;0.0
