128
VRXZ07 LSSW 061808
Station/Location;Date;tre200s0;uor200s0;prestas0;fkl010z0;fkl010z1;dkl010z0;rre150z0
KENAI;202506061610;-;69.1;826.5;1.2;2.1;11;0.0
KENAI;202506061620;-;77.7;826.7;0.4;2.6;330;0.0
KENAI;202506061630;-;80.4;826.8;1.3;2.7;357;0.0
KENAI;202506061640;17.9;82.6;826.9;0.9;2.1;29;0.0
KENAI;202506061650;17.7;84.1;826.9;0.8;1.8;54;0.0
KENAI;202506061700;17.7;83.1;827.0;0.9;1.4;16;0.0
KENAI;202506061710;-;84.1;827.3;1.1;1.7;15;0.0
KENAI;202506061720;-;83.2;827.4;0.0;2.1;0;0.0
KENAI;202506061730;17.7;83.5;827.6;0.8;1.2;289;0.0
KENAI;202506061740;-;84.0;827.7;0.7;1.2;49;0.0
KENAI;202506061750;-;83.8;827.8;0.8;1.3;310;0.0
KENAI;202506061800;17.7;83.4;827.8;0.6;1.0;356;0.0
