497
VRXZ07 LSSW 292049
Station/Location;Date;tre200s0;uor200s0;prestas0;fkl010z0;fkl010z1;dkl010z0;rre150z0
KENAI;202411291850;14.9;97.9;826.4;0.0;4.3;0;1.7
KENAI;202411291900;14.8;97.8;826.6;2.3;3.7;310;0.1
KENAI;202411291910;14.8;98.0;826.8;1.7;4.1;341;1.3
KENAI;202411291920;14.6;97.7;826.6;2.0;3.8;270;0.5
KENAI;202411291930;14.6;97.4;826.5;1.5;4.0;319;0.9
KENAI;202411291940;14.6;97.1;826.6;1.7;3.1;311;0.8
KENAI;202411291950;14.8;97.7;826.5;0.9;3.1;296;1.5
KENAI;202411292000;15.1;98.1;826.8;0.8;2.2;32;1.6
KENAI;202411292010;15.1;98.6;826.6;0.5;2.4;332;0.3
KENAI;202411292020;15.2;98.8;826.5;0.8;2.0;19;0.4
KENAI;202411292030;15.2;98.5;826.3;1.2;2.4;345;0.6
KENAI;202411292040;15.2;98.6;826.4;1.1;2.1;352;0.5
