953
VRXZ07 LSSW 062358
Station/Location;Date;tre200s0;uor200s0;prestas0;fkl010z0;fkl010z1;dkl010z0;rre150z0
KENAI;202504062200;16.2;96.2;824.4;1.4;2.6;7;0.0
KENAI;202504062210;16.1;95.9;824.3;1.0;3.0;18;0.0
KENAI;202504062220;16.1;95.9;824.1;1.5;3.0;43;0.1
KENAI;202504062230;16.1;96.1;824.2;1.0;4.9;58;0.4
KENAI;202504062240;16.0;96.8;824.0;1.5;3.9;33;0.8
KENAI;202504062250;15.9;97.5;824.1;2.1;4.5;45;0.3
KENAI;202504062300;15.9;98.2;823.8;1.3;2.9;98;0.2
KENAI;202504062310;15.9;98.3;823.7;1.4;2.8;59;0.0
KENAI;202504062320;15.9;98.4;823.6;1.2;4.2;43;0.0
KENAI;202504062330;15.8;98.5;823.6;1.0;3.3;41;0.0
KENAI;202504062340;15.8;98.4;823.4;1.0;2.5;358;0.0
KENAI;202504062350;15.7;98.4;823.3;1.6;2.6;63;0.0
