459
VRXZ07 LSSW 211148
Station/Location;Date;tre200s0;uor200s0;prestas0;fkl010z0;fkl010z1;dkl010z0;rre150z0
KENAI;202504210950;24.9;59.2;822.8;1.4;2.8;194;0.0
KENAI;202504211000;25.0;55.9;822.7;1.0;4.1;158;0.0
KENAI;202504211010;25.3;53.2;822.5;1.4;3.9;36;0.0
KENAI;202504211020;25.1;53.0;822.2;1.7;4.4;197;0.0
KENAI;202504211030;25.3;51.8;822.0;2.0;5.0;151;0.0
KENAI;202504211040;25.3;54.5;821.8;2.5;5.2;132;0.0
KENAI;202504211050;24.5;56.6;821.8;0.7;3.9;166;0.0
KENAI;202504211100;24.8;54.9;821.5;2.3;4.4;111;0.0
KENAI;202504211110;25.7;53.7;821.4;1.3;4.0;159;0.0
KENAI;202504211120;25.8;50.9;821.4;0.9;6.3;62;0.0
KENAI;202504211130;25.2;55.7;821.3;0.9;4.8;123;0.0
KENAI;202504211140;24.8;54.6;821.3;2.4;5.1;96;0.0
