340
VRXZ07 LSSW 061658
Station/Location;Date;tre200s0;uor200s0;prestas0;fkl010z0;fkl010z1;dkl010z0;rre150z0
KENAI;202506061500;20.0;67.2;825.9;0.4;2.4;145;0.0
KENAI;202506061510;-;66.4;826.0;0.8;2.3;162;0.0
KENAI;202506061520;-;66.8;826.1;1.1;2.0;128;0.0
KENAI;202506061530;-;67.8;826.1;0.7;2.0;134;0.0
KENAI;202506061540;19.6;68.0;826.3;0.8;2.8;129;0.0
KENAI;202506061550;-;69.2;826.3;0.8;1.7;151;0.0
KENAI;202506061600;-;69.7;826.3;0.4;1.6;108;0.0
KENAI;202506061610;-;69.1;826.5;1.2;2.1;11;0.0
KENAI;202506061620;-;77.7;826.7;0.4;2.6;330;0.0
KENAI;202506061630;-;80.4;826.8;1.3;2.7;357;0.0
KENAI;202506061640;17.9;82.6;826.9;0.9;2.1;29;0.0
KENAI;202506061650;17.7;84.1;826.9;0.8;1.8;54;0.0
