803
VRXZ07 LSSW 130008
Station/Location;Date;tre200s0;uor200s0;prestas0;fkl010z0;fkl010z1;dkl010z0;rre150z0
KENAI;202502122210;17.9;89.1;823.2;2.4;6.4;14;0.0
KENAI;202502122220;17.9;88.8;823.2;2.3;5.9;21;0.0
KENAI;202502122230;18.0;89.0;823.0;2.2;3.6;68;0.0
KENAI;202502122240;18.0;88.2;823.1;2.1;6.0;42;0.0
KENAI;202502122250;17.9;88.3;822.9;1.4;4.5;24;0.0
KENAI;202502122300;17.8;88.2;822.8;2.0;6.0;18;0.0
KENAI;202502122310;17.9;88.1;822.7;2.1;5.1;36;0.0
KENAI;202502122320;17.8;87.0;822.6;2.3;5.7;41;0.0
KENAI;202502122330;17.8;87.3;822.6;1.9;4.7;68;0.0
KENAI;202502122340;17.8;87.7;822.8;2.8;4.3;2;0.0
KENAI;202502122350;17.7;88.2;822.9;2.2;3.7;62;0.0
KENAI;202502130000;17.7;88.4;822.9;1.2;5.6;15;0.0
