728
VRXZ07 LSSW 070828
Station/Location;Date;tre200s0;uor200s0;prestas0;fkl010z0;fkl010z1;dkl010z0;rre150z0
KENAI;202412070630;21.0;52.8;825.6;0.9;5.6;358;0.0
KENAI;202412070640;21.6;53.3;825.5;2.1;5.2;32;0.0
KENAI;202412070650;21.8;51.1;825.5;0.8;4.5;22;0.0
KENAI;202412070700;21.6;52.5;825.5;1.6;6.3;12;0.0
KENAI;202412070710;21.8;52.2;825.5;3.1;5.1;340;0.0
KENAI;202412070720;22.8;50.9;825.4;2.8;5.9;75;0.0
KENAI;202412070730;22.3;47.8;825.4;2.4;5.8;10;0.0
KENAI;202412070740;22.9;40.6;825.3;1.7;5.6;13;0.0
KENAI;202412070750;23.3;38.3;825.3;3.7;5.3;59;0.0
KENAI;202412070800;23.4;36.8;825.3;2.9;6.4;338;0.0
KENAI;202412070810;23.5;36.5;825.2;2.9;6.2;39;0.0
KENAI;202412070820;23.7;37.3;825.1;2.6;5.2;8;0.0
