790
VRXZ07 LSSW 241428
Station/Location;Date;tre200s0;uor200s0;prestas0;fkl010z0;fkl010z1;dkl010z0;rre150z0
KENAI;202502241230;27.1;34.3;821.9;2.7;6.6;48;0.0
KENAI;202502241240;27.3;35.1;821.7;2.0;7.4;122;0.0
KENAI;202502241250;27.1;35.7;821.8;2.3;7.7;73;0.0
KENAI;202502241300;27.2;35.9;821.7;2.6;8.9;57;0.0
KENAI;202502241310;27.2;36.2;821.9;4.7;7.6;10;0.0
KENAI;202502241320;26.8;37.9;822.0;2.1;8.1;46;0.0
KENAI;202502241330;27.0;36.9;821.8;3.7;6.4;16;0.0
KENAI;202502241340;26.5;38.4;822.1;5.2;7.2;12;0.0
KENAI;202502241350;26.7;38.9;822.3;1.9;6.7;46;0.0
KENAI;202502241400;27.1;38.6;822.4;2.1;6.0;23;0.0
KENAI;202502241410;26.6;38.4;822.4;6.0;7.7;72;0.0
KENAI;202502241420;25.8;38.5;822.3;3.6;7.6;59;0.0
