319
VRXZ07 LSSW 032308
Station/Location;Date;tre200s0;uor200s0;prestas0;fkl010z0;fkl010z1;dkl010z0;rre150z0
KENAI;202507032110;-;79.3;826.9;0.9;1.6;156;0.0
KENAI;202507032120;-;79.5;826.8;0.8;2.4;183;0.0
KENAI;202507032130;-;79.3;826.9;1.1;1.9;191;0.0
KENAI;202507032140;15.8;79.1;826.8;1.2;2.1;174;0.0
KENAI;202507032150;-;78.9;826.7;1.3;2.6;191;0.0
KENAI;202507032200;15.7;79.4;826.6;0.3;1.9;124;0.0
KENAI;202507032210;-;79.4;826.5;0.8;1.7;155;0.0
KENAI;202507032220;-;79.6;826.4;1.0;1.5;124;0.0
KENAI;202507032230;-;80.5;826.4;1.5;2.4;160;0.0
KENAI;202507032240;-;81.4;826.3;0.9;1.8;123;0.0
KENAI;202507032250;-;81.8;826.4;0.6;2.8;166;0.0
KENAI;202507032300;-;82.1;826.3;1.3;3.2;132;0.0
