881
VRXZ07 LSSW 041658
Station/Location;Date;tre200s0;uor200s0;prestas0;fkl010z0;fkl010z1;dkl010z0;rre150z0
KENAI;202504041500;22.2;68.1;821.4;1.9;6.5;83;0.0
KENAI;202504041510;22.2;68.8;821.4;2.1;5.3;66;0.0
KENAI;202504041520;22.0;69.3;821.6;2.0;6.5;18;0.0
KENAI;202504041530;21.7;70.6;821.7;2.7;6.4;56;0.0
KENAI;202504041540;-;-;-;-;5.6;-;-
KENAI;202504041550;21.4;70.7;821.9;2.3;5.1;88;0.0
KENAI;202504041600;21.3;69.7;821.8;1.7;5.4;42;0.0
KENAI;202504041610;21.3;70.0;822.0;1.6;5.6;57;0.0
KENAI;202504041620;21.4;69.7;822.3;1.7;5.5;63;0.0
KENAI;202504041630;20.7;73.7;822.4;1.6;4.9;135;0.0
KENAI;202504041640;20.3;75.7;822.7;1.7;2.9;120;0.0
KENAI;202504041650;20.1;76.3;823.0;1.0;2.8;129;0.0
