829
VRXZ07 LSSW 161348
Station/Location;Date;tre200s0;uor200s0;prestas0;fkl010z0;fkl010z1;dkl010z0;rre150z0
KENAI;202411161150;16.5;91.5;822.6;0.8;3.2;134;0.0
KENAI;202411161200;16.2;91.7;822.5;1.4;3.0;112;0.0
KENAI;202411161210;16.4;91.0;822.4;0.7;2.5;95;0.0
KENAI;202411161220;16.5;87.0;822.3;0.8;2.7;105;0.0
KENAI;202411161230;16.6;84.4;822.1;3.2;4.5;97;0.0
KENAI;202411161240;18.3;82.9;822.0;2.7;3.8;70;0.0
KENAI;202411161250;18.2;82.9;822.1;1.9;3.2;80;0.0
KENAI;202411161300;18.0;82.9;822.0;1.4;2.8;56;0.0
KENAI;202411161310;17.7;85.6;821.9;1.7;2.8;84;0.0
KENAI;202411161320;18.1;81.6;821.9;1.6;3.7;37;0.0
KENAI;202411161330;18.1;79.5;821.9;0.7;3.0;11;0.0
KENAI;202411161340;18.9;77.0;821.8;2.0;3.5;34;0.0
