739
VRXZ07 LSSW 130828
Station/Location;Date;tre200s0;uor200s0;prestas0;fkl010z0;fkl010z1;dkl010z0;rre150z0
KENAI;202507130630;-;91.7;828.7;2.0;3.3;145;0.0
KENAI;202507130640;-;92.3;828.6;0.4;2.5;115;0.0
KENAI;202507130650;15.2;91.1;828.7;0.8;2.2;160;0.0
KENAI;202507130700;-;90.5;828.8;1.0;2.4;160;0.0
KENAI;202507130710;-;89.3;828.8;1.9;2.3;152;0.0
KENAI;202507130720;-;89.0;828.6;0.7;3.4;114;0.0
KENAI;202507130730;-;86.7;828.6;0.5;3.0;134;0.0
KENAI;202507130740;-;86.2;828.6;0.9;2.6;128;0.0
KENAI;202507130750;-;87.0;828.7;0.8;2.8;125;0.0
KENAI;202507130800;-;87.7;828.7;2.0;2.8;66;0.0
KENAI;202507130810;-;88.3;828.7;0.6;2.2;118;0.0
KENAI;202507130820;-;87.9;828.6;0.6;3.0;39;0.0
