143
VRXZ07 LSSW 241058
Station/Location;Date;tre200s0;uor200s0;prestas0;fkl010z0;fkl010z1;dkl010z0;rre150z0
KENAI;202504240900;22.2;63.2;824.5;4.1;5.9;48;0.0
KENAI;202504240910;21.3;63.6;824.5;3.4;6.1;116;0.0
KENAI;202504240920;21.2;64.3;824.5;2.8;6.1;58;0.0
KENAI;202504240930;21.4;66.4;824.3;3.0;5.4;31;0.0
KENAI;202504240940;23.0;63.8;824.2;3.9;9.1;61;0.0
KENAI;202504240950;22.7;59.3;824.1;2.2;6.7;46;0.0
KENAI;202504241000;22.0;61.6;824.0;1.1;7.3;311;0.0
KENAI;202504241010;21.8;63.6;823.9;2.6;7.2;13;0.0
KENAI;202504241020;-;-;-;-;8.2;-;-
KENAI;202504241030;22.8;61.0;823.6;3.1;6.8;86;0.0
KENAI;202504241040;22.0;62.6;823.6;1.2;8.4;34;0.0
KENAI;202504241050;23.1;60.5;823.5;2.1;7.2;50;0.0
