074
VRXZ07 LSSW 091118
Station/Location;Date;tre200s0;uor200s0;prestas0;fkl010z0;fkl010z1;dkl010z0;rre150z0
KENAI;202508090920;-;83.1;826.5;1.1;3.4;13;0.0
KENAI;202508090930;15.5;83.2;826.4;1.1;3.3;344;0.0
KENAI;202508090940;-;82.9;826.3;2.3;3.3;16;0.0
KENAI;202508090950;15.9;81.3;826.3;0.8;2.9;32;0.0
KENAI;202508091000;-;82.0;826.1;1.6;2.3;23;0.0
KENAI;202508091010;15.9;81.4;826.1;1.0;2.9;55;0.0
KENAI;202508091020;-;81.1;826.0;1.6;2.5;47;0.0
KENAI;202508091030;16.4;78.6;825.8;0.6;3.4;132;0.0
KENAI;202508091040;-;78.1;825.6;2.1;2.8;89;0.0
KENAI;202508091050;16.7;78.3;825.4;0.0;3.3;0;0.0
KENAI;202508091100;-;76.3;825.2;2.4;3.8;53;0.0
KENAI;202508091110;17.5;75.9;825.1;2.2;3.2;19;0.0
