294
VRXZ07 LSSW 251438
Station/Location;Date;tre200s0;uor200s0;prestas0;fkl010z0;fkl010z1;dkl010z0;rre150z0
KENAI;202411251240;16.9;96.6;821.7;0.7;1.4;310;0.0
KENAI;202411251250;16.9;96.2;821.6;0.8;1.9;357;0.0
KENAI;202411251300;17.1;95.9;821.4;0.9;2.0;359;0.0
KENAI;202411251310;17.2;94.9;821.6;0.7;1.9;42;0.0
KENAI;202411251320;17.3;92.0;821.5;0.4;1.3;101;0.0
KENAI;202411251330;17.9;93.1;821.5;0.4;1.8;15;0.0
KENAI;202411251340;18.1;90.6;821.5;0.8;2.2;13;0.0
KENAI;202411251350;18.0;88.6;821.6;0.9;1.6;19;0.0
KENAI;202411251400;18.0;88.9;821.6;0.7;1.4;91;0.0
KENAI;202411251410;18.2;86.0;821.7;0.9;1.9;8;0.0
KENAI;202411251420;19.6;80.0;821.7;0.5;1.4;75;0.0
KENAI;202411251430;20.2;78.7;821.8;0.9;1.4;333;0.0
