996
VRXZ07 LSSW 022328
Station/Location;Date;tre200s0;uor200s0;prestas0;fkl010z0;fkl010z1;dkl010z0;rre150z0
KENAI;202507022130;-;78.8;826.5;2.2;3.5;106;0.0
KENAI;202507022140;-;79.7;826.4;1.5;3.5;60;0.0
KENAI;202507022150;-;80.5;826.4;1.9;2.7;116;0.0
KENAI;202507022200;-;82.2;826.4;1.2;2.1;144;0.0
KENAI;202507022210;-;84.0;826.4;1.5;2.4;102;0.0
KENAI;202507022220;-;85.7;826.3;0.5;2.2;124;0.0
KENAI;202507022230;-;87.6;826.2;1.1;1.7;95;0.0
KENAI;202507022240;-;89.7;826.2;0.7;1.6;113;0.0
KENAI;202507022250;-;90.0;826.1;0.7;1.1;126;0.0
KENAI;202507022300;-;92.2;826.1;0.4;1.0;160;0.0
KENAI;202507022310;-;92.0;826.0;0.0;0.6;0;0.0
KENAI;202507022320;-;93.1;826.0;0.0;0.5;0;0.0
