816
VRXZ07 LSSW 031458
Station/Location;Date;tre200s0;uor200s0;prestas0;fkl010z0;fkl010z1;dkl010z0;rre150z0
KENAI;202508031300;21.8;54.4;824.2;1.1;2.5;162;0.0
KENAI;202508031310;22.3;51.7;824.1;2.2;2.7;194;0.0
KENAI;202508031320;21.8;52.3;824.2;2.0;3.9;176;0.0
KENAI;202508031330;21.6;52.8;824.1;1.8;4.2;148;0.0
KENAI;202508031340;21.9;51.2;824.1;1.3;3.1;197;0.0
KENAI;202508031350;22.4;49.5;824.0;0.7;3.3;184;0.0
KENAI;202508031400;22.9;48.3;824.1;0.6;3.5;94;0.0
KENAI;202508031410;22.7;47.8;824.2;1.1;3.4;196;0.0
KENAI;202508031420;22.5;51.1;824.1;1.6;4.1;174;0.0
KENAI;202508031430;22.3;51.1;824.1;1.3;3.1;236;0.0
KENAI;202508031440;22.6;48.5;824.2;0.9;2.6;173;0.0
KENAI;202508031450;22.4;49.3;824.2;1.4;2.8;159;0.0
