233
VRXZ07 LSSW 181638
Station/Location;Date;tre200s0;uor200s0;prestas0;fkl010z0;fkl010z1;dkl010z0;rre150z0
KENAI;202411181440;24.2;45.2;821.7;2.7;4.6;42;0.0
KENAI;202411181450;23.9;47.3;821.7;2.3;5.5;41;0.0
KENAI;202411181500;23.3;50.7;821.8;2.5;4.8;66;0.0
KENAI;202411181510;22.8;53.6;821.9;3.0;3.4;20;0.0
KENAI;202411181520;22.5;54.3;821.9;1.8;4.2;68;0.0
KENAI;202411181530;22.2;55.4;822.0;1.9;3.8;43;0.0
KENAI;202411181540;21.9;57.0;822.2;1.1;3.5;49;0.0
KENAI;202411181550;21.7;57.1;822.3;1.1;2.8;61;0.0
KENAI;202411181600;21.7;58.2;822.4;1.0;2.3;81;0.0
KENAI;202411181610;21.3;59.7;822.6;1.7;3.0;56;0.0
KENAI;202411181620;21.3;59.6;822.8;2.1;4.5;73;0.0
KENAI;202411181630;21.1;59.4;822.9;2.6;4.1;60;0.0
