664
VRXZ07 LSSW 271528
Station/Location;Date;tre200s0;uor200s0;prestas0;fkl010z0;fkl010z1;dkl010z0;rre150z0
KENAI;202507271330;23.6;43.6;825.3;2.0;3.4;97;0.0
KENAI;202507271340;-;43.6;825.2;0.5;3.7;43;0.0
KENAI;202507271350;23.8;44.5;825.2;0.8;3.0;107;0.0
KENAI;202507271400;23.9;42.5;825.2;1.1;3.1;84;0.0
KENAI;202507271410;-;41.7;825.2;0.9;3.3;117;0.0
KENAI;202507271420;23.5;43.1;825.1;1.4;2.8;179;0.0
KENAI;202507271430;-;42.3;825.2;2.9;4.0;130;0.0
KENAI;202507271440;23.2;42.2;825.2;1.7;3.6;107;0.0
KENAI;202507271450;23.3;43.9;825.3;0.6;2.2;104;0.0
KENAI;202507271500;-;43.3;825.4;0.8;2.3;131;0.0
KENAI;202507271510;-;45.3;825.4;0.4;2.6;128;0.0
KENAI;202507271520;-;46.1;825.5;1.6;2.9;91;0.0
