958
VRXZ07 LSSW 050408
Station/Location;Date;tre200s0;uor200s0;prestas0;fkl010z0;fkl010z1;dkl010z0;rre150z0
KENAI;202506050210;-;90.4;825.9;0.7;1.4;171;0.0
KENAI;202506050220;-;90.9;826.1;0.4;1.3;198;0.0
KENAI;202506050230;-;91.0;826.1;0.5;0.9;169;0.0
KENAI;202506050240;-;91.2;826.2;0.6;1.2;194;0.0
KENAI;202506050250;15.1;91.6;826.3;0.8;1.1;205;0.0
KENAI;202506050300;-;92.0;826.3;0.7;1.3;169;0.0
KENAI;202506050310;-;91.8;826.6;0.4;0.7;237;0.0
KENAI;202506050320;-;92.0;826.6;0.0;0.6;0;0.0
KENAI;202506050330;-;91.9;826.6;0.9;1.0;187;0.0
KENAI;202506050340;-;92.4;826.8;0.7;1.2;144;0.0
KENAI;202506050350;-;92.3;826.8;0.0;0.9;0;0.0
KENAI;202506050400;-;91.8;826.9;0.4;0.8;167;0.0
