862
VRXZ07 LSSW 190628
Station/Location;Date;tre200s0;uor200s0;prestas0;fkl010z0;fkl010z1;dkl010z0;rre150z0
KENAI;202502190430;16.9;65.1;824.3;0.7;2.1;293;0.0
KENAI;202502190440;16.8;69.2;824.5;1.0;1.3;191;0.0
KENAI;202502190450;17.7;66.9;824.6;0.5;1.2;247;0.0
KENAI;202502190500;18.8;58.7;824.7;0.5;2.2;16;0.0
KENAI;202502190510;19.3;57.9;824.8;1.2;2.2;336;0.0
KENAI;202502190520;20.1;56.3;824.9;2.0;2.8;25;0.0
KENAI;202502190530;20.3;55.6;824.9;2.1;3.4;22;0.0
KENAI;202502190540;20.4;56.7;825.1;2.2;3.8;75;0.0
KENAI;202502190550;20.7;55.3;825.2;2.3;3.7;14;0.0
KENAI;202502190600;20.9;52.9;825.2;1.6;4.3;79;0.0
KENAI;202502190610;21.0;52.4;825.2;2.3;4.9;78;0.0
KENAI;202502190620;21.5;51.5;825.3;2.1;4.5;10;0.0
