644
VRXZ07 LSSW 160448
Station/Location;Date;tre200s0;uor200s0;prestas0;fkl010z0;fkl010z1;dkl010z0;rre150z0
KENAI;202503160250;18.1;80.2;824.2;1.1;1.7;23;0.0
KENAI;202503160300;18.1;81.7;824.3;0.5;1.4;67;0.0
KENAI;202503160310;18.0;83.7;824.2;0.8;2.1;16;0.0
KENAI;202503160320;17.8;85.1;824.3;1.2;2.1;319;0.0
KENAI;202503160330;17.7;86.0;824.5;1.0;1.5;342;0.0
KENAI;202503160340;17.4;87.1;824.4;0.7;1.4;62;0.0
KENAI;202503160350;17.3;87.4;824.5;0.6;1.7;336;0.0
KENAI;202503160400;17.4;87.2;824.7;0.8;2.1;18;0.0
KENAI;202503160410;17.3;87.6;824.8;0.5;1.2;49;0.0
KENAI;202503160420;17.6;87.8;825.0;1.3;2.1;79;0.0
KENAI;202503160430;18.0;87.1;825.0;1.3;2.3;85;0.0
KENAI;202503160440;18.0;85.3;825.2;0.0;1.9;0;0.0
