280
VRXZ07 LSSW 271948
Station/Location;Date;tre200s0;uor200s0;prestas0;fkl010z0;fkl010z1;dkl010z0;rre150z0
KENAI;202504271750;19.5;73.7;823.1;1.8;4.2;74;0.0
KENAI;202504271800;19.4;74.5;823.3;0.9;4.5;51;0.0
KENAI;202504271810;-;75.7;823.3;1.2;2.9;114;0.0
KENAI;202504271820;18.9;77.2;823.4;1.2;3.4;85;0.0
KENAI;202504271830;18.7;78.4;823.4;1.1;2.8;42;0.0
KENAI;202504271840;-;78.6;823.7;0.5;3.0;33;0.0
KENAI;202504271850;18.6;79.1;823.6;0.6;2.9;94;0.0
KENAI;202504271900;-;79.7;823.7;0.5;2.2;111;0.0
KENAI;202504271910;18.4;80.8;823.9;0.3;1.9;123;0.0
KENAI;202504271920;18.1;81.3;823.8;1.4;2.5;147;0.0
KENAI;202504271930;17.6;83.2;823.8;0.8;2.0;194;0.0
KENAI;202504271940;-;84.6;823.9;1.4;2.1;167;0.0
