652
VRXZ07 LSSW 171428
Station/Location;Date;tre200s0;uor200s0;prestas0;fkl010z0;fkl010z1;dkl010z0;rre150z0
KENAI;202411171230;23.0;61.2;821.1;2.9;6.0;45;0.0
KENAI;202411171240;24.0;59.1;821.0;3.1;5.0;74;0.0
KENAI;202411171250;23.2;60.5;821.0;3.2;6.2;62;0.0
KENAI;202411171300;22.9;61.9;821.1;2.3;6.5;55;0.0
KENAI;202411171310;23.0;61.2;821.1;1.6;6.6;37;0.0
KENAI;202411171320;22.4;60.4;821.1;3.5;5.8;54;0.0
KENAI;202411171330;22.2;61.6;821.1;2.4;4.9;358;0.0
KENAI;202411171340;22.0;59.2;821.1;2.0;4.5;78;0.0
KENAI;202411171350;22.0;58.5;821.1;2.5;4.7;44;0.0
KENAI;202411171400;22.0;57.9;821.2;1.7;5.7;14;0.0
KENAI;202411171410;21.8;57.5;821.3;2.0;3.9;32;0.0
KENAI;202411171420;21.9;54.6;821.2;2.6;4.9;28;0.0
