834
VRXZ07 LSSW 230948
Station/Location;Date;tre200s0;uor200s0;prestas0;fkl010z0;fkl010z1;dkl010z0;rre150z0
KENAI;202506230750;-;74.4;826.8;1.6;3.1;54;0.0
KENAI;202506230800;18.6;74.6;826.7;2.0;3.1;77;0.0
KENAI;202506230810;-;72.3;826.6;1.6;3.2;65;0.0
KENAI;202506230820;-;73.4;826.6;1.4;3.8;31;0.0
KENAI;202506230830;-;72.0;826.6;0.5;4.0;119;0.0
KENAI;202506230840;-;70.9;826.5;2.0;4.0;3;0.0
KENAI;202506230850;-;69.6;826.5;2.0;3.2;66;0.0
KENAI;202506230900;-;72.2;826.4;2.9;3.5;95;0.0
KENAI;202506230910;-;70.5;826.3;2.6;3.8;41;0.0
KENAI;202506230920;19.8;68.0;826.4;2.5;3.3;53;0.0
KENAI;202506230930;-;66.5;826.3;2.2;3.3;26;0.0
KENAI;202506230940;-;65.9;826.2;0.9;2.5;130;0.0
