698
VRXZ07 LSSW 250628
Station/Location;Date;tre200s0;uor200s0;prestas0;fkl010z0;fkl010z1;dkl010z0;rre150z0
KENAI;202506250430;-;82.6;826.1;0.0;0.8;0;0.0
KENAI;202506250440;-;82.1;826.2;0.8;1.2;113;0.0
KENAI;202506250450;-;77.1;826.2;0.4;2.0;49;0.0
KENAI;202506250500;-;74.4;826.4;1.2;2.7;91;0.0
KENAI;202506250510;-;74.3;826.4;0.9;2.1;118;0.0
KENAI;202506250520;-;-;826.6;1.5;2.1;-;0.0
KENAI;202506250530;-;70.8;826.9;2.1;2.5;21;0.0
KENAI;202506250540;-;73.3;827.0;1.5;2.4;45;0.0
KENAI;202506250550;-;74.4;827.0;1.2;2.3;61;0.0
KENAI;202506250600;-;76.1;827.1;1.6;2.5;95;0.0
KENAI;202506250610;-;76.0;827.2;0.7;2.5;131;0.0
KENAI;202506250620;18.7;72.4;827.1;1.2;2.3;92;0.0
