877
VRXZ07 LSSW 042038
Station/Location;Date;tre200s0;uor200s0;prestas0;fkl010z0;fkl010z1;dkl010z0;rre150z0
KENAI;202503041840;21.8;54.4;823.1;3.4;6.8;55;0.0
KENAI;202503041850;21.7;54.7;823.1;3.1;5.6;34;0.0
KENAI;202503041900;21.6;55.3;823.4;4.8;9.0;51;0.0
KENAI;202503041910;21.3;56.2;823.4;1.4;6.1;102;0.0
KENAI;202503041920;21.2;56.9;823.5;3.6;7.4;72;0.0
KENAI;202503041930;21.0;57.6;823.5;2.7;7.4;61;0.0
KENAI;202503041940;20.9;58.3;823.6;3.7;6.5;88;0.0
KENAI;202503041950;20.7;59.0;823.6;2.1;5.3;59;0.0
KENAI;202503042000;20.6;59.7;823.7;2.7;5.5;88;0.0
KENAI;202503042010;20.6;59.4;823.7;2.2;6.5;70;0.0
KENAI;202503042020;20.6;59.5;823.7;4.1;6.2;55;0.0
KENAI;202503042030;20.5;59.8;823.6;2.6;6.3;104;0.0
