425
VRXZ07 LSSW 021008
Station/Location;Date;tre200s0;uor200s0;prestas0;fkl010z0;fkl010z1;dkl010z0;rre150z0
KENAI;202503020810;24.0;50.7;824.9;3.8;6.2;53;0.0
KENAI;202503020820;24.4;53.9;824.9;3.3;6.8;93;0.0
KENAI;202503020830;24.2;50.6;824.8;1.9;6.9;63;0.0
KENAI;202503020840;24.1;53.4;824.6;3.6;7.5;37;0.0
KENAI;202503020850;24.5;51.2;824.4;2.8;7.9;4;0.0
KENAI;202503020900;25.0;50.7;824.4;3.6;6.9;16;0.0
KENAI;202503020910;25.3;48.1;824.3;3.8;9.5;37;0.0
KENAI;202503020920;25.8;47.3;824.1;3.4;6.5;17;0.0
KENAI;202503020930;25.5;49.3;823.9;4.6;7.0;41;0.0
KENAI;202503020940;25.2;49.4;823.7;3.5;6.4;79;0.0
KENAI;202503020950;26.8;42.6;823.5;1.8;7.7;31;0.0
KENAI;202503021000;26.2;46.2;823.4;2.4;7.5;355;0.0
