410
VRXZ07 LSSW 221938
Station/Location;Date;tre200s0;uor200s0;prestas0;fkl010z0;fkl010z1;dkl010z0;rre150z0
KENAI;202504221740;18.6;86.1;824.4;0.6;4.1;43;0.0
KENAI;202504221750;18.4;86.7;824.5;1.9;4.5;30;0.0
KENAI;202504221800;18.4;86.9;824.5;1.2;3.5;32;0.0
KENAI;202504221810;18.2;87.4;824.7;0.5;3.1;17;0.0
KENAI;202504221820;18.1;87.7;824.8;0.6;2.2;21;0.0
KENAI;202504221830;18.1;87.3;824.8;1.5;2.2;11;0.0
KENAI;202504221840;18.0;87.9;824.9;0.3;2.4;56;0.0
KENAI;202504221850;18.0;87.4;825.1;0.8;1.6;38;0.0
KENAI;202504221900;18.0;87.2;825.1;0.9;2.2;60;0.0
KENAI;202504221910;18.2;85.9;825.2;1.4;2.2;35;0.0
KENAI;202504221920;18.2;85.4;825.0;0.3;2.5;39;0.0
KENAI;202504221930;18.1;85.7;824.9;0.6;1.1;17;0.0
