695
VRXZ07 LSSW 170838
Station/Location;Date;tre200s0;uor200s0;prestas0;fkl010z0;fkl010z1;dkl010z0;rre150z0
KENAI;202411170640;20.2;76.8;824.7;1.4;4.5;81;0.0
KENAI;202411170650;20.6;73.7;824.7;1.4;4.2;359;0.0
KENAI;202411170700;20.9;71.6;824.6;1.4;4.8;25;0.0
KENAI;202411170710;20.7;73.0;824.5;1.9;5.2;320;0.0
KENAI;202411170720;20.6;74.1;824.5;2.0;4.3;19;0.0
KENAI;202411170730;21.2;-;824.5;2.7;5.3;-;0.0
KENAI;202411170740;21.7;69.8;824.5;3.4;6.4;53;0.0
KENAI;202411170750;21.4;69.1;824.3;3.7;6.9;51;0.0
KENAI;202411170800;21.6;67.9;824.3;3.7;5.0;70;0.0
KENAI;202411170810;21.9;67.7;824.1;2.8;5.7;35;0.0
KENAI;202411170820;21.6;66.9;824.0;2.1;5.9;123;0.0
KENAI;202411170830;22.2;65.0;824.0;0.8;5.2;38;0.0
