348
VRXZ07 LSSW 180108
Station/Location;Date;tre200s0;uor200s0;prestas0;fkl010z0;fkl010z1;dkl010z0;rre150z0
KENAI;202504172310;17.4;89.8;823.9;1.0;2.0;326;0.0
KENAI;202504172320;17.5;90.5;823.7;0.0;2.4;0;0.0
KENAI;202504172330;17.4;91.1;823.5;0.3;2.2;58;0.0
KENAI;202504172340;17.4;91.2;823.3;0.0;1.0;0;0.0
KENAI;202504172350;17.2;92.2;823.2;0.3;1.2;103;0.0
KENAI;202504180000;17.2;92.0;823.2;0.7;0.9;118;0.0
KENAI;202504180010;17.0;92.6;823.1;0.4;0.6;270;0.0
KENAI;202504180020;17.0;92.6;823.0;0.9;1.0;169;0.0
KENAI;202504180030;16.9;93.5;823.0;0.3;1.0;204;0.0
KENAI;202504180040;17.0;93.2;823.1;0.4;0.8;210;0.0
KENAI;202504180050;17.0;92.9;823.2;0.0;1.1;0;0.0
KENAI;202504180100;17.4;91.3;823.3;0.7;1.5;358;0.0
