515
VRXZ07 LSSW 161838
Station/Location;Date;tre200s0;uor200s0;prestas0;fkl010z0;fkl010z1;dkl010z0;rre150z0
KENAI;202505161640;20.3;68.3;824.2;1.8;5.2;82;0.0
KENAI;202505161650;20.1;69.2;824.1;1.9;4.9;54;0.0
KENAI;202505161700;19.9;69.9;824.1;1.3;3.8;46;0.0
KENAI;202505161710;19.7;70.9;824.3;0.9;5.1;93;0.0
KENAI;202505161720;19.4;72.3;824.4;1.9;3.1;105;0.0
KENAI;202505161730;19.2;72.4;824.6;0.9;3.9;70;0.0
KENAI;202505161740;19.2;72.6;824.6;1.2;3.2;69;0.0
KENAI;202505161750;18.9;73.7;824.8;0.7;2.5;85;0.0
KENAI;202505161800;-;74.3;824.8;0.3;1.7;126;0.0
KENAI;202505161810;18.6;74.4;824.8;0.7;1.4;96;0.0
KENAI;202505161820;18.4;74.6;824.8;0.6;1.2;46;0.0
KENAI;202505161830;-;74.3;824.9;0.4;1.3;71;0.0
