127
VRXZ07 LSSW 221638
Station/Location;Date;tre200s0;uor200s0;prestas0;fkl010z0;fkl010z1;dkl010z0;rre150z0
KENAI;202502221440;25.7;28.4;822.2;1.7;7.6;78;0.0
KENAI;202502221450;25.2;29.0;822.4;2.2;8.8;42;0.0
KENAI;202502221500;25.0;27.8;822.4;2.9;7.9;54;0.0
KENAI;202502221510;24.7;26.8;822.5;5.1;7.4;71;0.0
KENAI;202502221520;24.2;26.2;822.5;3.0;6.3;67;0.0
KENAI;202502221530;23.8;-;822.6;2.1;5.7;-;0.0
KENAI;202502221540;23.4;27.8;822.8;1.4;8.3;53;0.0
KENAI;202502221550;22.9;28.4;822.9;1.0;7.7;58;0.0
KENAI;202502221600;22.6;28.8;823.0;2.8;5.1;60;0.0
KENAI;202502221610;22.6;29.4;823.1;2.9;7.0;30;0.0
KENAI;202502221620;-;-;-;-;-;-;-
KENAI;202502221630;22.4;30.8;823.2;2.9;5.8;22;0.0
