097
VRXZ07 LSSW 171328
Station/Location;Date;tre200s0;uor200s0;prestas0;fkl010z0;fkl010z1;dkl010z0;rre150z0
KENAI;202506171130;22.7;57.4;825.3;1.0;4.2;124;0.0
KENAI;202506171140;22.9;55.9;825.0;2.8;4.5;151;0.0
KENAI;202506171150;22.4;55.1;825.0;0.8;4.8;142;0.0
KENAI;202506171200;22.4;52.6;824.9;0.6;4.1;220;0.0
KENAI;202506171210;-;55.6;824.8;3.1;4.1;176;0.0
KENAI;202506171220;-;56.1;824.8;1.6;2.6;145;0.0
KENAI;202506171230;-;56.5;824.8;1.4;3.3;109;0.0
KENAI;202506171240;-;57.0;824.8;1.2;3.2;138;0.0
KENAI;202506171250;21.6;57.8;824.6;1.8;2.5;120;0.0
KENAI;202506171300;-;57.6;824.7;0.7;3.0;175;0.0
KENAI;202506171310;-;59.5;824.6;1.0;3.3;192;0.0
KENAI;202506171320;-;56.3;824.5;2.3;4.6;133;0.0
