663
VRXZ07 LSSW 312108
Station/Location;Date;tre200s0;uor200s0;prestas0;fkl010z0;fkl010z1;dkl010z0;rre150z0
KENAI;202507311910;-;69.6;827.8;0.4;0.6;240;0.0
KENAI;202507311920;-;71.3;827.8;0.4;0.7;239;0.0
KENAI;202507311930;-;73.9;827.8;0.7;0.8;201;0.0
KENAI;202507311940;-;75.3;827.7;0.4;0.6;307;0.0
KENAI;202507311950;-;77.4;827.7;0.0;0.7;0;0.0
KENAI;202507312000;14.7;78.8;827.6;0.0;0.7;0;0.0
KENAI;202507312010;14.5;80.6;827.6;0.6;0.7;159;0.0
KENAI;202507312020;-;80.4;827.5;0.0;0.6;0;0.0
KENAI;202507312030;15.2;79.1;827.3;0.5;0.7;232;0.0
KENAI;202507312040;-;79.8;827.4;0.0;2.0;0;0.0
KENAI;202507312050;-;81.3;827.2;0.5;1.2;82;0.0
KENAI;202507312100;-;81.4;827.3;0.8;1.9;81;0.0
