960
VRXZ07 LSSW 102148
Station/Location;Date;tre200s0;uor200s0;prestas0;fkl010z0;fkl010z1;dkl010z0;rre150z0
KENAI;202502101950;20.1;61.5;822.4;1.8;6.2;32;0.0
KENAI;202502102000;19.9;62.3;822.4;3.8;4.8;34;0.0
KENAI;202502102010;19.7;62.9;822.4;2.4;4.5;23;0.0
KENAI;202502102020;19.5;63.5;822.4;0.8;3.8;40;0.0
KENAI;202502102030;19.3;63.9;822.5;2.7;4.1;43;0.0
KENAI;202502102040;19.1;64.5;822.4;1.4;2.9;5;0.0
KENAI;202502102050;19.0;64.6;822.5;1.0;3.3;21;0.0
KENAI;202502102100;19.1;63.5;822.5;3.0;4.7;64;0.0
KENAI;202502102110;18.9;64.2;822.3;1.7;4.5;12;0.0
KENAI;202502102120;18.9;65.0;822.3;1.9;4.9;50;0.0
KENAI;202502102130;18.8;65.6;822.3;2.7;4.8;27;0.0
KENAI;202502102140;18.6;66.1;822.2;2.1;4.0;38;0.0
