201
VRXZ07 LSSW 141728
Station/Location;Date;tre200s0;uor200s0;prestas0;fkl010z0;fkl010z1;dkl010z0;rre150z0
KENAI;202503141530;25.9;33.0;820.2;0.7;5.0;57;0.0
KENAI;202503141540;25.4;33.2;820.3;2.0;4.9;38;0.0
KENAI;202503141550;25.1;33.8;820.3;1.8;4.9;56;0.0
KENAI;202503141600;24.8;33.1;820.4;2.1;3.6;31;0.0
KENAI;202503141610;24.6;32.6;820.4;1.4;4.1;63;0.0
KENAI;202503141620;24.4;33.9;820.5;2.4;4.0;44;0.0
KENAI;202503141630;24.3;34.3;820.5;2.1;3.3;47;0.0
KENAI;202503141640;23.8;35.9;820.8;1.9;4.0;44;0.0
KENAI;202503141650;23.8;36.1;820.9;0.7;3.4;37;0.0
KENAI;202503141700;23.6;37.4;821.0;1.5;4.2;50;0.0
KENAI;202503141710;23.5;38.3;821.1;1.6;4.8;39;0.0
KENAI;202503141720;23.5;39.4;821.2;0.9;5.8;59;0.0
