166
VRXZ07 LSSW 252258
Station/Location;Date;tre200s0;uor200s0;prestas0;fkl010z0;fkl010z1;dkl010z0;rre150z0
KENAI;202507252100;-;76.1;826.2;0.6;1.0;125;0.0
KENAI;202507252110;-;77.1;826.1;0.3;1.4;74;0.0
KENAI;202507252120;-;77.2;826.0;0.4;0.8;351;0.0
KENAI;202507252130;-;79.5;826.1;0.0;0.5;0;0.0
KENAI;202507252140;-;80.7;826.1;0.5;0.9;196;0.0
KENAI;202507252150;-;81.8;826.0;0.4;0.6;224;0.0
KENAI;202507252200;-;82.2;825.9;0.3;0.8;283;0.0
KENAI;202507252210;-;82.6;825.8;0.0;0.7;0;0.0
KENAI;202507252220;-;82.3;825.7;0.4;0.9;219;0.0
KENAI;202507252230;-;83.6;825.6;0.3;0.4;216;0.0
KENAI;202507252240;-;82.5;825.7;0.0;1.2;0;0.0
KENAI;202507252250;-;81.5;825.6;0.3;1.3;296;0.0
