544
VRXZ07 LSSW 010308
Station/Location;Date;tre200s0;uor200s0;prestas0;fkl010z0;fkl010z1;dkl010z0;rre150z0
KENAI;202412010110;17.0;89.9;823.7;0.5;0.6;215;0.0
KENAI;202412010120;17.0;89.4;823.7;0.5;0.8;173;0.0
KENAI;202412010130;17.1;90.3;823.7;0.0;0.7;0;0.0
KENAI;202412010140;17.0;90.3;823.9;0.6;0.7;197;0.0
KENAI;202412010150;16.9;90.7;824.0;0.8;1.3;207;0.0
KENAI;202412010200;16.8;91.1;823.9;0.4;1.2;198;0.0
KENAI;202412010210;16.8;91.2;824.0;0.4;0.9;222;0.0
KENAI;202412010220;16.8;91.0;824.0;0.6;0.8;181;0.0
KENAI;202412010230;16.8;91.5;824.1;0.4;0.8;238;0.0
KENAI;202412010240;16.8;91.9;824.3;0.5;0.8;248;0.0
KENAI;202412010250;16.8;91.4;824.3;0.3;0.6;261;0.0
KENAI;202412010300;16.8;91.8;824.3;0.4;0.8;246;0.0
