656
VRXZ07 LSSW 171548
Station/Location;Date;tre200s0;uor200s0;prestas0;fkl010z0;fkl010z1;dkl010z0;rre150z0
KENAI;202507171350;23.1;54.2;824.9;0.8;2.3;152;0.0
KENAI;202507171400;23.2;53.1;825.1;0.9;2.2;97;0.0
KENAI;202507171410;23.2;54.6;825.2;0.5;1.9;44;0.0
KENAI;202507171420;22.8;55.6;825.2;0.9;2.4;35;0.0
KENAI;202507171430;-;56.7;825.2;1.0;2.0;54;0.0
KENAI;202507171440;-;57.8;825.3;1.0;2.9;5;0.0
KENAI;202507171450;22.2;59.0;825.5;0.8;2.4;33;0.0
KENAI;202507171500;-;59.1;825.5;0.9;2.2;22;0.0
KENAI;202507171510;21.9;60.2;825.5;0.6;1.9;318;0.0
KENAI;202507171520;-;61.8;825.5;0.9;2.0;35;0.0
KENAI;202507171530;21.4;62.3;825.5;0.6;2.0;339;0.0
KENAI;202507171540;20.9;64.9;825.6;0.0;1.9;0;0.0
