118
VRXZ07 LSSW 020118
Station/Location;Date;tre200s0;uor200s0;prestas0;fkl010z0;fkl010z1;dkl010z0;rre150z0
KENAI;202412012320;15.9;99.1;822.6;0.6;1.5;49;0.0
KENAI;202412012330;16.0;99.0;822.6;1.3;3.2;345;0.0
KENAI;202412012340;16.1;99.0;822.4;1.3;3.5;25;0.0
KENAI;202412012350;16.1;-;822.4;1.0;2.1;-;0.0
KENAI;202412020000;16.1;99.0;822.4;0.7;2.2;351;0.0
KENAI;202412020010;16.1;99.0;822.4;0.9;2.1;2;0.0
KENAI;202412020020;16.1;98.8;822.4;0.9;2.2;348;0.0
KENAI;202412020030;16.1;98.7;822.4;1.0;2.7;43;0.0
KENAI;202412020040;16.1;98.6;822.4;0.7;2.8;35;0.0
KENAI;202412020050;16.1;98.4;822.5;1.4;2.8;33;0.0
KENAI;202412020100;15.9;98.1;822.4;1.8;3.9;11;0.0
KENAI;202412020110;-;-;-;-;2.5;-;-
