246
VRXZ07 LSSW 111138
Station/Location;Date;tre200s0;uor200s0;prestas0;fkl010z0;fkl010z1;dkl010z0;rre150z0
KENAI;202502110940;23.3;51.8;822.8;4.7;7.9;58;0.0
KENAI;202502110950;24.2;51.0;822.6;2.2;8.0;70;0.0
KENAI;202502111000;24.0;50.5;822.5;2.0;8.6;58;0.0
KENAI;202502111010;24.8;51.0;822.4;3.5;9.0;31;0.0
KENAI;202502111020;24.3;49.5;822.0;5.3;9.9;57;0.0
KENAI;202502111030;24.8;47.1;822.2;4.2;9.4;31;0.0
KENAI;202502111040;24.8;49.9;821.9;3.3;7.4;57;0.0
KENAI;202502111050;24.7;46.8;821.9;5.9;9.2;90;0.0
KENAI;202502111100;24.9;49.3;821.7;3.5;7.6;105;0.0
KENAI;202502111110;25.0;45.8;821.4;5.4;10.0;98;0.0
KENAI;202502111120;25.3;45.3;821.3;5.4;7.8;48;0.0
KENAI;202502111130;25.3;44.3;821.3;3.7;8.5;38;0.0
