072
VRXZ07 LSSW 041748
Station/Location;Date;tre200s0;uor200s0;prestas0;fkl010z0;fkl010z1;dkl010z0;rre150z0
KENAI;202506041550;-;61.0;825.0;0.6;3.5;113;0.0
KENAI;202506041600;-;60.8;825.0;1.4;4.1;93;0.0
KENAI;202506041610;-;59.9;825.1;1.6;2.9;51;0.0
KENAI;202506041620;-;67.2;825.2;1.0;2.4;20;0.0
KENAI;202506041630;-;68.8;825.3;1.0;2.4;66;0.0
KENAI;202506041640;-;69.2;825.4;0.7;2.3;28;0.0
KENAI;202506041650;-;70.2;825.5;0.5;1.4;122;0.0
KENAI;202506041700;-;67.6;825.6;0.0;2.3;0;0.0
KENAI;202506041710;-;65.9;825.6;0.9;3.2;104;0.0
KENAI;202506041720;-;66.8;825.7;0.5;1.7;64;0.0
KENAI;202506041730;19.3;66.1;825.8;0.4;1.0;82;0.0
KENAI;202506041740;-;66.4;826.0;0.5;0.7;32;0.0
