902
VRXZ07 LSSW 301328
Station/Location;Date;tre200s0;uor200s0;prestas0;fkl010z0;fkl010z1;dkl010z0;rre150z0
KENAI;202503301130;24.7;56.1;821.7;4.2;7.9;58;0.0
KENAI;202503301140;24.8;55.0;821.5;6.1;8.6;47;0.0
KENAI;202503301150;24.8;56.0;821.3;3.2;7.8;30;0.0
KENAI;202503301200;23.6;57.5;821.2;1.8;7.3;73;0.0
KENAI;202503301210;24.7;55.3;821.0;0.8;5.7;68;0.0
KENAI;202503301220;25.1;53.1;821.0;4.6;6.6;73;0.0
KENAI;202503301230;25.3;54.0;820.8;4.1;7.2;43;0.0
KENAI;202503301240;25.2;54.1;820.6;5.7;7.2;100;0.0
KENAI;202503301250;-;-;-;-;6.9;-;-
KENAI;202503301300;24.7;54.8;820.7;3.1;6.4;349;0.0
KENAI;202503301310;-;-;-;-;7.8;-;-
KENAI;202503301320;23.3;58.7;820.6;2.8;6.3;67;0.0
