843
VRXZ07 LSSW 011728
Station/Location;Date;tre200s0;uor200s0;prestas0;fkl010z0;fkl010z1;dkl010z0;rre150z0
KENAI;202412011530;19.8;71.1;822.1;2.4;4.8;27;0.0
KENAI;202412011540;19.6;72.9;822.1;2.0;5.1;44;0.0
KENAI;202412011550;19.5;74.3;822.3;1.3;4.6;59;0.0
KENAI;202412011600;19.4;75.1;822.5;2.1;5.5;46;0.0
KENAI;202412011610;19.4;76.0;822.6;1.1;4.5;58;0.0
KENAI;202412011620;19.2;75.0;822.7;2.2;4.9;26;0.0
KENAI;202412011630;19.1;75.3;822.8;2.3;6.2;66;0.0
KENAI;202412011640;19.1;74.6;822.9;1.8;5.7;61;0.0
KENAI;202412011650;19.1;74.1;823.1;2.4;4.7;42;0.0
KENAI;202412011700;19.1;73.8;823.2;2.7;4.8;18;0.0
KENAI;202412011710;19.0;73.8;823.3;2.0;6.0;16;0.0
KENAI;202412011720;18.9;75.1;823.4;2.7;5.2;47;0.0
