409
VRXZ07 LSSW 230348
Station/Location;Date;tre200s0;uor200s0;prestas0;fkl010z0;fkl010z1;dkl010z0;rre150z0
KENAI;202502230150;15.5;72.9;823.9;1.2;2.4;335;0.0
KENAI;202502230200;15.5;73.4;823.8;1.4;2.4;3;0.0
KENAI;202502230210;15.4;73.4;823.8;0.8;2.5;358;0.0
KENAI;202502230220;15.2;73.8;823.9;1.5;2.2;330;0.0
KENAI;202502230230;15.2;74.0;823.9;0.5;1.9;15;0.0
KENAI;202502230240;15.1;74.1;824.0;0.5;1.7;342;0.0
KENAI;202502230250;15.0;72.7;824.0;0.8;2.0;329;0.0
KENAI;202502230300;15.4;68.5;824.2;0.6;2.3;352;0.0
KENAI;202502230310;15.6;65.5;824.4;2.0;2.9;28;0.0
KENAI;202502230320;15.8;63.8;824.6;0.6;2.9;15;0.0
KENAI;202502230330;15.7;62.9;824.7;0.5;1.9;2;0.0
KENAI;202502230340;15.6;62.6;824.7;0.4;1.3;352;0.0
