777
VRXZ07 LSSW 232328
Station/Location;Date;tre200s0;uor200s0;prestas0;fkl010z0;fkl010z1;dkl010z0;rre150z0
KENAI;202504232130;15.9;97.4;824.5;1.1;5.2;63;0.0
KENAI;202504232140;15.9;97.0;824.2;2.7;6.3;30;0.0
KENAI;202504232150;15.9;96.8;824.2;3.0;7.6;16;0.5
KENAI;202504232200;15.1;95.9;824.2;2.9;7.8;62;0.0
KENAI;202504232210;15.1;96.9;824.2;1.8;5.7;68;0.0
KENAI;202504232220;15.2;97.5;824.2;2.3;6.2;42;0.0
KENAI;202504232230;15.2;98.0;824.0;3.9;5.9;31;0.0
KENAI;202504232240;15.2;98.3;823.9;3.7;5.9;81;0.0
KENAI;202504232250;15.1;98.3;823.7;5.0;8.6;61;0.0
KENAI;202504232300;14.8;97.9;823.8;2.1;7.5;73;0.0
KENAI;202504232310;14.4;97.4;824.0;2.8;6.2;69;0.0
KENAI;202504232320;14.3;97.1;823.8;2.8;8.4;29;0.0
