682
VRXZ07 LSSW 210258
Station/Location;Date;tre200s0;uor200s0;prestas0;fkl010z0;fkl010z1;dkl010z0;rre150z0
KENAI;202502210100;15.3;68.5;822.5;0.5;0.7;178;0.0
KENAI;202502210110;15.3;68.6;822.6;0.8;1.4;232;0.0
KENAI;202502210120;14.8;70.4;822.6;0.6;0.8;235;0.0
KENAI;202502210130;14.2;73.3;822.6;0.5;1.0;237;0.0
KENAI;202502210140;14.1;73.9;822.8;0.5;1.1;226;0.0
KENAI;202502210150;14.1;73.9;822.7;0.6;1.0;215;0.0
KENAI;202502210200;14.3;72.4;822.8;0.4;0.5;239;0.0
KENAI;202502210210;14.2;72.4;822.8;0.0;0.9;0;0.0
KENAI;202502210220;13.7;74.7;823.0;0.9;1.1;223;0.0
KENAI;202502210230;13.7;73.8;823.1;0.9;1.2;176;0.0
KENAI;202502210240;13.5;74.4;823.1;0.8;1.3;210;0.0
KENAI;202502210250;13.2;75.6;823.3;0.9;1.1;213;0.0
