960
VRXZ07 LSSW 251428
Station/Location;Date;tre200s0;uor200s0;prestas0;fkl010z0;fkl010z1;dkl010z0;rre150z0
KENAI;202504251230;24.4;48.5;822.3;3.3;7.9;20;0.0
KENAI;202504251240;-;-;822.2;3.2;7.1;-;0.0
KENAI;202504251250;24.0;49.5;822.2;3.5;5.8;125;0.0
KENAI;202504251300;24.0;46.6;822.2;4.8;8.9;40;0.0
KENAI;202504251310;24.0;49.4;822.2;2.2;6.4;95;0.0
KENAI;202504251320;24.0;48.4;822.3;1.4;6.3;78;0.0
KENAI;202504251330;23.0;52.1;822.0;3.5;5.0;50;0.0
KENAI;202504251340;23.9;48.9;822.2;4.5;7.2;105;0.0
KENAI;202504251350;23.0;53.4;822.1;5.2;7.4;91;0.0
KENAI;202504251400;22.7;53.1;822.2;3.1;7.1;86;0.0
KENAI;202504251410;22.7;54.7;822.2;1.5;6.5;79;0.0
KENAI;202504251420;-;53.9;822.2;3.7;6.1;103;0.0
