112
VRXZ07 LSSW 161548
Station/Location;Date;tre200s0;uor200s0;prestas0;fkl010z0;fkl010z1;dkl010z0;rre150z0
KENAI;202506161350;-;60.8;825.2;1.7;3.9;125;0.0
KENAI;202506161400;19.7;61.6;825.3;1.1;3.1;133;0.0
KENAI;202506161410;-;63.7;825.3;0.9;2.3;107;0.0
KENAI;202506161420;-;62.1;825.4;1.1;3.0;131;0.0
KENAI;202506161430;-;62.9;825.5;1.2;1.8;118;0.0
KENAI;202506161440;19.2;62.8;825.3;1.2;2.7;120;0.0
KENAI;202506161450;-;62.4;825.4;0.9;3.1;130;0.0
KENAI;202506161500;-;63.8;825.5;0.6;2.1;162;0.0
KENAI;202506161510;-;65.1;825.4;1.0;1.7;173;0.0
KENAI;202506161520;18.7;65.6;825.5;0.5;1.5;118;0.0
KENAI;202506161530;-;66.0;825.4;0.4;1.3;117;0.0
KENAI;202506161540;-;66.4;825.5;0.0;0.6;0;0.0
