126
VRXZ07 LSSW 130358
Station/Location;Date;tre200s0;uor200s0;prestas0;fkl010z0;fkl010z1;dkl010z0;rre150z0
KENAI;202502130200;17.2;89.4;823.0;2.7;6.1;38;0.0
KENAI;202502130210;17.2;89.6;823.1;1.7;5.9;26;0.0
KENAI;202502130220;17.2;89.6;823.2;0.6;6.1;97;0.0
KENAI;202502130230;17.2;89.6;823.2;2.3;6.1;349;0.0
KENAI;202502130240;17.2;89.4;823.3;2.5;4.4;66;0.0
KENAI;202502130250;17.1;89.6;823.3;1.6;5.1;33;0.0
KENAI;202502130300;17.2;89.7;823.5;1.4;4.6;32;0.0
KENAI;202502130310;17.2;89.3;823.5;2.0;4.4;56;0.0
KENAI;202502130320;17.1;89.5;823.6;1.7;5.6;20;0.0
KENAI;202502130330;-;-;-;-;3.9;-;-
KENAI;202502130340;17.1;90.1;823.7;1.3;5.4;9;0.0
KENAI;202502130350;17.1;90.3;823.8;2.8;5.5;7;0.0
