986
VRXZ07 LSSW 090008
Station/Location;Date;tre200s0;uor200s0;prestas0;fkl010z0;fkl010z1;dkl010z0;rre150z0
KENAI;202505082210;-;90.8;825.1;0.8;1.8;58;0.0
KENAI;202505082220;-;90.7;825.0;0.4;0.9;80;0.0
KENAI;202505082230;-;90.5;825.0;0.6;1.1;174;0.0
KENAI;202505082240;16.8;90.3;824.7;0.7;1.2;133;0.0
KENAI;202505082250;16.6;91.1;824.7;0.4;1.4;238;0.0
KENAI;202505082300;16.4;92.0;824.6;0.4;0.7;244;0.0
KENAI;202505082310;16.4;92.8;824.5;0.5;0.9;265;0.0
KENAI;202505082320;16.4;92.3;824.3;0.4;1.1;235;0.0
KENAI;202505082330;16.1;92.6;824.3;0.6;0.6;107;0.0
KENAI;202505082340;15.7;94.3;824.2;0.0;0.7;0;0.0
KENAI;202505082350;-;94.8;824.3;0.0;0.6;0;0.0
KENAI;202505090000;15.5;95.3;824.2;0.4;0.4;274;0.0
