783
VRXZ07 LSSW 041338
Station/Location;Date;tre200s0;uor200s0;prestas0;fkl010z0;fkl010z1;dkl010z0;rre150z0
KENAI;202508041140;23.2;45.3;825.1;3.0;4.3;165;0.0
KENAI;202508041150;22.8;44.5;825.0;2.1;3.5;160;0.0
KENAI;202508041200;22.6;46.0;824.9;1.8;2.6;36;0.0
KENAI;202508041210;22.5;-;824.9;1.7;2.6;-;0.0
KENAI;202508041220;22.4;-;824.9;1.7;7.0;-;0.0
KENAI;202508041230;22.4;44.7;824.8;1.5;5.2;152;0.0
KENAI;202508041240;22.7;43.5;824.6;0.9;2.3;87;0.0
KENAI;202508041250;23.6;42.3;824.4;2.3;3.8;48;0.0
KENAI;202508041300;23.7;41.6;824.4;1.8;3.3;21;0.0
KENAI;202508041310;-;-;-;-;3.1;-;-
KENAI;202508041320;-;40.2;824.3;1.9;3.1;71;0.0
KENAI;202508041330;24.1;40.4;824.3;0.5;3.3;274;0.0
