274
VRXZ07 LSSW 251208
Station/Location;Date;tre200s0;uor200s0;prestas0;fkl010z0;fkl010z1;dkl010z0;rre150z0
KENAI;202504251010;22.9;55.8;823.9;3.4;6.6;70;0.0
KENAI;202504251020;23.9;51.6;823.8;4.9;7.6;70;0.0
KENAI;202504251030;23.2;55.5;823.6;2.1;6.4;84;0.0
KENAI;202504251040;22.8;55.8;823.5;2.8;5.5;41;0.0
KENAI;202504251050;24.0;52.2;823.4;4.6;7.7;52;0.0
KENAI;202504251100;23.6;53.6;823.2;1.2;6.6;36;0.0
KENAI;202504251110;24.0;50.8;823.1;3.2;7.3;80;0.0
KENAI;202504251120;24.4;52.4;823.0;3.6;6.3;353;0.0
KENAI;202504251130;23.9;52.8;822.8;3.5;5.0;52;0.0
KENAI;202504251140;24.2;49.4;822.8;3.2;6.8;18;0.0
KENAI;202504251150;24.9;49.7;822.7;4.0;6.9;76;0.0
KENAI;202504251200;24.6;47.6;822.7;3.3;6.2;80;0.0
