532
VRXZ07 LSSW 140608
Station/Location;Date;tre200s0;uor200s0;prestas0;fkl010z0;fkl010z1;dkl010z0;rre150z0
KENAI;202502140410;13.6;93.4;823.9;0.3;0.7;226;0.0
KENAI;202502140420;14.0;91.2;823.9;0.6;0.7;168;0.0
KENAI;202502140430;14.8;89.3;823.9;0.0;0.6;0;0.0
KENAI;202502140440;15.4;85.1;824.0;0.0;1.8;0;0.0
KENAI;202502140450;16.1;81.6;824.3;0.5;1.3;29;0.0
KENAI;202502140500;16.4;79.3;824.4;0.9;2.6;30;0.0
KENAI;202502140510;16.7;79.1;824.5;1.3;2.5;68;0.0
KENAI;202502140520;17.0;76.4;824.8;1.4;3.8;27;0.0
KENAI;202502140530;18.2;74.6;825.0;1.4;4.3;31;0.0
KENAI;202502140540;19.1;72.8;825.2;1.3;4.8;7;0.0
KENAI;202502140550;19.8;71.2;825.2;1.2;3.8;61;0.0
KENAI;202502140600;19.9;71.6;825.3;3.8;5.4;18;0.0
