100
VRXZ07 LSSW 171408
Station/Location;Date;tre200s0;uor200s0;prestas0;fkl010z0;fkl010z1;dkl010z0;rre150z0
KENAI;202507171210;23.5;58.3;825.2;0.4;2.7;238;0.0
KENAI;202507171220;23.4;55.2;825.1;2.1;2.7;111;0.0
KENAI;202507171230;24.0;52.5;825.1;0.3;3.9;165;0.0
KENAI;202507171240;23.9;57.3;825.0;1.2;3.4;158;0.0
KENAI;202507171250;23.7;55.3;824.9;1.5;3.4;68;0.0
KENAI;202507171300;24.0;53.5;824.9;1.6;4.0;143;0.0
KENAI;202507171310;24.4;50.9;824.9;1.8;3.2;96;0.0
KENAI;202507171320;24.2;50.3;824.7;1.6;2.3;79;0.0
KENAI;202507171330;23.8;53.4;824.8;0.8;4.4;139;0.0
KENAI;202507171340;23.4;53.4;824.9;0.5;2.9;109;0.0
KENAI;202507171350;23.1;54.2;824.9;0.8;2.3;152;0.0
KENAI;202507171400;23.2;53.1;825.1;0.9;2.2;97;0.0
