210
VRXZ07 LSSW 090128
Station/Location;Date;tre200s0;uor200s0;prestas0;fkl010z0;fkl010z1;dkl010z0;rre150z0
KENAI;202508082330;-;81.3;823.8;0.5;1.9;94;0.0
KENAI;202508082340;15.2;81.7;823.7;1.1;1.8;84;0.0
KENAI;202508082350;-;81.7;823.6;0.7;2.2;87;0.0
KENAI;202508090000;-;81.4;823.8;0.8;1.2;51;0.0
KENAI;202508090010;-;80.8;823.7;0.6;1.8;79;0.0
KENAI;202508090020;-;80.4;823.7;1.5;2.2;80;0.0
KENAI;202508090030;-;80.4;823.6;0.7;2.8;32;0.0
KENAI;202508090040;-;80.6;823.7;1.2;2.5;19;0.0
KENAI;202508090050;14.8;81.2;823.6;1.2;2.7;11;0.0
KENAI;202508090100;-;82.0;823.7;1.0;2.8;19;0.0
KENAI;202508090110;-;82.4;823.6;0.4;2.7;26;0.0
KENAI;202508090120;-;82.9;823.6;0.8;2.6;21;0.0
