240
VRXZ07 LSSW 090118
Station/Location;Date;tre200s0;uor200s0;prestas0;fkl010z0;fkl010z1;dkl010z0;rre150z0
KENAI;202504082320;15.1;98.5;825.5;0.8;2.7;293;1.5
KENAI;202504082330;15.3;98.5;825.2;0.4;2.4;197;1.7
KENAI;202504082340;15.2;98.5;825.3;1.0;2.1;201;0.7
KENAI;202504082350;15.2;98.5;825.3;0.8;1.4;322;0.1
KENAI;202504090000;15.3;98.6;825.3;0.6;1.3;159;1.1
KENAI;202504090010;15.3;98.7;825.1;0.5;1.6;184;0.6
KENAI;202504090020;15.2;98.7;825.0;0.8;1.4;287;0.0
KENAI;202504090030;15.4;98.8;825.1;0.8;1.4;289;0.0
KENAI;202504090040;15.4;98.5;825.2;1.0;1.5;194;0.0
KENAI;202504090050;15.2;98.6;825.3;0.6;1.8;205;0.0
KENAI;202504090100;15.3;98.7;825.2;0.4;2.0;237;0.0
KENAI;202504090110;15.3;98.6;825.2;0.7;1.0;194;0.0
