956
VRXZ07 LSSW 190628
Station/Location;Date;tre200s0;uor200s0;prestas0;fkl010z0;fkl010z1;dkl010z0;rre150z0
KENAI;202411190430;17.3;90.8;824.9;1.0;3.2;52;0.0
KENAI;202411190440;17.3;91.0;825.1;0.7;3.0;33;0.0
KENAI;202411190450;17.5;-;825.3;0.6;3.4;-;0.0
KENAI;202411190500;17.8;87.6;825.5;0.7;4.0;36;0.0
KENAI;202411190510;17.8;87.0;825.5;2.1;3.7;53;0.0
KENAI;202411190520;17.7;89.3;825.5;1.0;2.7;62;0.0
KENAI;202411190530;18.7;87.4;825.5;1.8;3.1;35;0.0
KENAI;202411190540;18.3;85.8;825.5;1.9;4.5;43;0.0
KENAI;202411190550;19.0;83.4;825.5;1.5;4.0;80;0.0
KENAI;202411190600;20.2;80.3;825.4;2.4;4.0;96;0.0
KENAI;202411190610;19.7;78.1;825.4;1.4;4.6;54;0.0
KENAI;202411190620;20.5;77.1;825.5;2.4;4.2;342;0.0
