364
VRXZ07 LSSW 011558
Station/Location;Date;tre200s0;uor200s0;prestas0;fkl010z0;fkl010z1;dkl010z0;rre150z0
KENAI;202507011400;-;54.7;824.5;1.1;3.3;107;0.0
KENAI;202507011410;-;56.5;824.5;0.7;2.9;139;0.0
KENAI;202507011420;22.0;53.6;824.5;0.8;2.2;110;0.0
KENAI;202507011430;-;53.5;824.5;1.6;3.6;101;0.0
KENAI;202507011440;-;54.4;824.5;1.5;3.3;83;0.0
KENAI;202507011450;20.7;55.6;824.7;0.3;2.1;67;0.0
KENAI;202507011500;20.6;56.4;824.6;1.0;2.1;73;0.0
KENAI;202507011510;-;57.7;824.7;0.5;1.4;184;0.0
KENAI;202507011520;-;59.6;824.7;0.6;0.8;176;0.0
KENAI;202507011530;-;61.9;824.8;0.6;0.9;113;0.0
KENAI;202507011540;-;60.3;824.8;0.0;0.9;0;0.0
KENAI;202507011550;19.5;63.7;824.9;0.6;1.1;248;0.0
