397
VRXZ07 LSSW 112148
Station/Location;Date;tre200s0;uor200s0;prestas0;fkl010z0;fkl010z1;dkl010z0;rre150z0
KENAI;202508111950;16.0;74.6;825.7;1.4;3.7;63;0.0
KENAI;202508112000;-;75.3;825.8;1.2;4.3;14;0.0
KENAI;202508112010;15.9;75.6;825.8;0.8;4.4;7;0.0
KENAI;202508112020;-;75.9;825.8;1.6;3.2;12;0.0
KENAI;202508112030;-;76.3;825.9;1.3;3.8;61;0.0
KENAI;202508112040;-;76.7;825.8;1.3;3.8;17;0.0
KENAI;202508112050;-;77.0;826.0;2.1;2.9;25;0.0
KENAI;202508112100;-;77.2;825.9;0.9;3.6;17;0.0
KENAI;202508112110;-;77.2;825.9;1.9;2.4;14;0.0
KENAI;202508112120;-;76.8;825.8;1.9;4.0;11;0.0
KENAI;202508112130;-;77.4;825.6;2.5;2.8;68;0.0
KENAI;202508112140;15.4;77.8;825.5;1.2;3.6;74;0.0
