142
VRXZ07 LSSW 080448
Station/Location;Date;tre200s0;uor200s0;prestas0;fkl010z0;fkl010z1;dkl010z0;rre150z0
KENAI;202412080250;15.3;89.0;825.1;0.0;1.2;0;0.0
KENAI;202412080300;15.2;89.1;825.1;0.7;1.3;12;0.0
KENAI;202412080310;15.4;89.1;825.3;0.6;1.3;344;0.0
KENAI;202412080320;15.2;89.1;825.4;0.0;1.2;0;0.0
KENAI;202412080330;15.1;90.5;825.4;0.3;0.7;267;0.0
KENAI;202412080340;15.4;89.3;825.4;0.8;1.3;350;0.0
KENAI;202412080350;15.6;88.4;825.6;0.4;0.6;116;0.0
KENAI;202412080400;16.1;86.9;825.8;0.5;0.8;160;0.0
KENAI;202412080410;16.8;86.0;825.8;0.4;0.6;119;0.0
KENAI;202412080420;17.6;78.8;826.0;0.8;1.2;65;0.0
KENAI;202412080430;18.0;75.6;826.1;0.7;1.5;12;0.0
KENAI;202412080440;18.3;73.9;826.0;1.6;2.5;48;0.0
