573
VRXZ07 LSSW 150438
Station/Location;Date;tre200s0;uor200s0;prestas0;fkl010z0;fkl010z1;dkl010z0;rre150z0
KENAI;202504150240;16.9;92.4;824.1;1.3;2.5;18;0.0
KENAI;202504150250;16.9;92.9;824.1;0.8;2.7;1;0.0
KENAI;202504150300;16.8;93.5;824.2;0.6;2.6;29;0.0
KENAI;202504150310;16.9;93.5;824.3;0.3;1.3;69;0.0
KENAI;202504150320;16.9;93.3;824.4;0.8;2.6;100;0.0
KENAI;202504150330;16.9;93.6;824.4;0.5;3.2;130;0.0
KENAI;202504150340;16.9;93.3;824.5;1.2;2.6;121;0.0
KENAI;202504150350;16.9;93.2;824.7;1.3;3.0;120;0.0
KENAI;202504150400;17.0;92.9;824.7;0.8;1.9;100;0.0
KENAI;202504150410;17.1;92.3;824.7;1.9;2.3;87;0.0
KENAI;202504150420;17.3;91.8;824.9;0.0;1.2;0;0.0
KENAI;202504150430;17.5;91.0;825.0;1.3;2.1;55;0.0
