845
VRXZ07 LSSW 060628
Station/Location;Date;tre200s0;uor200s0;prestas0;fkl010z0;fkl010z1;dkl010z0;rre150z0
KENAI;202503060430;16.6;81.5;824.9;1.3;2.0;8;0.0
KENAI;202503060440;17.3;79.2;824.8;1.2;2.3;40;0.0
KENAI;202503060450;17.6;78.7;824.9;0.9;2.7;346;0.0
KENAI;202503060500;18.0;76.8;825.0;1.7;2.5;57;0.0
KENAI;202503060510;18.6;75.6;825.1;1.0;2.6;12;0.0
KENAI;202503060520;18.8;73.5;825.1;1.7;3.0;16;0.0
KENAI;202503060530;19.1;74.2;825.1;1.3;3.3;59;0.0
KENAI;202503060540;19.5;70.6;825.2;1.9;4.8;70;0.0
KENAI;202503060550;19.9;69.8;825.3;1.6;4.6;56;0.0
KENAI;202503060600;20.4;67.1;825.3;2.3;3.8;36;0.0
KENAI;202503060610;-;-;-;-;4.6;-;-
KENAI;202503060620;20.7;66.9;825.5;1.9;3.9;4;0.0
