463
VRXZ07 LSSW 201528
Station/Location;Date;tre200s0;uor200s0;prestas0;fkl010z0;fkl010z1;dkl010z0;rre150z0
KENAI;202502201330;29.0;19.1;820.4;2.7;4.9;12;0.0
KENAI;202502201340;29.2;21.3;820.3;2.2;4.9;23;0.0
KENAI;202502201350;28.8;21.3;820.3;2.4;5.1;25;0.0
KENAI;202502201400;28.6;23.2;820.3;3.0;6.4;58;0.0
KENAI;202502201410;27.9;24.8;820.4;1.8;4.3;346;0.0
KENAI;202502201420;27.3;28.4;820.4;2.2;4.1;55;0.0
KENAI;202502201430;27.1;27.9;820.4;1.8;4.9;21;0.0
KENAI;202502201440;27.4;28.7;820.5;1.3;4.2;51;0.0
KENAI;202502201450;27.2;29.5;820.6;1.6;4.7;51;0.0
KENAI;202502201500;26.9;30.8;820.6;1.9;4.3;29;0.0
KENAI;202502201510;26.4;32.0;820.6;2.8;5.9;17;0.0
KENAI;202502201520;25.9;33.2;820.7;1.1;5.6;35;0.0
