264
VRXZ07 LSSW 110848
Station/Location;Date;tre200s0;uor200s0;prestas0;fkl010z0;fkl010z1;dkl010z0;rre150z0
KENAI;202503110650;20.5;79.1;824.1;3.1;5.1;56;0.0
KENAI;202503110700;21.4;74.4;824.0;2.1;4.7;358;0.0
KENAI;202503110710;21.5;73.4;823.8;2.2;4.1;23;0.0
KENAI;202503110720;21.6;71.4;823.9;2.0;5.2;359;0.0
KENAI;202503110730;21.1;74.8;823.7;2.1;3.9;321;0.0
KENAI;202503110740;22.2;72.8;823.7;2.6;3.7;20;0.0
KENAI;202503110750;22.8;67.3;823.6;2.6;4.4;25;0.0
KENAI;202503110800;23.3;63.3;823.5;2.4;5.5;358;0.0
KENAI;202503110810;23.7;64.1;823.4;1.8;4.3;359;0.0
KENAI;202503110820;24.3;58.2;823.3;3.6;5.9;22;0.0
KENAI;202503110830;24.3;60.7;823.2;3.0;7.3;47;0.0
KENAI;202503110840;24.4;58.8;823.2;3.5;7.4;83;0.0
