408
VRXZ07 LSSW 311358
Station/Location;Date;tre200s0;uor200s0;prestas0;fkl010z0;fkl010z1;dkl010z0;rre150z0
KENAI;202503311200;23.2;61.7;821.6;2.5;7.0;103;0.0
KENAI;202503311210;24.1;58.7;821.5;4.9;7.5;40;0.0
KENAI;202503311220;23.5;59.0;821.3;2.9;8.1;57;0.0
KENAI;202503311230;24.0;58.8;821.3;3.6;7.1;62;0.0
KENAI;202503311240;24.3;57.7;821.1;3.1;7.7;44;0.0
KENAI;202503311250;24.3;56.9;821.0;3.2;7.3;70;0.0
KENAI;202503311300;23.4;61.8;820.9;1.6;6.7;70;0.0
KENAI;202503311310;24.3;59.2;821.0;4.3;7.2;66;0.0
KENAI;202503311320;24.5;59.6;821.0;2.6;5.7;53;0.0
KENAI;202503311330;23.2;63.7;821.0;4.1;6.7;59;0.0
KENAI;202503311340;22.4;59.4;820.8;1.5;6.5;87;0.0
KENAI;202503311350;24.1;62.5;820.8;3.2;5.5;83;0.0
