143
VRXZ07 LSSW 161248
Station/Location;Date;tre200s0;uor200s0;prestas0;fkl010z0;fkl010z1;dkl010z0;rre150z0
KENAI;202505161050;24.9;54.6;823.9;1.6;5.1;103;0.0
KENAI;202505161100;24.4;53.0;823.7;1.5;4.9;19;0.0
KENAI;202505161110;24.8;53.3;823.6;2.4;5.5;104;0.0
KENAI;202505161120;23.8;60.3;823.5;1.5;4.3;152;0.0
KENAI;202505161130;24.7;53.8;823.3;2.7;5.0;65;0.0
KENAI;202505161140;24.1;52.6;823.3;1.3;5.3;158;0.0
KENAI;202505161150;23.6;54.9;823.2;1.4;4.1;127;0.0
KENAI;202505161200;24.7;51.8;823.1;1.7;4.9;122;0.0
KENAI;202505161210;24.9;47.8;823.1;2.2;6.5;70;0.0
KENAI;202505161220;-;-;-;-;4.3;-;-
KENAI;202505161230;25.1;48.0;823.0;1.8;5.4;348;0.0
KENAI;202505161240;-;44.6;823.0;3.3;4.9;30;0.0
