851
VRXZ07 LSSW 160418
Station/Location;Date;tre200s0;uor200s0;prestas0;fkl010z0;fkl010z1;dkl010z0;rre150z0
KENAI;202502160220;17.7;86.3;822.8;0.9;2.4;49;0.0
KENAI;202502160230;17.8;85.3;822.8;0.8;2.7;38;0.0
KENAI;202502160240;17.9;85.3;823.0;0.4;2.4;1;0.0
KENAI;202502160250;17.9;85.6;823.1;0.9;1.7;40;0.0
KENAI;202502160300;18.0;85.7;823.1;1.1;2.5;347;0.0
KENAI;202502160310;17.9;85.4;823.2;1.3;2.9;12;0.0
KENAI;202502160320;17.9;85.3;823.3;0.7;2.3;48;0.0
KENAI;202502160330;17.9;85.4;823.4;0.7;2.9;36;0.0
KENAI;202502160340;18.0;85.2;823.5;0.9;3.6;41;0.0
KENAI;202502160350;18.0;85.9;823.5;0.4;1.9;345;0.0
KENAI;202502160400;18.1;84.3;823.5;0.4;1.8;334;0.0
KENAI;202502160410;18.1;84.8;823.7;1.0;2.0;341;0.0
