454
VRXZ07 LSSW 141748
Station/Location;Date;tre200s0;uor200s0;prestas0;fkl010z0;fkl010z1;dkl010z0;rre150z0
KENAI;202411141550;18.2;93.1;820.5;0.5;1.3;178;0.0
KENAI;202411141600;18.2;82.5;820.7;0.9;2.9;176;0.0
KENAI;202411141610;18.2;76.3;820.8;1.3;3.8;93;0.0
KENAI;202411141620;18.4;78.9;821.0;2.4;5.4;24;0.0
KENAI;202411141630;18.6;81.1;821.3;3.2;5.5;42;0.0
KENAI;202411141640;18.7;84.1;821.5;2.1;7.2;47;0.0
KENAI;202411141650;19.9;81.7;821.7;2.2;4.6;36;0.0
KENAI;202411141700;20.0;81.0;821.8;2.0;5.5;53;0.3
KENAI;202411141710;19.8;81.4;821.9;2.9;5.7;13;0.1
KENAI;202411141720;19.5;83.6;821.9;2.1;5.9;56;0.2
KENAI;202411141730;19.4;83.6;822.2;2.1;6.3;60;0.0
KENAI;202411141740;19.4;84.2;822.4;1.3;3.6;2;0.0
