631
VRXZ07 LSSW 132338
Station/Location;Date;tre200s0;uor200s0;prestas0;fkl010z0;fkl010z1;dkl010z0;rre150z0
KENAI;202508132140;-;67.5;825.9;0.8;1.8;87;0.0
KENAI;202508132150;-;69.0;825.9;1.2;1.7;98;0.0
KENAI;202508132200;-;69.6;825.7;0.4;1.9;152;0.0
KENAI;202508132210;-;70.8;825.7;0.0;0.7;0;0.0
KENAI;202508132220;-;73.0;825.7;0.0;0.7;0;0.0
KENAI;202508132230;-;73.5;825.6;0.4;0.8;230;0.0
KENAI;202508132240;-;74.7;825.6;0.5;0.7;201;0.0
KENAI;202508132250;-;74.6;825.7;0.0;0.8;0;0.0
KENAI;202508132300;12.8;77.1;825.7;0.0;0.6;0;0.0
KENAI;202508132310;-;76.6;825.7;0.0;0.9;0;0.0
KENAI;202508132320;-;78.1;825.6;0.0;0.6;0;0.0
KENAI;202508132330;-;78.1;825.5;0.0;0.5;0;0.0
