254
VRXZ07 LSSW 201108
Station/Location;Date;tre200s0;uor200s0;prestas0;fkl010z0;fkl010z1;dkl010z0;rre150z0
KENAI;202506200910;-;65.1;826.6;2.1;2.7;57;0.0
KENAI;202506200920;22.5;63.8;826.4;0.7;2.9;210;0.0
KENAI;202506200930;-;63.5;826.3;0.8;2.8;270;0.0
KENAI;202506200940;23.8;59.4;826.1;3.6;4.4;173;0.0
KENAI;202506200950;-;60.3;826.1;1.1;3.0;130;0.0
KENAI;202506201000;22.7;61.1;826.0;1.6;3.3;127;0.0
KENAI;202506201010;22.9;59.7;825.8;0.5;2.5;26;0.0
KENAI;202506201020;23.0;61.3;825.6;1.7;2.5;234;0.0
KENAI;202506201030;22.9;59.5;825.5;1.5;3.0;94;0.0
KENAI;202506201040;-;56.6;825.2;0.6;2.3;176;0.0
KENAI;202506201050;23.6;58.3;825.2;1.4;3.0;139;0.0
KENAI;202506201100;-;56.8;825.1;0.7;3.1;55;0.0
