829
VRXZ07 LSSW 161458
Station/Location;Date;tre200s0;uor200s0;prestas0;fkl010z0;fkl010z1;dkl010z0;rre150z0
KENAI;202507161300;21.6;59.6;824.2;0.5;2.2;80;0.0
KENAI;202507161310;-;60.5;824.2;1.2;3.1;95;0.0
KENAI;202507161320;-;62.4;824.2;0.9;3.4;129;0.0
KENAI;202507161330;20.7;61.5;824.2;1.5;3.3;124;0.0
KENAI;202507161340;20.7;62.2;824.2;0.0;3.5;0;0.0
KENAI;202507161350;-;61.5;824.2;1.1;3.0;109;0.0
KENAI;202507161400;-;62.1;824.2;1.0;3.1;87;0.0
KENAI;202507161410;20.6;63.4;824.4;1.2;3.7;49;0.0
KENAI;202507161420;20.5;62.1;824.4;0.7;2.3;111;0.0
KENAI;202507161430;20.4;62.5;824.4;0.7;1.7;54;0.0
KENAI;202507161440;-;62.9;824.5;0.3;2.6;54;0.0
KENAI;202507161450;-;63.2;824.5;1.4;1.7;86;0.0
