628
VRXZ07 LSSW 142248
Station/Location;Date;tre200s0;uor200s0;prestas0;fkl010z0;fkl010z1;dkl010z0;rre150z0
KENAI;202504142050;18.8;85.8;825.8;0.9;2.8;41;0.0
KENAI;202504142100;18.7;86.0;825.8;1.3;2.8;17;0.0
KENAI;202504142110;18.7;86.7;825.7;0.7;3.7;36;0.0
KENAI;202504142120;18.6;86.8;825.6;1.8;3.2;64;0.0
KENAI;202504142130;18.6;87.0;825.5;1.1;2.3;96;0.0
KENAI;202504142140;18.4;87.6;825.5;1.6;3.6;74;0.0
KENAI;202504142150;18.2;88.2;825.3;1.1;2.6;76;0.0
KENAI;202504142200;18.1;88.9;825.3;1.8;2.5;57;0.0
KENAI;202504142210;18.2;88.4;825.1;0.0;3.2;0;0.0
KENAI;202504142220;18.0;88.7;824.9;1.8;3.1;14;0.0
KENAI;202504142230;17.9;89.3;824.8;0.7;1.8;62;0.0
KENAI;202504142240;17.8;89.6;824.6;1.9;2.8;48;0.0
