044
VRXZ07 LSSW 050408
Station/Location;Date;tre200s0;uor200s0;prestas0;fkl010z0;fkl010z1;dkl010z0;rre150z0
KENAI;202503050210;17.3;85.7;822.9;1.0;2.8;42;0.0
KENAI;202503050220;17.5;85.2;823.0;1.1;2.9;75;0.0
KENAI;202503050230;17.6;85.3;823.1;2.0;4.0;36;0.0
KENAI;202503050240;17.7;85.5;823.0;2.1;2.8;55;0.0
KENAI;202503050250;17.5;85.3;823.0;0.9;4.4;46;0.0
KENAI;202503050300;17.4;84.4;823.1;1.5;3.1;337;0.0
KENAI;202503050310;17.4;84.0;823.2;1.3;2.8;35;0.0
KENAI;202503050320;17.3;83.9;823.2;1.1;3.0;357;0.0
KENAI;202503050330;17.2;84.1;823.3;1.2;3.2;38;0.0
KENAI;202503050340;17.1;84.7;823.3;0.5;4.5;330;0.0
KENAI;202503050350;17.0;84.9;823.4;0.9;2.8;47;0.0
KENAI;202503050400;17.3;84.7;823.6;1.5;3.1;15;0.0
