024
VRXZ07 LSSW 131938
Station/Location;Date;tre200s0;uor200s0;prestas0;fkl010z0;fkl010z1;dkl010z0;rre150z0
KENAI;202502131740;19.4;70.3;823.7;1.0;4.5;34;0.0
KENAI;202502131750;18.9;72.2;823.9;0.8;2.7;65;0.0
KENAI;202502131800;18.7;73.5;824.0;0.7;2.2;99;0.0
KENAI;202502131810;18.7;73.3;824.1;1.2;3.7;36;0.0
KENAI;202502131820;18.7;73.8;824.2;1.1;4.2;60;0.0
KENAI;202502131830;18.6;74.4;824.1;1.3;4.6;35;0.0
KENAI;202502131840;18.8;74.4;824.3;1.6;5.1;79;0.0
KENAI;202502131850;18.7;74.9;824.4;3.3;5.4;57;0.0
KENAI;202502131900;18.7;75.1;824.6;1.8;4.9;58;0.0
KENAI;202502131910;18.6;75.7;824.7;2.0;5.8;74;0.0
KENAI;202502131920;18.5;76.1;824.7;1.7;3.8;60;0.0
KENAI;202502131930;18.4;76.8;824.7;0.8;4.0;112;0.0
