165
VRXZ07 LSSW 180358
Station/Location;Date;tre200s0;uor200s0;prestas0;fkl010z0;fkl010z1;dkl010z0;rre150z0
KENAI;202507180200;-;90.5;827.4;1.1;2.1;148;0.0
KENAI;202507180210;-;90.7;827.3;0.8;2.2;178;0.0
KENAI;202507180220;14.3;90.7;827.3;1.4;2.8;149;0.0
KENAI;202507180230;-;91.0;827.4;1.0;2.3;174;0.0
KENAI;202507180240;-;90.9;827.5;0.6;2.4;162;0.0
KENAI;202507180250;-;90.8;827.6;0.7;1.3;90;0.0
KENAI;202507180300;-;90.6;827.8;0.6;1.4;194;0.0
KENAI;202507180310;-;90.2;827.7;0.6;1.7;131;0.0
KENAI;202507180320;-;90.5;827.8;0.5;1.6;127;0.0
KENAI;202507180330;-;91.2;827.9;0.0;1.1;0;0.0
KENAI;202507180340;-;90.9;827.9;0.7;1.1;226;0.0
KENAI;202507180350;-;90.8;827.9;0.6;1.6;190;0.0
