343
VRXZ07 LSSW 231808
Station/Location;Date;tre200s0;uor200s0;prestas0;fkl010z0;fkl010z1;dkl010z0;rre150z0
KENAI;202411231610;20.3;78.5;823.4;1.9;5.8;6;0.0
KENAI;202411231620;20.0;-;823.6;2.0;6.3;-;0.0
KENAI;202411231630;19.7;79.7;823.7;2.7;6.7;80;0.0
KENAI;202411231640;19.4;79.2;823.7;3.9;6.2;60;0.0
KENAI;202411231650;19.2;78.9;824.2;2.2;5.2;53;0.0
KENAI;202411231700;19.2;79.4;824.3;3.2;5.1;53;0.0
KENAI;202411231710;19.0;79.5;824.3;3.6;6.1;51;0.0
KENAI;202411231720;18.9;80.7;824.6;2.4;4.4;70;0.0
KENAI;202411231730;18.9;82.1;824.6;3.3;5.5;19;0.0
KENAI;202411231740;18.8;84.0;824.6;3.9;6.5;22;0.0
KENAI;202411231750;18.9;85.0;824.9;0.9;4.0;22;0.0
KENAI;202411231800;18.8;85.8;825.0;2.5;6.2;69;0.0
