193
VRXZ07 LSSW 140258
Station/Location;Date;tre200s0;uor200s0;prestas0;fkl010z0;fkl010z1;dkl010z0;rre150z0
KENAI;202508140100;13.4;76.5;825.5;0.5;1.2;155;0.0
KENAI;202508140110;-;77.1;825.6;0.5;0.7;198;0.0
KENAI;202508140120;13.5;76.4;825.6;0.4;0.8;338;0.0
KENAI;202508140130;13.6;75.4;825.7;0.5;0.8;305;0.0
KENAI;202508140140;-;74.3;825.9;0.4;0.9;215;0.0
KENAI;202508140150;-;75.1;825.9;0.9;1.3;191;0.0
KENAI;202508140200;-;77.1;825.9;0.4;1.2;224;0.0
KENAI;202508140210;-;78.8;826.0;0.4;0.9;205;0.0
KENAI;202508140220;-;79.9;826.1;0.4;0.8;228;0.0
KENAI;202508140230;-;81.6;826.1;0.8;0.8;211;0.0
KENAI;202508140240;-;83.6;826.1;0.0;0.7;0;0.0
KENAI;202508140250;-;84.5;826.2;0.3;0.4;341;0.0
