737
VRXZ07 LSSW 082348
Station/Location;Date;tre200s0;uor200s0;prestas0;fkl010z0;fkl010z1;dkl010z0;rre150z0
KENAI;202508082150;-;80.3;824.5;1.1;2.6;91;0.0
KENAI;202508082200;-;80.4;824.4;0.9;1.8;64;0.0
KENAI;202508082210;-;80.7;824.3;0.6;1.5;92;0.0
KENAI;202508082220;-;81.2;824.2;0.3;1.2;32;0.0
KENAI;202508082230;-;81.1;824.1;0.5;2.2;68;0.0
KENAI;202508082240;-;80.7;824.0;0.5;2.4;25;0.0
KENAI;202508082250;-;80.8;824.0;0.7;1.6;69;0.0
KENAI;202508082300;15.6;80.5;823.8;0.7;1.0;121;0.0
KENAI;202508082310;-;81.2;823.8;0.3;1.4;125;0.0
KENAI;202508082320;-;82.1;823.7;0.4;1.4;85;0.0
KENAI;202508082330;-;81.3;823.8;0.5;1.9;94;0.0
KENAI;202508082340;15.2;81.7;823.7;1.1;1.8;84;0.0
