532
VRXZ07 LSSW 021228
Station/Location;Date;tre200s0;uor200s0;prestas0;fkl010z0;fkl010z1;dkl010z0;rre150z0
KENAI;202412021030;23.3;61.5;821.9;2.2;5.4;24;0.0
KENAI;202412021040;22.9;-;821.7;2.5;6.1;-;0.0
KENAI;202412021050;22.6;61.0;821.6;3.1;5.3;28;0.0
KENAI;202412021100;23.3;57.5;821.6;3.9;6.1;46;0.0
KENAI;202412021110;23.4;59.4;821.4;1.4;5.9;334;0.0
KENAI;202412021120;23.4;59.2;821.2;1.4;5.8;11;0.0
KENAI;202412021130;22.7;62.6;821.1;1.2;6.1;58;0.0
KENAI;202412021140;22.5;61.0;821.0;3.2;4.3;63;0.0
KENAI;202412021150;23.1;56.9;821.0;2.6;6.0;338;0.0
KENAI;202412021200;22.8;58.3;820.7;2.7;3.8;39;0.0
KENAI;202412021210;22.5;59.9;820.7;1.9;6.0;83;0.0
KENAI;202412021220;-;-;-;-;4.0;-;-
