608
VRXZ07 LSSW 101118
Station/Location;Date;tre200s0;uor200s0;prestas0;fkl010z0;fkl010z1;dkl010z0;rre150z0
KENAI;202502100920;24.5;50.8;822.4;2.2;6.7;105;0.0
KENAI;202502100930;25.0;46.2;822.1;2.8;9.6;44;0.0
KENAI;202502100940;25.4;46.0;822.0;2.1;7.0;5;0.0
KENAI;202502100950;25.5;43.7;821.8;5.5;9.9;21;0.0
KENAI;202502101000;25.7;45.5;821.6;3.4;8.0;56;0.0
KENAI;202502101010;25.5;45.1;821.6;2.7;8.3;49;0.0
KENAI;202502101020;26.1;45.4;821.3;2.2;8.6;87;0.0
KENAI;202502101030;26.3;46.4;821.2;1.8;6.5;31;0.0
KENAI;202502101040;26.2;40.8;821.1;4.8;8.2;53;0.0
KENAI;202502101050;26.2;34.4;820.9;2.6;8.5;60;0.0
KENAI;202502101100;26.5;36.6;820.8;4.9;10.1;57;0.0
KENAI;202502101110;26.5;35.8;820.5;4.1;10.0;28;0.0
