027
VRXZ07 LSSW 261718
Station/Location;Date;tre200s0;uor200s0;prestas0;fkl010z0;fkl010z1;dkl010z0;rre150z0
KENAI;202504261520;21.9;57.2;822.5;1.5;5.5;29;0.0
KENAI;202504261530;21.5;60.3;822.4;1.6;3.6;52;0.0
KENAI;202504261540;21.2;60.9;822.6;1.8;3.7;36;0.0
KENAI;202504261550;20.9;62.3;822.6;2.1;3.6;45;0.0
KENAI;202504261600;20.8;62.5;822.6;1.7;2.9;58;0.0
KENAI;202504261610;20.6;64.4;822.8;1.5;3.7;83;0.0
KENAI;202504261620;20.3;66.2;823.0;1.9;4.2;77;0.0
KENAI;202504261630;20.1;68.4;823.1;1.0;3.0;84;0.0
KENAI;202504261640;19.8;69.5;823.1;1.9;4.2;86;0.0
KENAI;202504261650;19.6;70.1;823.0;0.7;2.9;142;0.0
KENAI;202504261700;19.3;71.5;823.3;1.3;2.9;90;0.0
KENAI;202504261710;19.2;72.3;823.4;0.6;2.7;95;0.0
