778
VRXZ07 LSSW 270608
Station/Location;Date;tre200s0;uor200s0;prestas0;fkl010z0;fkl010z1;dkl010z0;rre150z0
KENAI;202503270410;17.4;82.1;822.7;1.5;3.3;68;0.0
KENAI;202503270420;17.5;82.3;822.7;1.5;4.2;27;0.0
KENAI;202503270430;17.5;82.4;823.0;3.1;4.5;77;0.0
KENAI;202503270440;17.3;83.9;822.9;1.5;5.9;53;0.0
KENAI;202503270450;17.3;86.4;823.2;2.5;4.5;65;0.0
KENAI;202503270500;17.3;87.3;823.2;1.3;5.3;48;0.0
KENAI;202503270510;17.5;87.1;823.2;2.3;5.4;12;0.0
KENAI;202503270520;17.6;87.0;823.3;2.1;5.4;13;0.0
KENAI;202503270530;17.9;87.0;823.3;1.7;3.4;41;0.0
KENAI;202503270540;17.9;86.9;823.3;1.1;4.6;46;0.0
KENAI;202503270550;18.4;85.2;823.2;3.0;5.4;81;0.0
KENAI;202503270600;18.8;82.9;823.5;0.9;5.2;21;0.0
