382
VRXZ07 LSSW 271108
Station/Location;Date;tre200s0;uor200s0;prestas0;fkl010z0;fkl010z1;dkl010z0;rre150z0
KENAI;202411270910;18.4;81.7;824.6;1.4;2.7;187;0.0
KENAI;202411270920;19.4;72.2;824.3;0.5;2.3;223;0.0
KENAI;202411270930;20.1;71.1;824.2;0.0;2.6;0;0.0
KENAI;202411270940;20.7;72.5;823.9;0.0;2.4;0;0.0
KENAI;202411270950;21.4;70.5;823.7;1.0;2.8;141;0.0
KENAI;202411271000;21.8;64.1;823.7;0.6;3.3;126;0.0
KENAI;202411271010;22.0;66.8;823.6;0.9;3.1;73;0.0
KENAI;202411271020;22.0;-;823.5;0.8;3.5;-;0.0
KENAI;202411271030;22.1;65.2;823.4;0.9;3.0;116;0.0
KENAI;202411271040;22.5;65.2;823.1;2.4;3.2;73;0.0
KENAI;202411271050;22.2;65.8;823.1;1.0;3.7;75;0.0
KENAI;202411271100;21.9;65.7;822.7;1.1;3.9;40;0.0
