390
VRXZ07 LSSW 180448
Station/Location;Date;tre200s0;uor200s0;prestas0;fkl010z0;fkl010z1;dkl010z0;rre150z0
KENAI;202503180250;17.2;87.0;823.6;1.5;3.8;32;0.0
KENAI;202503180300;17.0;88.4;823.6;1.5;5.4;69;0.0
KENAI;202503180310;16.9;89.3;823.6;1.8;3.8;66;0.0
KENAI;202503180320;16.9;89.6;823.6;1.7;3.9;55;0.0
KENAI;202503180330;17.0;89.8;823.5;1.7;4.9;70;0.0
KENAI;202503180340;16.9;88.9;823.5;1.4;5.2;51;0.0
KENAI;202503180350;16.9;88.8;823.7;1.4;4.2;31;0.0
KENAI;202503180400;16.8;89.3;823.7;0.9;4.1;28;0.0
KENAI;202503180410;16.6;90.1;824.0;0.8;4.0;357;0.0
KENAI;202503180420;16.7;90.0;824.0;0.9;3.1;20;0.0
KENAI;202503180430;17.1;88.0;824.2;1.3;2.9;25;0.0
KENAI;202503180440;17.0;87.9;824.3;1.8;2.9;13;0.0
