559
VRXZ07 LSSW 211618
Station/Location;Date;tre200s0;uor200s0;prestas0;fkl010z0;fkl010z1;dkl010z0;rre150z0
KENAI;202502211420;27.0;22.4;820.8;6.2;10.0;55;0.0
KENAI;202502211430;26.8;23.8;820.7;3.6;9.7;66;0.0
KENAI;202502211440;26.5;22.5;820.9;1.1;7.9;35;0.0
KENAI;202502211450;26.1;21.5;820.9;2.8;10.3;78;0.0
KENAI;202502211500;26.0;22.3;820.9;2.0;7.9;357;0.0
KENAI;202502211510;25.6;22.7;821.0;2.9;7.0;54;0.0
KENAI;202502211520;25.1;21.2;821.1;2.8;7.9;46;0.0
KENAI;202502211530;24.6;21.0;821.1;3.3;6.8;76;0.0
KENAI;202502211540;24.1;23.4;821.3;2.3;7.0;49;0.0
KENAI;202502211550;24.0;22.6;821.4;1.9;7.5;40;0.0
KENAI;202502211600;23.7;22.4;821.5;2.2;6.2;59;0.0
KENAI;202502211610;23.5;22.6;821.6;1.9;5.4;45;0.0
