490
VRXZ07 LSSW 211208
Station/Location;Date;tre200s0;uor200s0;prestas0;fkl010z0;fkl010z1;dkl010z0;rre150z0
KENAI;202411211010;19.1;87.0;823.1;4.3;6.4;95;0.0
KENAI;202411211020;18.7;82.9;822.9;2.6;5.5;23;0.0
KENAI;202411211030;20.9;75.2;822.6;3.5;5.8;51;0.0
KENAI;202411211040;21.8;74.3;822.5;2.5;6.7;91;0.0
KENAI;202411211050;21.6;71.5;822.3;2.9;5.1;104;0.0
KENAI;202411211100;21.2;71.3;822.1;0.9;5.2;84;0.0
KENAI;202411211110;22.5;68.4;822.0;2.5;4.4;92;0.0
KENAI;202411211120;22.7;68.7;821.6;1.6;5.4;56;0.0
KENAI;202411211130;22.2;69.9;821.6;2.8;4.9;13;0.0
KENAI;202411211140;22.2;65.8;821.5;1.7;3.3;55;0.0
KENAI;202411211150;22.6;62.9;821.3;2.2;4.7;0;0.0
KENAI;202411211200;22.9;62.4;821.2;1.2;4.4;21;0.0
