469
VRXZ07 LSSW 040318
Station/Location;Date;tre200s0;uor200s0;prestas0;fkl010z0;fkl010z1;dkl010z0;rre150z0
KENAI;202506040120;-;91.7;825.3;1.6;3.9;167;0.0
KENAI;202506040130;-;91.8;825.5;1.3;2.8;174;0.0
KENAI;202506040140;-;91.7;825.6;2.1;3.9;158;0.0
KENAI;202506040150;-;91.4;825.7;1.2;4.1;125;0.0
KENAI;202506040200;-;91.6;825.7;0.8;1.9;141;0.0
KENAI;202506040210;-;91.4;825.7;0.8;2.8;160;0.0
KENAI;202506040220;-;91.3;825.7;1.2;3.4;152;0.0
KENAI;202506040230;15.2;91.7;825.7;0.0;2.3;0;0.0
KENAI;202506040240;-;92.2;825.7;0.8;2.1;139;0.0
KENAI;202506040250;-;92.1;825.9;0.8;2.3;162;0.0
KENAI;202506040300;-;92.1;826.1;0.0;2.2;0;0.0
KENAI;202506040310;-;92.5;826.2;0.8;1.0;97;0.0
