745
VRXZ07 LSSW 311938
Station/Location;Date;tre200s0;uor200s0;prestas0;fkl010z0;fkl010z1;dkl010z0;rre150z0
KENAI;202503311740;18.4;85.3;822.4;2.3;4.4;71;0.0
KENAI;202503311750;18.4;85.8;822.7;0.9;4.0;29;0.0
KENAI;202503311800;18.4;86.0;822.7;0.9;3.8;32;0.0
KENAI;202503311810;18.3;86.0;822.9;1.5;4.2;57;0.0
KENAI;202503311820;18.2;86.2;822.8;1.4;3.4;68;0.0
KENAI;202503311830;18.4;85.9;823.1;0.9;4.1;59;0.0
KENAI;202503311840;18.3;86.6;823.2;2.3;3.6;55;0.0
KENAI;202503311850;18.4;86.9;823.5;2.5;3.8;84;0.0
KENAI;202503311900;18.3;87.8;823.4;2.8;3.9;55;0.0
KENAI;202503311910;18.3;88.1;823.5;2.0;4.4;62;0.0
KENAI;202503311920;18.4;88.3;823.5;2.0;3.6;100;0.0
KENAI;202503311930;-;-;-;-;5.5;-;-
