816
VRXZ07 LSSW 131138
Station/Location;Date;tre200s0;uor200s0;prestas0;fkl010z0;fkl010z1;dkl010z0;rre150z0
KENAI;202502130940;22.3;67.1;824.2;3.6;6.2;66;0.0
KENAI;202502130950;22.2;63.5;824.2;2.9;7.6;32;0.0
KENAI;202502131000;23.0;61.6;823.9;4.1;9.0;31;0.0
KENAI;202502131010;22.9;65.3;823.8;2.4;6.8;354;0.0
KENAI;202502131020;23.3;59.7;823.5;2.3;8.4;43;0.0
KENAI;202502131030;23.3;59.4;823.4;4.7;8.0;44;0.0
KENAI;202502131040;23.1;55.2;823.4;2.1;8.0;38;0.0
KENAI;202502131050;23.6;52.2;823.1;2.4;6.9;84;0.0
KENAI;202502131100;24.4;53.3;823.0;2.1;7.7;37;0.0
KENAI;202502131110;24.3;54.8;822.7;2.0;6.2;48;0.0
KENAI;202502131120;24.5;54.3;822.5;1.6;9.8;50;0.0
KENAI;202502131130;24.2;53.5;822.6;4.5;6.1;23;0.0
