781
VRXZ07 LSSW 160718
Station/Location;Date;tre200s0;uor200s0;prestas0;fkl010z0;fkl010z1;dkl010z0;rre150z0
KENAI;202502160520;19.4;78.5;824.3;0.9;2.9;10;0.0
KENAI;202502160530;19.8;77.6;824.4;1.4;2.7;359;0.0
KENAI;202502160540;20.1;74.4;824.5;1.2;4.2;74;0.0
KENAI;202502160550;21.2;70.7;824.6;2.9;4.3;97;0.0
KENAI;202502160600;21.4;69.0;824.6;1.1;4.7;87;0.0
KENAI;202502160610;21.6;67.2;824.6;2.3;4.4;101;0.0
KENAI;202502160620;21.8;69.0;824.7;2.4;3.6;0;0.0
KENAI;202502160630;22.1;66.6;824.6;1.4;3.8;56;0.0
KENAI;202502160640;22.4;63.2;824.7;2.2;3.4;58;0.0
KENAI;202502160650;22.2;63.0;824.7;0.9;3.5;174;0.0
KENAI;202502160700;22.9;57.7;824.6;2.0;3.7;50;0.0
KENAI;202502160710;22.7;59.1;824.6;1.1;4.4;44;0.0
