287
VRXZ07 LSSW 171858
Station/Location;Date;tre200s0;uor200s0;prestas0;fkl010z0;fkl010z1;dkl010z0;rre150z0
KENAI;202505171700;19.1;71.3;824.2;0.9;1.5;152;0.0
KENAI;202505171710;18.9;72.7;824.2;0.4;1.2;43;0.0
KENAI;202505171720;18.6;74.5;824.2;0.4;1.0;60;0.0
KENAI;202505171730;18.7;74.2;824.4;0.5;1.3;92;0.0
KENAI;202505171740;18.8;73.8;824.5;0.7;1.4;96;0.0
KENAI;202505171750;-;73.7;824.6;0.6;1.6;81;0.0
KENAI;202505171800;-;73.4;824.7;0.3;0.7;123;0.0
KENAI;202505171810;18.9;73.7;824.8;0.4;0.5;354;0.0
KENAI;202505171820;18.8;74.4;824.8;0.0;1.8;0;0.0
KENAI;202505171830;-;77.5;824.9;0.5;1.9;72;0.0
KENAI;202505171840;18.3;79.1;824.8;0.0;0.9;0;0.0
KENAI;202505171850;17.9;80.8;824.7;0.3;0.8;53;0.0
