417
VRXZ07 LSSW 100018
Station/Location;Date;tre200s0;uor200s0;prestas0;fkl010z0;fkl010z1;dkl010z0;rre150z0
KENAI;202505092220;17.4;92.6;824.9;0.0;1.9;0;0.0
KENAI;202505092230;-;92.9;824.9;0.4;2.0;55;0.0
KENAI;202505092240;-;93.2;824.8;0.7;1.1;118;0.0
KENAI;202505092250;17.1;93.0;824.7;0.9;1.3;161;0.0
KENAI;202505092300;17.1;93.2;824.7;0.5;1.6;138;0.0
KENAI;202505092310;17.2;93.0;824.7;0.7;1.2;145;0.0
KENAI;202505092320;-;93.2;824.8;0.7;2.0;105;0.0
KENAI;202505092330;-;92.9;824.7;0.7;1.2;141;0.0
KENAI;202505092340;17.2;93.1;824.8;0.5;2.1;153;0.0
KENAI;202505092350;-;92.6;824.7;1.2;2.3;89;0.0
KENAI;202505100000;17.2;92.3;824.7;0.8;2.0;109;0.0
KENAI;202505100010;-;92.3;824.6;0.5;1.6;121;0.0
