208
VRXZ07 LSSW 161828
Station/Location;Date;tre200s0;uor200s0;prestas0;fkl010z0;fkl010z1;dkl010z0;rre150z0
KENAI;202506161630;-;68.0;825.8;0.5;1.0;259;0.0
KENAI;202506161640;-;-;-;-;0.8;-;-
KENAI;202506161650;-;72.5;825.9;0.7;0.8;176;0.0
KENAI;202506161700;-;68.8;826.0;1.1;1.8;89;0.0
KENAI;202506161710;-;67.5;826.1;1.7;3.1;120;0.0
KENAI;202506161720;18.1;67.7;826.1;0.6;2.2;146;0.0
KENAI;202506161730;18.1;67.8;826.1;0.6;1.5;80;0.0
KENAI;202506161740;-;68.9;826.2;0.6;0.9;131;0.0
KENAI;202506161750;-;69.4;826.2;1.0;1.6;136;0.0
KENAI;202506161800;-;69.3;826.3;0.8;1.6;144;0.0
KENAI;202506161810;17.8;69.9;826.3;0.6;1.5;159;0.0
KENAI;202506161820;17.8;70.0;826.4;0.5;2.7;209;0.0
