794
VRXZ07 LSSW 210858
Station/Location;Date;tre200s0;uor200s0;prestas0;fkl010z0;fkl010z1;dkl010z0;rre150z0
KENAI;202506210700;21.1;68.1;827.4;0.4;3.1;199;0.0
KENAI;202506210710;-;70.2;827.3;1.1;2.6;238;0.0
KENAI;202506210720;-;71.4;827.4;0.9;3.6;141;0.0
KENAI;202506210730;-;71.3;827.3;1.3;2.0;175;0.0
KENAI;202506210740;21.1;70.5;827.2;1.3;2.6;194;0.0
KENAI;202506210750;-;67.9;827.1;2.1;3.0;142;0.0
KENAI;202506210800;-;64.8;827.1;0.0;2.5;0;0.0
KENAI;202506210810;-;66.3;827.0;1.1;2.7;141;0.0
KENAI;202506210820;-;68.3;826.9;0.9;3.4;156;0.0
KENAI;202506210830;22.0;67.0;826.7;1.9;2.7;85;0.0
KENAI;202506210840;-;61.7;826.6;1.2;3.0;349;0.0
KENAI;202506210850;-;59.6;826.4;0.4;2.6;55;0.0
