948
VRXZ07 LSSW 020248
Station/Location;Date;tre200s0;uor200s0;prestas0;fkl010z0;fkl010z1;dkl010z0;rre150z0
KENAI;202507020050;-;83.2;826.7;0.7;1.5;158;0.0
KENAI;202507020100;-;83.2;826.8;0.6;1.2;191;0.0
KENAI;202507020110;-;83.9;826.8;0.5;1.4;137;0.0
KENAI;202507020120;-;84.3;826.7;0.7;2.0;175;0.0
KENAI;202507020130;-;84.7;826.7;0.5;1.6;172;0.0
KENAI;202507020140;-;84.5;826.9;0.6;1.5;137;0.0
KENAI;202507020150;-;84.7;827.0;0.7;2.1;110;0.0
KENAI;202507020200;-;85.1;827.1;0.8;1.8;127;0.0
KENAI;202507020210;-;85.3;827.1;1.1;2.3;136;0.0
KENAI;202507020220;-;85.5;827.1;0.5;2.2;197;0.0
KENAI;202507020230;-;85.7;827.3;0.6;1.8;141;0.0
KENAI;202507020240;-;85.9;827.3;0.0;0.7;0;0.0
