165
VRXZ07 LSSW 291858
Station/Location;Date;tre200s0;uor200s0;prestas0;fkl010z0;fkl010z1;dkl010z0;rre150z0
KENAI;202503291700;16.6;93.5;822.4;0.0;1.5;0;0.0
KENAI;202503291710;16.6;92.7;822.6;0.4;1.2;351;0.2
KENAI;202503291720;16.6;92.4;822.8;0.5;1.6;227;0.0
KENAI;202503291730;16.8;93.8;822.9;0.4;0.7;233;0.0
KENAI;202503291740;16.8;94.9;822.9;0.5;0.9;156;0.0
KENAI;202503291750;16.8;96.0;823.1;0.6;1.5;141;0.1
KENAI;202503291800;16.7;96.4;823.2;0.5;1.1;177;0.0
KENAI;202503291810;16.6;96.5;823.3;0.6;1.9;141;0.0
KENAI;202503291820;16.7;96.2;823.3;0.5;1.6;177;0.1
KENAI;202503291830;16.7;95.8;823.5;0.4;0.8;207;0.2
KENAI;202503291840;16.9;96.0;823.4;0.3;1.0;79;0.3
KENAI;202503291850;16.9;95.5;823.4;0.0;0.6;0;0.4
