897
VRXZ07 LSSW 251918
Station/Location;Date;tre200s0;uor200s0;prestas0;fkl010z0;fkl010z1;dkl010z0;rre150z0
KENAI;202507251720;18.3;64.8;825.2;0.5;3.2;45;0.0
KENAI;202507251730;-;66.6;825.3;0.6;2.4;81;0.0
KENAI;202507251740;18.2;65.7;825.5;0.4;1.7;166;0.0
KENAI;202507251750;-;66.8;825.6;0.8;1.5;92;0.0
KENAI;202507251800;17.8;67.5;825.7;0.4;1.3;151;0.0
KENAI;202507251810;-;69.0;825.9;0.0;0.7;0;0.0
KENAI;202507251820;-;70.1;825.9;0.0;0.4;0;0.0
KENAI;202507251830;17.1;70.5;826.1;0.3;0.5;134;0.0
KENAI;202507251840;16.9;71.5;826.0;0.0;1.0;0;0.0
KENAI;202507251850;16.7;72.9;826.0;0.4;0.9;41;0.0
KENAI;202507251900;16.5;74.2;826.0;0.5;1.1;71;0.0
KENAI;202507251910;16.4;74.7;826.0;1.2;2.2;154;0.0
