432
VRXZ07 LSSW 132238
Station/Location;Date;tre200s0;uor200s0;prestas0;fkl010z0;fkl010z1;dkl010z0;rre150z0
KENAI;202502132040;17.9;77.7;824.7;2.1;5.8;49;0.0
KENAI;202502132050;17.7;78.1;824.6;1.3;3.9;41;0.0
KENAI;202502132100;17.6;78.9;824.6;1.8;4.7;30;0.0
KENAI;202502132110;17.6;79.3;824.6;2.0;4.6;11;0.0
KENAI;202502132120;17.5;79.8;824.4;2.4;5.0;19;0.0
KENAI;202502132130;17.4;79.7;824.3;1.8;4.5;29;0.0
KENAI;202502132140;17.5;78.9;824.1;1.0;6.0;52;0.0
KENAI;202502132150;17.5;79.0;824.0;2.5;6.4;26;0.0
KENAI;202502132200;17.4;79.6;823.9;3.7;7.5;58;0.0
KENAI;202502132210;17.5;79.6;823.8;2.8;6.6;20;0.0
KENAI;202502132220;17.3;80.2;823.6;2.9;5.7;18;0.0
KENAI;202502132230;17.3;80.8;823.5;2.9;6.6;36;0.0
