365
VRXZ07 LSSW 160708
Station/Location;Date;tre200s0;uor200s0;prestas0;fkl010z0;fkl010z1;dkl010z0;rre150z0
KENAI;202503160510;18.3;82.3;825.5;0.7;1.3;167;0.0
KENAI;202503160520;19.6;78.9;825.5;0.5;1.8;107;0.0
KENAI;202503160530;19.7;76.4;825.7;0.5;1.9;286;0.0
KENAI;202503160540;19.3;75.7;825.8;0.9;2.2;274;0.0
KENAI;202503160550;19.6;75.8;825.9;1.1;1.8;286;0.0
KENAI;202503160600;20.6;71.3;826.0;1.0;2.0;99;0.0
KENAI;202503160610;20.7;71.2;825.9;2.1;2.8;143;0.0
KENAI;202503160620;21.3;69.7;825.9;0.7;1.5;100;0.0
KENAI;202503160630;21.6;67.2;826.1;1.1;2.6;89;0.0
KENAI;202503160640;22.6;62.8;826.1;2.1;3.6;27;0.0
KENAI;202503160650;22.7;61.8;826.1;1.3;2.9;315;0.0
KENAI;202503160700;22.3;62.5;826.0;0.7;3.2;113;0.0
