148
VRXZ07 LSSW 181358
Station/Location;Date;tre200s0;uor200s0;prestas0;fkl010z0;fkl010z1;dkl010z0;rre150z0
KENAI;202506181200;24.5;47.2;824.7;0.9;3.4;114;0.0
KENAI;202506181210;-;51.6;824.7;2.1;3.6;124;0.0
KENAI;202506181220;22.9;54.0;824.7;3.0;6.7;151;0.0
KENAI;202506181230;-;53.2;824.5;2.5;5.2;155;0.0
KENAI;202506181240;22.8;52.6;824.3;3.4;6.1;127;0.0
KENAI;202506181250;-;54.5;824.3;3.2;4.7;77;0.0
KENAI;202506181300;-;54.6;824.3;2.2;5.7;142;0.0
KENAI;202506181310;22.4;55.4;824.3;3.1;4.8;105;0.0
KENAI;202506181320;-;56.2;824.2;1.2;4.9;108;0.0
KENAI;202506181330;-;57.0;824.2;2.4;4.4;136;0.0
KENAI;202506181340;22.1;56.3;824.2;0.4;4.3;175;0.0
KENAI;202506181350;23.1;54.2;824.1;2.9;4.3;117;0.0
