590
VRXZ07 LSSW 291138
Station/Location;Date;tre200s0;uor200s0;prestas0;fkl010z0;fkl010z1;dkl010z0;rre150z0
KENAI;202504290940;23.9;56.0;822.3;1.3;3.4;150;0.0
KENAI;202504290950;24.5;53.4;822.2;1.3;3.9;51;0.0
KENAI;202504291000;25.1;54.4;822.1;1.6;3.3;359;0.0
KENAI;202504291010;25.0;53.6;822.1;0.9;5.0;75;0.0
KENAI;202504291020;24.1;56.1;822.0;1.7;3.9;162;0.0
KENAI;202504291030;24.4;51.0;821.8;1.8;3.5;50;0.0
KENAI;202504291040;-;51.3;821.7;2.3;3.1;146;0.0
KENAI;202504291050;24.8;52.5;821.5;2.4;5.5;136;0.0
KENAI;202504291100;-;51.5;821.4;2.7;6.0;50;0.0
KENAI;202504291110;25.1;49.7;821.1;1.2;4.7;166;0.0
KENAI;202504291120;25.3;53.1;821.1;2.2;4.0;35;0.0
KENAI;202504291130;-;48.5;820.9;1.6;4.0;69;0.0
