867
VRXZ07 LSSW 162338
Station/Location;Date;tre200s0;uor200s0;prestas0;fkl010z0;fkl010z1;dkl010z0;rre150z0
KENAI;202411162140;15.0;94.0;823.7;0.0;0.9;0;0.0
KENAI;202411162150;15.1;93.1;823.7;0.5;1.1;96;0.0
KENAI;202411162200;15.2;92.9;823.6;0.7;0.7;77;0.0
KENAI;202411162210;15.2;93.5;823.6;0.4;1.2;95;0.0
KENAI;202411162220;15.1;93.9;823.4;0.0;0.5;0;0.0
KENAI;202411162230;14.9;94.8;823.2;0.8;1.0;248;0.0
KENAI;202411162240;14.8;95.2;823.3;0.3;0.9;212;0.0
KENAI;202411162250;14.9;95.6;823.2;0.0;0.7;0;0.0
KENAI;202411162300;14.9;95.4;823.1;0.3;0.6;211;0.0
KENAI;202411162310;14.8;95.4;823.1;0.4;1.1;166;0.0
KENAI;202411162320;14.7;95.5;822.9;0.4;0.9;228;0.0
KENAI;202411162330;14.6;95.7;822.8;0.6;0.8;256;0.0
