428
VRXZ07 LSSW 160658
Station/Location;Date;tre200s0;uor200s0;prestas0;fkl010z0;fkl010z1;dkl010z0;rre150z0
KENAI;202507160500;-;86.4;827.0;0.5;1.0;160;0.0
KENAI;202507160510;-;84.2;827.1;0.5;1.4;118;0.0
KENAI;202507160520;-;-;827.1;1.1;1.4;-;0.0
KENAI;202507160530;-;84.0;827.2;1.6;1.9;173;0.0
KENAI;202507160540;-;84.1;827.3;1.0;2.5;160;0.0
KENAI;202507160550;-;83.9;827.3;1.5;2.1;156;0.0
KENAI;202507160600;-;82.7;827.4;1.0;2.0;112;0.0
KENAI;202507160610;-;83.4;827.4;0.9;2.2;236;0.0
KENAI;202507160620;-;81.7;827.5;1.3;2.4;187;0.0
KENAI;202507160630;16.2;80.1;827.6;0.9;2.4;154;0.0
KENAI;202507160640;-;80.8;827.7;0.3;1.8;233;0.0
KENAI;202507160650;16.5;80.5;827.7;1.1;2.7;176;0.0
