487
VRXZ07 LSSW 181128
Station/Location;Date;tre200s0;uor200s0;prestas0;fkl010z0;fkl010z1;dkl010z0;rre150z0
KENAI;202411180930;23.9;49.1;823.7;2.5;5.6;84;0.0
KENAI;202411180940;24.5;47.1;823.5;2.5;5.1;58;0.0
KENAI;202411180950;24.4;51.8;823.4;3.4;4.8;69;0.0
KENAI;202411181000;24.7;49.3;823.2;2.6;5.2;98;0.0
KENAI;202411181010;24.4;51.8;823.1;3.7;5.4;37;0.0
KENAI;202411181020;24.0;48.5;822.9;3.6;5.0;50;0.0
KENAI;202411181030;24.5;47.1;822.8;2.8;4.3;51;0.0
KENAI;202411181040;24.8;49.8;822.6;3.0;5.1;79;0.0
KENAI;202411181050;24.7;48.5;822.4;2.4;5.8;109;0.0
KENAI;202411181100;25.1;46.7;822.3;1.5;5.3;87;0.0
KENAI;202411181110;25.4;42.0;822.2;1.5;4.8;349;0.0
KENAI;202411181120;24.8;43.8;822.0;1.4;5.4;341;0.0
