893
VRXZ07 LSSW 020918
Station/Location;Date;tre200s0;uor200s0;prestas0;fkl010z0;fkl010z1;dkl010z0;rre150z0
KENAI;202504020720;22.1;66.4;824.4;1.4;3.9;39;0.0
KENAI;202504020730;22.4;65.1;824.5;2.3;4.4;6;0.0
KENAI;202504020740;23.0;63.6;824.5;1.3;5.0;49;0.0
KENAI;202504020750;23.1;-;824.5;2.0;4.7;-;0.0
KENAI;202504020800;23.0;59.6;824.5;2.8;4.1;35;0.0
KENAI;202504020810;22.8;62.7;824.4;1.9;5.1;357;0.0
KENAI;202504020820;23.2;-;824.3;2.2;4.3;-;0.0
KENAI;202504020830;23.7;58.6;824.2;2.5;4.2;1;0.0
KENAI;202504020840;23.6;58.7;824.1;1.3;5.5;99;0.0
KENAI;202504020850;23.4;56.2;824.0;1.1;6.2;18;0.0
KENAI;202504020900;23.5;58.1;823.9;1.0;6.3;59;0.0
KENAI;202504020910;23.9;56.9;823.8;2.0;4.4;345;0.0
