120
VRXZ07 LSSW 300218
Station/Location;Date;tre200s0;uor200s0;prestas0;fkl010z0;fkl010z1;dkl010z0;rre150z0
KENAI;202411300020;14.4;97.7;824.4;1.0;1.4;222;0.0
KENAI;202411300030;14.3;97.6;824.4;0.4;1.1;220;0.0
KENAI;202411300040;14.1;97.6;824.2;0.0;0.8;0;0.0
KENAI;202411300050;14.0;97.8;824.3;0.0;0.7;0;0.0
KENAI;202411300100;14.0;98.0;824.2;0.5;0.9;273;0.0
KENAI;202411300110;14.0;98.2;824.2;0.7;1.0;285;0.0
KENAI;202411300120;14.2;97.8;824.3;0.4;1.4;214;0.0
KENAI;202411300130;14.0;97.8;824.2;0.0;0.8;0;0.0
KENAI;202411300140;13.8;97.6;824.2;0.0;0.9;0;0.0
KENAI;202411300150;13.7;97.7;824.2;0.3;0.6;219;0.0
KENAI;202411300200;13.7;98.0;824.3;0.5;0.8;231;0.0
KENAI;202411300210;13.6;98.2;824.3;0.0;0.5;0;0.0
