665
VRXZ07 LSSW 252238
Station/Location;Date;tre200s0;uor200s0;prestas0;fkl010z0;fkl010z1;dkl010z0;rre150z0
KENAI;202502252040;19.0;49.6;824.9;1.4;3.2;38;0.0
KENAI;202502252050;19.0;49.6;824.8;1.9;2.5;83;0.0
KENAI;202502252100;18.8;50.4;824.8;0.4;3.9;102;0.0
KENAI;202502252110;18.5;51.2;824.8;1.7;2.7;68;0.0
KENAI;202502252120;18.3;52.2;824.8;1.6;2.3;60;0.0
KENAI;202502252130;18.3;52.3;824.6;1.3;2.4;51;0.0
KENAI;202502252140;18.1;53.3;824.6;0.6;3.1;62;0.0
KENAI;202502252150;17.8;54.5;824.4;0.0;1.0;0;0.0
KENAI;202502252200;17.7;54.5;824.4;0.4;1.3;345;0.0
KENAI;202502252210;17.2;56.6;824.3;0.4;0.6;87;0.0
KENAI;202502252220;16.7;57.8;824.0;0.6;1.1;27;0.0
KENAI;202502252230;17.0;57.1;824.0;0.5;1.3;33;0.0
