650
VRXZ07 LSSW 271448
Station/Location;Date;tre200s0;uor200s0;prestas0;fkl010z0;fkl010z1;dkl010z0;rre150z0
KENAI;202504271250;25.1;47.7;821.8;2.5;5.2;129;0.0
KENAI;202504271300;24.3;48.4;821.7;2.0;4.6;167;0.0
KENAI;202504271310;24.2;48.3;821.7;2.2;5.2;81;0.0
KENAI;202504271320;24.1;47.9;821.6;1.6;4.8;53;0.0
KENAI;202504271330;23.9;50.8;821.6;2.0;4.3;26;0.0
KENAI;202504271340;-;45.5;821.6;1.1;5.2;54;0.0
KENAI;202504271350;-;46.0;821.6;1.1;4.6;82;0.0
KENAI;202504271400;25.4;44.2;821.6;3.3;5.7;82;0.0
KENAI;202504271410;24.9;47.5;821.7;1.6;5.5;18;0.0
KENAI;202504271420;24.9;45.9;821.8;1.4;5.1;50;0.0
KENAI;202504271430;23.7;48.8;822.0;2.3;5.1;52;0.0
KENAI;202504271440;-;49.9;822.0;1.5;4.2;75;0.0
