647
VRXZ07 LSSW 051938
Station/Location;Date;tre200s0;uor200s0;prestas0;fkl010z0;fkl010z1;dkl010z0;rre150z0
KENAI;202503051740;22.2;46.4;822.9;1.4;6.5;93;0.0
KENAI;202503051750;22.0;47.0;823.1;1.0;4.7;54;0.0
KENAI;202503051800;21.7;47.7;823.2;1.6;4.6;109;0.0
KENAI;202503051810;21.7;47.7;823.4;0.9;6.3;98;0.0
KENAI;202503051820;21.6;48.0;823.4;2.5;5.1;81;0.0
KENAI;202503051830;21.5;48.4;823.4;1.2;5.2;62;0.0
KENAI;202503051840;21.3;49.0;823.5;1.3;4.5;65;0.0
KENAI;202503051850;21.2;49.2;823.7;2.2;5.0;67;0.0
KENAI;202503051900;21.1;49.3;823.7;2.9;5.5;75;0.0
KENAI;202503051910;21.0;49.9;823.9;2.0;5.3;57;0.0
KENAI;202503051920;20.9;50.6;823.9;3.0;4.6;64;0.0
KENAI;202503051930;20.7;51.2;823.9;1.5;5.3;69;0.0
