893
VRXZ07 LSSW 240348
Station/Location;Date;tre200s0;uor200s0;prestas0;fkl010z0;fkl010z1;dkl010z0;rre150z0
KENAI;202504240150;14.1;96.6;823.4;1.5;5.6;30;0.0
KENAI;202504240200;14.2;96.5;823.4;1.2;4.0;25;0.0
KENAI;202504240210;14.2;96.4;823.5;1.0;3.2;46;0.0
KENAI;202504240220;14.4;96.5;823.5;1.3;3.9;337;0.0
KENAI;202504240230;14.4;96.7;823.6;1.0;4.8;18;0.0
KENAI;202504240240;14.3;96.7;823.6;2.0;3.2;11;0.0
KENAI;202504240250;-;96.8;823.7;0.6;4.1;356;0.0
KENAI;202504240300;14.2;96.7;823.7;2.2;3.8;21;0.0
KENAI;202504240310;14.2;96.3;823.9;1.7;3.9;46;0.0
KENAI;202504240320;14.3;96.3;823.9;1.6;3.9;32;0.0
KENAI;202504240330;14.4;95.8;823.9;1.2;4.0;46;0.0
KENAI;202504240340;14.8;94.9;824.0;2.3;5.7;53;0.0
