921
VRXZ07 LSSW 151508
Station/Location;Date;tre200s0;uor200s0;prestas0;fkl010z0;fkl010z1;dkl010z0;rre150z0
KENAI;202411151310;21.2;73.3;820.5;1.6;4.7;55;0.0
KENAI;202411151320;21.6;70.6;820.5;1.9;5.1;16;0.0
KENAI;202411151330;20.9;72.9;820.6;1.4;4.0;347;0.0
KENAI;202411151340;21.6;71.3;820.5;1.4;5.0;34;0.0
KENAI;202411151350;20.6;70.7;820.6;1.8;4.7;31;0.0
KENAI;202411151400;19.9;73.2;820.6;2.4;4.5;22;0.0
KENAI;202411151410;21.2;69.9;820.6;1.4;3.5;80;0.0
KENAI;202411151420;21.2;70.7;820.7;2.0;4.1;43;0.0
KENAI;202411151430;20.3;72.5;820.7;1.2;4.9;22;0.0
KENAI;202411151440;20.0;74.4;820.7;1.6;4.1;30;0.0
KENAI;202411151450;19.9;74.7;820.8;2.2;3.2;63;0.0
KENAI;202411151500;20.0;74.6;820.9;1.3;3.5;73;0.0
