872
VRXZ07 LSSW 201608
Station/Location;Date;tre200s0;uor200s0;prestas0;fkl010z0;fkl010z1;dkl010z0;rre150z0
KENAI;202506201410;-;95.4;825.3;0.6;2.1;19;0.1
KENAI;202506201420;-;96.7;825.3;1.0;2.1;53;0.0
KENAI;202506201430;-;96.8;825.3;0.0;2.4;0;0.0
KENAI;202506201440;13.7;96.8;825.6;0.9;1.4;150;0.0
KENAI;202506201450;-;96.9;826.0;0.5;0.9;225;0.1
KENAI;202506201500;-;96.8;825.8;0.8;1.6;296;0.0
KENAI;202506201510;-;96.6;825.9;0.4;1.1;164;0.6
KENAI;202506201520;-;97.1;825.8;0.0;1.0;0;0.3
KENAI;202506201530;-;97.1;825.9;0.0;1.0;0;0.0
KENAI;202506201540;-;97.1;825.9;1.0;1.6;231;0.0
KENAI;202506201550;-;97.1;825.8;1.0;1.6;229;0.0
KENAI;202506201600;-;97.2;825.9;0.7;1.2;224;0.0
