848
VRXZ07 LSSW 172018
Station/Location;Date;tre200s0;uor200s0;prestas0;fkl010z0;fkl010z1;dkl010z0;rre150z0
KENAI;202504171820;20.8;69.6;824.7;2.9;5.6;79;0.0
KENAI;202504171830;20.5;72.9;824.8;3.7;7.2;78;0.0
KENAI;202504171840;20.2;75.4;824.7;1.8;6.5;81;0.0
KENAI;202504171850;20.0;77.0;824.7;1.8;5.1;74;0.0
KENAI;202504171900;19.4;83.0;824.8;1.6;6.7;84;1.4
KENAI;202504171910;18.0;88.4;824.7;3.2;5.1;66;0.0
KENAI;202504171920;17.9;91.3;824.9;2.3;4.0;67;0.0
KENAI;202504171930;17.8;92.2;824.9;1.0;3.7;2;0.0
KENAI;202504171940;17.7;92.3;825.0;1.5;5.5;62;0.0
KENAI;202504171950;17.8;92.8;825.2;2.0;3.0;53;0.0
KENAI;202504172000;17.9;93.3;825.3;1.2;3.7;26;0.0
KENAI;202504172010;17.8;93.0;825.2;3.2;3.9;58;0.0
