993
VRXZ07 LSSW 080428
Station/Location;Date;tre200s0;uor200s0;prestas0;fkl010z0;fkl010z1;dkl010z0;rre150z0
KENAI;202508080230;14.5;86.3;823.2;0.6;1.2;118;0.0
KENAI;202508080240;-;86.7;823.2;0.4;1.2;173;0.0
KENAI;202508080250;-;87.0;823.1;0.7;1.4;138;0.0
KENAI;202508080300;-;87.5;823.2;1.0;1.6;119;0.0
KENAI;202508080310;-;88.0;823.1;0.6;1.0;174;0.0
KENAI;202508080320;14.1;88.5;823.2;0.0;1.5;0;0.0
KENAI;202508080330;-;89.1;823.3;0.3;1.3;170;0.0
KENAI;202508080340;14.1;89.1;823.3;0.8;1.2;182;0.0
KENAI;202508080350;-;89.3;823.4;1.1;1.5;183;0.0
KENAI;202508080400;-;89.0;823.3;1.1;2.1;185;0.0
KENAI;202508080410;-;88.8;823.4;0.4;1.5;244;0.0
KENAI;202508080420;-;88.3;823.5;0.9;1.6;174;0.0
