263
VRXZ07 LSSW 211518
Station/Location;Date;tre200s0;uor200s0;prestas0;fkl010z0;fkl010z1;dkl010z0;rre150z0
KENAI;202502211320;27.7;20.9;820.5;4.3;9.3;79;0.0
KENAI;202502211330;27.9;21.9;820.5;3.8;8.0;71;0.0
KENAI;202502211340;27.8;19.5;820.5;5.4;8.7;76;0.0
KENAI;202502211350;27.9;21.1;820.6;5.8;8.5;56;0.0
KENAI;202502211400;27.6;21.3;820.6;2.9;9.1;101;0.0
KENAI;202502211410;27.4;23.7;820.7;1.2;7.6;30;0.0
KENAI;202502211420;27.0;22.4;820.8;6.2;10.0;55;0.0
KENAI;202502211430;26.8;23.8;820.7;3.6;9.7;66;0.0
KENAI;202502211440;26.5;22.5;820.9;1.1;7.9;35;0.0
KENAI;202502211450;26.1;21.5;820.9;2.8;10.3;78;0.0
KENAI;202502211500;26.0;22.3;820.9;2.0;7.9;357;0.0
KENAI;202502211510;25.6;22.7;821.0;2.9;7.0;54;0.0
