949
VRXZ07 LSSW 180948
Station/Location;Date;tre200s0;uor200s0;prestas0;fkl010z0;fkl010z1;dkl010z0;rre150z0
KENAI;202502180750;23.4;43.7;824.7;2.6;6.6;2;0.0
KENAI;202502180800;23.6;39.4;824.6;2.4;6.5;57;0.0
KENAI;202502180810;23.8;41.0;824.6;2.8;6.9;2;0.0
KENAI;202502180820;24.0;42.8;824.5;2.1;6.1;7;0.0
KENAI;202502180830;24.3;41.9;824.6;2.3;6.6;14;0.0
KENAI;202502180840;24.2;39.8;824.4;3.9;7.7;48;0.0
KENAI;202502180850;24.2;36.7;824.3;2.1;6.6;22;0.0
KENAI;202502180900;24.7;38.7;824.3;3.1;5.8;31;0.0
KENAI;202502180910;24.7;35.4;824.2;2.2;9.0;57;0.0
KENAI;202502180920;25.3;41.0;824.0;2.3;6.5;62;0.0
KENAI;202502180930;25.2;37.6;823.9;2.7;7.3;57;0.0
KENAI;202502180940;25.2;36.3;823.8;5.2;7.6;76;0.0
