288
VRXZ07 LSSW 071428
Station/Location;Date;tre200s0;uor200s0;prestas0;fkl010z0;fkl010z1;dkl010z0;rre150z0
KENAI;202506071230;-;58.9;825.2;1.7;3.9;124;0.0
KENAI;202506071240;21.5;60.6;825.2;1.4;5.9;129;0.0
KENAI;202506071250;-;62.3;825.1;1.1;3.0;113;0.0
KENAI;202506071300;-;58.1;824.9;1.6;4.6;112;0.0
KENAI;202506071310;-;58.1;825.0;1.7;3.8;128;0.0
KENAI;202506071320;-;58.6;825.0;2.8;6.4;147;0.0
KENAI;202506071330;21.2;59.7;825.1;2.3;4.9;125;0.0
KENAI;202506071340;21.2;61.1;825.1;0.8;4.1;145;0.0
KENAI;202506071350;-;58.6;825.1;3.0;4.7;150;0.0
KENAI;202506071400;-;59.0;825.2;1.4;4.5;93;0.0
KENAI;202506071410;22.4;57.9;825.2;1.9;4.6;92;0.0
KENAI;202506071420;22.2;57.4;825.4;1.6;6.4;115;0.0
