619
VRXZ07 LSSW 092208
Station/Location;Date;tre200s0;uor200s0;prestas0;fkl010z0;fkl010z1;dkl010z0;rre150z0
KENAI;202502092010;20.2;54.6;824.3;1.3;2.6;16;0.0
KENAI;202502092020;20.2;55.0;824.1;1.4;3.5;57;0.0
KENAI;202502092030;20.0;56.3;824.2;0.9;3.4;4;0.0
KENAI;202502092040;20.2;55.9;824.0;0.9;4.0;22;0.0
KENAI;202502092050;20.1;56.8;823.9;1.6;3.5;11;0.0
KENAI;202502092100;19.9;58.1;823.8;1.4;3.1;11;0.0
KENAI;202502092110;19.7;59.5;823.7;0.7;2.3;51;0.0
KENAI;202502092120;19.8;59.5;823.6;1.2;2.5;64;0.0
KENAI;202502092130;19.9;60.1;823.5;1.5;3.1;99;0.0
KENAI;202502092140;19.8;60.5;823.3;1.5;3.4;46;0.0
KENAI;202502092150;19.5;61.7;823.1;1.0;3.2;28;0.0
KENAI;202502092200;19.4;62.3;823.2;1.4;3.7;38;0.0
