414
VRXZ07 LSSW 210528
Station/Location;Date;tre200s0;uor200s0;prestas0;fkl010z0;fkl010z1;dkl010z0;rre150z0
KENAI;202502210330;12.6;78.1;823.5;0.4;0.6;175;0.0
KENAI;202502210340;12.5;78.6;823.7;0.7;1.0;194;0.0
KENAI;202502210350;12.5;78.9;823.7;0.7;1.0;200;0.0
KENAI;202502210400;12.7;78.7;823.7;0.4;0.9;229;0.0
KENAI;202502210410;13.2;77.1;823.9;0.4;0.9;236;0.0
KENAI;202502210420;13.9;75.0;824.0;0.4;0.7;201;0.0
KENAI;202502210430;15.3;70.7;824.1;0.3;0.9;217;0.0
KENAI;202502210440;16.5;70.1;824.2;0.4;0.9;154;0.0
KENAI;202502210450;18.0;65.9;824.4;0.4;1.0;130;0.0
KENAI;202502210500;19.1;58.7;824.6;1.0;1.7;27;0.0
KENAI;202502210510;-;-;-;-;3.4;-;-
KENAI;202502210520;19.8;56.1;824.7;0.9;3.1;55;0.0
