783
VRXZ07 LSSW 091008
Station/Location;Date;tre200s0;uor200s0;prestas0;fkl010z0;fkl010z1;dkl010z0;rre150z0
KENAI;202504090810;24.1;62.8;826.5;0.4;3.6;78;0.0
KENAI;202504090820;23.8;62.2;826.4;0.7;3.9;257;0.0
KENAI;202504090830;24.5;60.6;826.3;0.7;2.9;251;0.0
KENAI;202504090840;24.7;62.8;826.2;1.8;3.6;342;0.0
KENAI;202504090850;24.8;59.8;826.0;0.8;2.8;321;0.0
KENAI;202504090900;25.5;60.6;825.8;1.7;4.0;112;0.0
KENAI;202504090910;24.8;56.4;825.6;0.6;4.1;61;0.0
KENAI;202504090920;25.3;53.4;825.5;2.8;3.8;31;0.0
KENAI;202504090930;25.4;59.7;825.3;2.2;4.1;21;0.0
KENAI;202504090940;25.3;51.8;825.2;0.9;5.0;131;0.0
KENAI;202504090950;26.1;52.7;825.0;2.7;5.2;118;0.0
KENAI;202504091000;25.8;50.5;824.8;1.2;4.9;261;0.0
