549
VRXZ07 LSSW 271148
Station/Location;Date;tre200s0;uor200s0;prestas0;fkl010z0;fkl010z1;dkl010z0;rre150z0
KENAI;202503270950;21.9;73.2;822.5;0.6;4.6;217;0.0
KENAI;202503271000;21.7;69.3;822.3;1.1;4.2;14;0.0
KENAI;202503271010;22.2;70.3;822.0;0.6;5.3;16;0.0
KENAI;202503271020;23.1;70.1;821.7;4.2;6.2;15;0.0
KENAI;202503271030;22.6;69.8;821.5;2.9;4.6;95;0.0
KENAI;202503271040;22.9;64.5;821.3;0.8;5.0;40;0.0
KENAI;202503271050;23.0;67.5;821.2;3.6;5.4;9;0.0
KENAI;202503271100;23.2;63.5;821.0;2.5;6.0;78;0.0
KENAI;202503271110;23.2;61.3;820.9;1.5;5.9;56;0.0
KENAI;202503271120;23.6;62.3;820.6;2.2;5.9;350;0.0
KENAI;202503271130;23.4;62.7;820.5;2.9;5.9;29;0.0
KENAI;202503271140;23.2;62.5;820.5;2.7;6.0;9;0.0
