643
VRXZ07 LSSW 220918
Station/Location;Date;tre200s0;uor200s0;prestas0;fkl010z0;fkl010z1;dkl010z0;rre150z0
KENAI;202411220720;21.5;70.2;824.7;3.2;4.7;333;0.0
KENAI;202411220730;21.2;72.3;824.8;1.4;4.3;57;0.0
KENAI;202411220740;20.5;72.7;824.7;3.2;5.7;20;0.0
KENAI;202411220750;21.1;71.7;824.6;2.0;5.0;20;0.0
KENAI;202411220800;21.2;72.1;824.6;2.2;4.9;31;0.0
KENAI;202411220810;21.5;69.8;824.5;1.3;4.3;45;0.0
KENAI;202411220820;21.5;70.6;824.3;3.1;5.2;22;0.0
KENAI;202411220830;22.3;70.4;824.3;2.3;4.9;30;0.0
KENAI;202411220840;22.5;66.8;824.1;3.2;5.6;38;0.0
KENAI;202411220850;23.4;66.3;823.9;4.4;6.9;76;0.0
KENAI;202411220900;23.0;66.0;823.7;3.2;5.8;78;0.0
KENAI;202411220910;23.3;63.4;823.4;4.4;5.1;65;0.0
