174
VRXZ07 LSSW 100548
Station/Location;Date;tre200s0;uor200s0;prestas0;fkl010z0;fkl010z1;dkl010z0;rre150z0
KENAI;202506100350;-;93.6;826.3;0.6;2.1;166;0.0
KENAI;202506100400;-;93.7;826.4;1.5;2.5;163;0.0
KENAI;202506100410;-;93.0;826.4;0.5;1.7;225;0.0
KENAI;202506100420;-;92.7;826.6;0.8;2.0;232;0.0
KENAI;202506100430;-;91.3;826.6;1.0;2.2;226;0.0
KENAI;202506100440;-;86.4;826.6;1.6;2.6;271;0.0
KENAI;202506100450;-;84.3;826.6;0.8;2.6;247;0.0
KENAI;202506100500;15.0;84.8;826.8;1.3;2.6;273;0.0
KENAI;202506100510;-;87.2;826.9;0.7;2.7;224;0.0
KENAI;202506100520;14.9;86.0;827.0;0.4;2.6;201;0.0
KENAI;202506100530;15.8;84.7;827.1;0.0;1.7;0;0.0
KENAI;202506100540;16.7;79.7;827.0;2.6;3.1;203;0.0
