181
VRXZ07 LSSW 072318
Station/Location;Date;tre200s0;uor200s0;prestas0;fkl010z0;fkl010z1;dkl010z0;rre150z0
KENAI;202412072120;17.5;78.0;825.4;2.1;4.3;52;0.0
KENAI;202412072130;17.4;78.5;825.5;1.8;4.9;47;0.0
KENAI;202412072140;17.3;79.1;825.5;2.6;4.5;61;0.0
KENAI;202412072150;17.3;79.8;825.4;2.2;4.4;14;0.0
KENAI;202412072200;17.3;80.1;825.3;2.5;3.6;47;0.0
KENAI;202412072210;17.2;80.5;825.2;2.5;3.9;55;0.0
KENAI;202412072220;17.1;80.8;825.2;1.5;3.9;42;0.0
KENAI;202412072230;17.1;80.9;825.1;0.8;3.7;39;0.0
KENAI;202412072240;17.0;81.6;825.1;1.0;3.6;65;0.0
KENAI;202412072250;17.0;81.7;824.9;2.1;3.3;27;0.0
KENAI;202412072300;16.9;82.4;824.9;1.3;3.6;26;0.0
KENAI;202412072310;16.9;82.3;824.9;1.7;3.4;38;0.0
