809
VRXZ07 LSSW 231838
Station/Location;Date;tre200s0;uor200s0;prestas0;fkl010z0;fkl010z1;dkl010z0;rre150z0
KENAI;202502231640;22.8;41.8;823.6;1.5;5.1;52;0.0
KENAI;202502231650;22.5;43.1;823.7;3.4;6.2;47;0.0
KENAI;202502231700;22.3;44.4;823.8;1.7;5.2;68;0.0
KENAI;202502231710;22.2;44.8;823.9;2.7;5.5;9;0.0
KENAI;202502231720;22.0;46.6;824.2;1.6;5.8;41;0.0
KENAI;202502231730;21.7;48.2;824.2;2.4;7.4;41;0.0
KENAI;202502231740;21.6;49.3;824.5;1.5;5.9;11;0.0
KENAI;202502231750;21.5;50.2;824.5;1.6;5.3;16;0.0
KENAI;202502231800;21.4;50.6;824.6;2.1;5.9;7;0.0
KENAI;202502231810;21.1;51.6;824.7;2.2;5.9;10;0.0
KENAI;202502231820;20.9;52.0;824.9;2.4;6.2;4;0.0
KENAI;202502231830;20.8;52.2;825.0;2.7;5.4;49;0.0
