994
VRXZ07 LSSW 280538
Station/Location;Date;tre200s0;uor200s0;prestas0;fkl010z0;fkl010z1;dkl010z0;rre150z0
KENAI;202507280340;-;90.0;828.0;0.0;0.7;0;0.0
KENAI;202507280350;-;88.9;828.2;0.9;1.1;273;0.0
KENAI;202507280400;-;88.5;828.2;0.3;0.8;140;0.0
KENAI;202507280410;11.5;87.6;828.3;0.0;0.7;0;0.0
KENAI;202507280420;-;84.6;828.4;1.2;1.5;299;0.0
KENAI;202507280430;12.8;83.3;828.4;0.8;2.0;16;0.0
KENAI;202507280440;-;82.5;828.5;0.0;1.9;0;0.0
KENAI;202507280450;-;81.8;828.6;1.2;1.8;212;0.0
KENAI;202507280500;13.0;81.7;828.7;0.7;1.1;181;0.0
KENAI;202507280510;-;81.5;828.6;0.0;1.3;0;0.0
KENAI;202507280520;-;82.0;828.8;0.6;1.5;248;0.0
KENAI;202507280530;-;80.6;829.0;0.6;1.5;195;0.0
