501
VRXZ07 LSSW 110618
Station/Location;Date;tre200s0;uor200s0;prestas0;fkl010z0;fkl010z1;dkl010z0;rre150z0
KENAI;202508110420;-;89.3;825.3;0.4;1.3;120;0.0
KENAI;202508110430;-;89.2;825.4;0.5;1.0;68;0.0
KENAI;202508110440;13.3;88.8;825.4;1.0;1.4;75;0.0
KENAI;202508110450;-;88.4;825.5;1.3;1.8;134;0.0
KENAI;202508110500;13.4;87.3;825.7;1.7;2.6;110;0.0
KENAI;202508110510;-;87.1;825.8;1.3;2.2;113;0.0
KENAI;202508110520;-;87.3;826.0;1.1;2.4;115;0.0
KENAI;202508110530;13.5;87.3;826.1;1.7;2.6;136;0.0
KENAI;202508110540;-;85.5;826.2;1.6;2.7;130;0.0
KENAI;202508110550;-;84.7;826.2;0.5;2.1;133;0.0
KENAI;202508110600;-;81.1;826.3;1.0;2.1;176;0.0
KENAI;202508110610;-;80.1;826.4;1.8;2.1;92;0.0
