085
VRXZ07 LSSW 060638
Station/Location;Date;tre200s0;uor200s0;prestas0;fkl010z0;fkl010z1;dkl010z0;rre150z0
KENAI;202504060440;16.4;97.4;824.3;0.6;2.9;84;0.0
KENAI;202504060450;16.4;97.4;824.4;1.5;3.0;67;0.0
KENAI;202504060500;16.5;96.9;824.5;1.4;3.5;52;0.0
KENAI;202504060510;16.6;97.0;824.5;2.0;3.6;85;0.0
KENAI;202504060520;16.7;96.8;824.5;1.9;3.2;12;0.0
KENAI;202504060530;16.7;96.1;824.6;2.0;4.9;47;0.0
KENAI;202504060540;17.0;96.3;824.7;1.0;2.7;359;0.0
KENAI;202504060550;17.1;95.1;824.7;1.8;4.4;41;0.0
KENAI;202504060600;17.1;94.5;824.8;1.2;6.2;14;0.0
KENAI;202504060610;17.4;94.3;824.8;4.2;5.6;14;0.0
KENAI;202504060620;18.1;92.4;824.9;2.1;3.9;37;0.0
KENAI;202504060630;18.6;88.5;824.8;1.1;4.3;27;0.0
