251
VRXZ07 LSSW 150048
Station/Location;Date;tre200s0;uor200s0;prestas0;fkl010z0;fkl010z1;dkl010z0;rre150z0
KENAI;202504142250;17.8;89.5;824.4;1.1;1.7;63;0.0
KENAI;202504142300;17.6;90.4;824.3;1.1;2.0;25;0.0
KENAI;202504142310;17.5;90.2;824.3;1.2;2.2;49;0.0
KENAI;202504142320;17.6;90.3;824.1;1.2;3.8;54;0.0
KENAI;202504142330;17.4;91.1;824.1;1.0;2.4;60;0.0
KENAI;202504142340;17.6;90.6;824.1;0.7;3.8;36;0.0
KENAI;202504142350;17.6;90.9;824.0;2.5;3.8;68;0.0
KENAI;202504150000;17.5;91.2;823.9;1.2;3.0;26;0.0
KENAI;202504150010;17.3;91.9;823.9;1.7;4.3;26;0.0
KENAI;202504150020;17.2;92.1;823.9;1.7;3.2;49;0.0
KENAI;202504150030;17.1;92.5;823.9;0.8;2.5;14;0.0
KENAI;202504150040;17.0;92.1;823.9;0.6;1.6;44;0.0
