579
VRXZ07 LSSW 211118
Station/Location;Date;tre200s0;uor200s0;prestas0;fkl010z0;fkl010z1;dkl010z0;rre150z0
KENAI;202506210920;-;55.1;826.0;1.1;3.0;40;0.0
KENAI;202506210930;24.6;59.2;825.8;1.1;3.7;144;0.0
KENAI;202506210940;23.3;58.8;825.7;1.1;3.7;173;0.0
KENAI;202506210950;22.9;60.5;825.6;1.5;2.7;92;0.0
KENAI;202506211000;-;61.9;825.5;1.2;2.6;85;0.0
KENAI;202506211010;-;53.2;825.2;0.0;3.3;0;0.0
KENAI;202506211020;24.0;56.7;825.2;2.0;3.8;224;0.0
KENAI;202506211030;-;59.6;825.1;1.0;4.0;152;0.0
KENAI;202506211040;-;60.0;825.0;1.3;2.6;186;0.0
KENAI;202506211050;-;62.6;824.9;1.4;2.9;87;0.0
KENAI;202506211100;-;56.3;824.7;2.4;3.9;66;0.0
KENAI;202506211110;25.1;60.1;824.6;1.3;5.0;93;0.0
