428
VRXZ07 LSSW 041548
Station/Location;Date;tre200s0;uor200s0;prestas0;fkl010z0;fkl010z1;dkl010z0;rre150z0
KENAI;202508041350;-;40.9;824.3;0.4;2.2;352;0.0
KENAI;202508041400;24.3;40.7;824.2;1.2;2.2;97;0.0
KENAI;202508041410;23.6;41.2;824.3;1.5;3.1;85;0.0
KENAI;202508041420;23.4;41.6;824.3;2.0;3.5;77;0.0
KENAI;202508041430;23.2;41.8;824.3;0.9;3.0;55;0.0
KENAI;202508041440;22.8;43.0;824.5;1.5;2.5;57;0.0
KENAI;202508041450;-;45.4;824.5;1.1;2.4;82;0.0
KENAI;202508041500;-;45.2;824.6;0.8;1.8;123;0.0
KENAI;202508041510;21.9;46.7;824.7;1.4;3.4;57;0.0
KENAI;202508041520;21.3;51.7;824.8;1.0;3.5;62;0.0
KENAI;202508041530;-;54.4;824.9;1.1;3.6;77;0.0
KENAI;202508041540;-;56.1;825.0;3.3;4.4;20;0.0
