230
VRXZ07 LSSW 290658
Station/Location;Date;tre200s0;uor200s0;prestas0;fkl010z0;fkl010z1;dkl010z0;rre150z0
KENAI;202504290500;18.1;87.8;823.2;0.4;2.5;150;0.0
KENAI;202504290510;18.3;88.2;823.2;0.4;1.5;138;0.0
KENAI;202504290520;18.5;86.3;823.3;0.8;1.9;130;0.0
KENAI;202504290530;18.5;85.4;823.5;0.5;2.2;166;0.0
KENAI;202504290540;-;84.5;823.3;1.0;2.2;132;0.0
KENAI;202504290550;19.5;81.1;823.4;0.6;2.6;196;0.0
KENAI;202504290600;20.5;77.4;823.4;0.9;2.2;67;0.0
KENAI;202504290610;20.9;77.3;823.4;1.4;2.0;174;0.0
KENAI;202504290620;21.3;71.8;823.4;1.0;1.9;110;0.0
KENAI;202504290630;-;69.8;823.4;1.5;3.0;49;0.0
KENAI;202504290640;22.0;63.4;823.5;1.7;3.1;39;0.0
KENAI;202504290650;22.4;61.3;823.7;1.8;3.8;48;0.0
