693
VRXZ07 LSSW 162318
Station/Location;Date;tre200s0;uor200s0;prestas0;fkl010z0;fkl010z1;dkl010z0;rre150z0
KENAI;202504162120;18.3;88.6;824.9;2.7;4.7;16;0.0
KENAI;202504162130;18.2;89.0;824.8;3.2;4.3;85;0.0
KENAI;202504162140;18.2;89.4;824.7;1.4;3.1;74;0.0
KENAI;202504162150;18.2;89.3;824.6;2.1;3.5;72;0.0
KENAI;202504162200;18.0;89.5;824.6;0.6;2.9;122;0.0
KENAI;202504162210;18.1;89.7;824.6;1.1;3.0;56;0.0
KENAI;202504162220;18.0;89.5;824.4;1.5;3.2;78;0.0
KENAI;202504162230;17.8;89.7;824.1;1.5;3.0;81;0.0
KENAI;202504162240;17.7;90.1;823.9;1.7;2.6;38;0.0
KENAI;202504162250;17.7;90.6;823.9;1.0;2.2;18;0.0
KENAI;202504162300;17.7;90.3;823.9;1.0;2.8;54;0.0
KENAI;202504162310;17.7;91.2;823.9;0.8;2.4;358;0.0
