230
VRXZ07 LSSW 200428
Station/Location;Date;tre200s0;uor200s0;prestas0;fkl010z0;fkl010z1;dkl010z0;rre150z0
KENAI;202502200230;14.4;79.4;823.3;0.0;0.7;0;0.0
KENAI;202502200240;14.1;81.0;823.3;0.3;0.6;213;0.0
KENAI;202502200250;14.1;81.4;823.3;0.4;0.7;227;0.0
KENAI;202502200300;14.1;80.8;823.4;0.4;0.9;201;0.0
KENAI;202502200310;13.7;82.6;823.4;0.0;0.7;0;0.0
KENAI;202502200320;13.9;82.2;823.4;0.4;0.7;225;0.0
KENAI;202502200330;13.8;82.8;823.4;0.5;0.8;253;0.0
KENAI;202502200340;13.6;83.2;823.6;0.6;0.7;223;0.0
KENAI;202502200350;13.3;83.8;823.6;0.5;0.8;244;0.0
KENAI;202502200400;13.8;82.1;823.8;0.4;0.7;227;0.0
KENAI;202502200410;14.2;80.9;823.8;0.6;0.7;208;0.0
KENAI;202502200420;15.3;77.2;823.8;0.4;0.7;228;0.0
