677
VRXZ07 LSSW 181458
Station/Location;Date;tre200s0;uor200s0;prestas0;fkl010z0;fkl010z1;dkl010z0;rre150z0
KENAI;202411181300;25.4;40.1;821.5;2.5;5.4;82;0.0
KENAI;202411181310;25.5;42.4;821.6;2.5;4.2;108;0.0
KENAI;202411181320;25.7;41.7;821.6;1.6;4.4;54;0.0
KENAI;202411181330;26.1;40.4;821.7;2.7;4.2;64;0.0
KENAI;202411181340;25.6;41.3;821.6;0.9;5.1;27;0.0
KENAI;202411181350;25.8;41.3;821.6;1.8;4.5;100;0.0
KENAI;202411181400;25.3;39.5;821.5;2.1;4.2;102;0.0
KENAI;202411181410;25.3;41.7;821.6;2.5;4.1;56;0.0
KENAI;202411181420;25.1;44.1;821.5;1.8;5.2;34;0.0
KENAI;202411181430;24.7;44.3;821.6;2.4;3.8;58;0.0
KENAI;202411181440;24.2;45.2;821.7;2.7;4.6;42;0.0
KENAI;202411181450;23.9;47.3;821.7;2.3;5.5;41;0.0
