158
VRXZ07 LSSW 210208
Station/Location;Date;tre200s0;uor200s0;prestas0;fkl010z0;fkl010z1;dkl010z0;rre150z0
KENAI;202411210010;17.2;92.5;822.7;1.5;4.0;55;0.0
KENAI;202411210020;17.3;92.5;822.5;1.8;3.5;11;0.0
KENAI;202411210030;17.3;92.2;822.6;0.6;4.0;54;0.0
KENAI;202411210040;17.3;92.3;822.5;1.7;3.3;30;0.0
KENAI;202411210050;17.3;91.5;822.7;2.2;3.5;58;0.0
KENAI;202411210100;17.2;91.7;822.8;1.3;3.2;40;0.0
KENAI;202411210110;17.3;91.5;822.9;1.2;2.6;49;0.0
KENAI;202411210120;17.3;91.4;822.9;1.7;3.0;28;0.0
KENAI;202411210130;17.3;90.9;823.2;0.9;2.2;1;0.0
KENAI;202411210140;17.3;90.8;823.1;1.3;2.6;11;0.0
KENAI;202411210150;17.3;90.6;823.4;0.4;3.0;344;0.0
KENAI;202411210200;17.3;90.7;823.4;0.6;3.5;41;0.0
