165
VRXZ07 LSSW 101248
Station/Location;Date;tre200s0;uor200s0;prestas0;fkl010z0;fkl010z1;dkl010z0;rre150z0
KENAI;202506101050;23.2;43.5;825.3;2.3;7.4;196;0.0
KENAI;202506101100;23.4;40.1;825.1;3.8;5.4;77;0.0
KENAI;202506101110;23.8;44.8;824.9;2.2;5.0;66;0.0
KENAI;202506101120;23.9;43.3;824.8;1.8;5.2;69;0.0
KENAI;202506101130;23.9;41.9;824.5;0.9;5.7;56;0.0
KENAI;202506101140;23.8;45.4;824.5;2.8;5.8;151;0.0
KENAI;202506101150;23.8;45.0;824.4;1.0;7.0;125;0.0
KENAI;202506101200;23.9;45.1;824.3;1.3;5.3;191;0.0
KENAI;202506101210;-;43.7;824.3;1.0;5.6;137;0.0
KENAI;202506101220;24.3;44.5;824.2;2.2;4.9;165;0.0
KENAI;202506101230;-;44.6;824.1;3.6;5.4;77;0.0
KENAI;202506101240;24.2;46.4;824.1;2.8;5.6;79;0.0
