060
VRXZ07 LSSW 211048
Station/Location;Date;tre200s0;uor200s0;prestas0;fkl010z0;fkl010z1;dkl010z0;rre150z0
KENAI;202504210850;23.5;64.5;823.9;1.7;3.4;139;0.0
KENAI;202504210900;23.2;64.5;823.8;0.5;3.5;85;0.0
KENAI;202504210910;24.1;62.0;823.6;0.9;2.8;238;0.0
KENAI;202504210920;23.3;64.6;823.4;1.9;3.7;225;0.0
KENAI;202504210930;23.8;61.6;823.3;2.2;3.4;167;0.0
KENAI;202504210940;24.7;63.8;823.0;0.9;3.7;17;0.0
KENAI;202504210950;24.9;59.2;822.8;1.4;2.8;194;0.0
KENAI;202504211000;25.0;55.9;822.7;1.0;4.1;158;0.0
KENAI;202504211010;25.3;53.2;822.5;1.4;3.9;36;0.0
KENAI;202504211020;25.1;53.0;822.2;1.7;4.4;197;0.0
KENAI;202504211030;25.3;51.8;822.0;2.0;5.0;151;0.0
KENAI;202504211040;25.3;54.5;821.8;2.5;5.2;132;0.0
