681
VRXZ07 LSSW 111628
Station/Location;Date;tre200s0;uor200s0;prestas0;fkl010z0;fkl010z1;dkl010z0;rre150z0
KENAI;202508111430;-;62.6;823.4;1.2;4.5;56;0.0
KENAI;202508111440;-;62.6;823.3;2.4;3.9;27;0.0
KENAI;202508111450;-;63.5;823.3;3.0;4.5;60;0.0
KENAI;202508111500;-;64.1;823.4;4.0;4.5;45;0.0
KENAI;202508111510;-;64.9;823.4;1.9;5.0;73;0.0
KENAI;202508111520;18.9;65.5;823.5;1.5;5.6;69;0.0
KENAI;202508111530;-;66.6;823.7;2.9;5.0;77;0.0
KENAI;202508111540;-;67.4;823.7;3.3;4.3;95;0.0
KENAI;202508111550;-;67.8;823.9;2.4;4.9;6;0.0
KENAI;202508111600;-;68.2;824.0;2.3;5.4;109;0.0
KENAI;202508111610;-;68.6;824.0;3.3;3.9;71;0.0
KENAI;202508111620;-;69.2;824.1;1.5;4.4;36;0.0
