783
VRXZ07 LSSW 072158
Station/Location;Date;tre200s0;uor200s0;prestas0;fkl010z0;fkl010z1;dkl010z0;rre150z0
KENAI;202506072000;16.5;79.5;827.5;0.6;1.1;128;0.0
KENAI;202506072010;16.7;78.8;827.5;0.7;0.9;88;0.0
KENAI;202506072020;16.4;79.8;827.5;0.7;1.4;187;0.0
KENAI;202506072030;-;80.8;827.4;0.7;1.2;174;0.0
KENAI;202506072040;-;81.0;827.4;0.6;1.0;153;0.0
KENAI;202506072050;15.9;81.5;827.5;0.0;1.1;0;0.0
KENAI;202506072100;-;82.0;827.5;0.5;1.0;254;0.0
KENAI;202506072110;-;83.2;827.4;0.6;1.1;154;0.0
KENAI;202506072120;15.9;82.8;827.4;0.0;0.7;0;0.0
KENAI;202506072130;-;83.2;827.2;0.4;1.0;286;0.0
KENAI;202506072140;-;83.8;827.2;0.0;0.7;0;0.0
KENAI;202506072150;-;84.5;827.2;0.0;0.5;0;0.0
