922
VRXZ07 LSSW 251058
Station/Location;Date;tre200s0;uor200s0;prestas0;fkl010z0;fkl010z1;dkl010z0;rre150z0
KENAI;202411250900;23.2;65.0;823.6;2.1;3.3;65;0.0
KENAI;202411250910;22.7;69.5;823.5;1.0;3.0;107;0.0
KENAI;202411250920;23.6;61.1;823.3;0.4;3.8;357;0.0
KENAI;202411250930;21.9;70.8;823.2;2.7;3.9;299;0.0
KENAI;202411250940;20.9;74.5;822.9;2.1;4.3;239;0.0
KENAI;202411250950;19.6;79.8;822.9;1.4;4.1;219;5.7
KENAI;202411251000;16.9;93.1;822.9;3.9;5.6;24;14.8
KENAI;202411251010;15.5;96.5;823.0;2.9;3.7;217;11.8
KENAI;202411251020;-;-;-;-;4.7;-;-
KENAI;202411251030;-;-;-;-;2.6;-;-
KENAI;202411251040;15.1;98.3;823.2;1.1;2.8;95;10.0
KENAI;202411251050;15.0;98.3;822.9;1.2;2.6;45;7.9
