266
VRXZ07 LSSW 091158
Station/Location;Date;tre200s0;uor200s0;prestas0;fkl010z0;fkl010z1;dkl010z0;rre150z0
KENAI;202508091000;-;82.0;826.1;1.6;2.3;23;0.0
KENAI;202508091010;15.9;81.4;826.1;1.0;2.9;55;0.0
KENAI;202508091020;-;81.1;826.0;1.6;2.5;47;0.0
KENAI;202508091030;16.4;78.6;825.8;0.6;3.4;132;0.0
KENAI;202508091040;-;78.1;825.6;2.1;2.8;89;0.0
KENAI;202508091050;16.7;78.3;825.4;0.0;3.3;0;0.0
KENAI;202508091100;-;76.3;825.2;2.4;3.8;53;0.0
KENAI;202508091110;17.5;75.9;825.1;2.2;3.2;19;0.0
KENAI;202508091120;17.7;74.6;824.9;2.9;3.7;60;0.0
KENAI;202508091130;18.0;73.9;824.8;1.0;2.8;337;0.0
KENAI;202508091140;-;72.6;824.7;0.9;2.6;358;0.0
KENAI;202508091150;18.3;71.6;824.7;1.1;3.0;77;0.0
