284
VRXZ07 LSSW 032038
Station/Location;Date;tre200s0;uor200s0;prestas0;fkl010z0;fkl010z1;dkl010z0;rre150z0
KENAI;202506031840;-;76.8;826.3;1.4;2.9;27;0.0
KENAI;202506031850;-;77.9;826.3;0.7;2.3;49;0.0
KENAI;202506031900;-;78.1;826.2;0.5;2.2;68;0.0
KENAI;202506031910;-;77.0;826.0;1.4;3.3;76;0.0
KENAI;202506031920;-;75.7;826.1;0.9;2.6;61;0.0
KENAI;202506031930;-;75.4;826.1;1.7;2.8;66;0.0
KENAI;202506031940;-;74.2;826.1;1.4;4.4;52;0.0
KENAI;202506031950;-;73.2;826.2;2.4;3.4;51;0.0
KENAI;202506032000;-;73.3;826.2;1.6;3.5;23;0.0
KENAI;202506032010;-;73.9;826.2;1.8;4.1;37;0.0
KENAI;202506032020;-;74.3;826.3;1.5;4.2;42;0.0
KENAI;202506032030;-;74.6;826.3;1.9;4.7;28;0.0
