993
VRXZ07 LSSW 241508
Station/Location;Date;tre200s0;uor200s0;prestas0;fkl010z0;fkl010z1;dkl010z0;rre150z0
KENAI;202502241310;27.2;36.2;821.9;4.7;7.6;10;0.0
KENAI;202502241320;26.8;37.9;822.0;2.1;8.1;46;0.0
KENAI;202502241330;27.0;36.9;821.8;3.7;6.4;16;0.0
KENAI;202502241340;26.5;38.4;822.1;5.2;7.2;12;0.0
KENAI;202502241350;26.7;38.9;822.3;1.9;6.7;46;0.0
KENAI;202502241400;27.1;38.6;822.4;2.1;6.0;23;0.0
KENAI;202502241410;26.6;38.4;822.4;6.0;7.7;72;0.0
KENAI;202502241420;25.8;38.5;822.3;3.6;7.6;59;0.0
KENAI;202502241430;25.9;39.0;822.3;1.7;7.7;75;0.0
KENAI;202502241440;25.3;39.3;822.3;5.0;7.8;61;0.0
KENAI;202502241450;25.4;38.7;822.4;4.6;7.6;44;0.0
KENAI;202502241500;25.0;38.3;822.5;2.4;9.0;342;0.0
