945
VRXZ07 LSSW 251458
Station/Location;Date;tre200s0;uor200s0;prestas0;fkl010z0;fkl010z1;dkl010z0;rre150z0
KENAI;202503251300;25.8;51.7;821.5;3.8;5.9;8;0.0
KENAI;202503251310;25.6;52.7;821.3;3.0;5.2;19;0.0
KENAI;202503251320;25.5;52.0;821.2;3.1;5.6;59;0.0
KENAI;202503251330;25.3;52.3;821.2;2.5;6.1;23;0.0
KENAI;202503251340;25.0;54.1;821.2;1.3;5.3;14;0.0
KENAI;202503251350;24.7;54.3;821.4;2.7;5.8;44;0.0
KENAI;202503251400;24.4;56.2;821.5;1.0;4.6;36;0.0
KENAI;202503251410;24.7;55.9;821.5;2.2;5.2;45;0.0
KENAI;202503251420;24.4;56.2;821.5;2.0;5.1;81;0.0
KENAI;202503251430;24.0;55.7;821.6;1.2;4.1;24;0.0
KENAI;202503251440;24.2;54.5;821.6;1.0;5.2;44;0.0
KENAI;202503251450;24.1;54.3;821.7;2.7;5.6;55;0.0
