225
VRXZ07 LSSW 081618
Station/Location;Date;tre200s0;uor200s0;prestas0;fkl010z0;fkl010z1;dkl010z0;rre150z0
KENAI;202503081420;27.0;41.5;818.9;1.5;5.7;44;0.0
KENAI;202503081430;26.5;43.1;818.9;3.2;6.3;61;0.0
KENAI;202503081440;26.0;44.5;819.1;1.9;6.2;51;0.0
KENAI;202503081450;25.9;46.0;819.3;1.4;3.8;20;0.0
KENAI;202503081500;25.6;46.4;819.1;3.5;5.7;37;0.0
KENAI;202503081510;25.3;47.6;819.3;2.9;6.3;56;0.0
KENAI;202503081520;25.0;48.6;819.2;2.9;5.4;46;0.0
KENAI;202503081530;24.8;-;819.3;2.4;6.2;-;0.0
KENAI;202503081540;24.7;49.2;819.4;2.0;5.2;34;0.0
KENAI;202503081550;24.6;49.8;819.6;2.3;4.7;5;0.0
KENAI;202503081600;24.4;50.5;819.8;4.3;5.0;8;0.0
KENAI;202503081610;24.3;50.7;820.1;1.9;5.6;40;0.0
