123
VRXZ07 LSSW 151958
Station/Location;Date;tre200s0;uor200s0;prestas0;fkl010z0;fkl010z1;dkl010z0;rre150z0
KENAI;202506151800;-;64.0;826.7;0.4;2.0;139;0.0
KENAI;202506151810;-;64.5;826.7;0.8;1.9;133;0.0
KENAI;202506151820;-;64.0;826.7;0.9;2.3;140;0.0
KENAI;202506151830;17.8;64.0;826.8;0.5;1.2;130;0.0
KENAI;202506151840;-;64.0;826.9;0.0;0.6;0;0.0
KENAI;202506151850;-;65.0;827.0;0.4;0.8;326;0.0
KENAI;202506151900;-;64.9;827.0;0.0;0.5;0;0.0
KENAI;202506151910;17.7;68.3;827.2;0.3;0.4;108;0.0
KENAI;202506151920;-;66.8;827.2;0.5;0.5;129;0.0
KENAI;202506151930;-;67.0;827.1;0.8;1.7;163;0.0
KENAI;202506151940;-;66.1;827.1;1.1;2.1;174;0.0
KENAI;202506151950;17.4;64.4;827.1;1.3;2.3;148;0.0
