461
VRXZ07 LSSW 101548
Station/Location;Date;tre200s0;uor200s0;prestas0;fkl010z0;fkl010z1;dkl010z0;rre150z0
KENAI;202508101350;-;53.3;822.9;1.4;4.1;19;0.0
KENAI;202508101400;-;53.2;822.9;3.4;4.2;54;0.0
KENAI;202508101410;22.4;55.9;822.9;0.8;4.2;4;0.0
KENAI;202508101420;-;53.5;822.9;3.1;4.7;3;0.0
KENAI;202508101430;22.3;54.5;823.1;2.7;3.4;10;0.0
KENAI;202508101440;21.9;55.8;823.1;1.6;4.7;15;0.0
KENAI;202508101450;21.6;57.5;823.3;2.2;5.5;11;0.0
KENAI;202508101500;-;58.0;823.5;1.4;4.1;41;0.0
KENAI;202508101510;21.2;58.8;823.4;1.1;3.3;340;0.0
KENAI;202508101520;20.9;59.6;823.5;2.4;3.9;20;0.0
KENAI;202508101530;20.7;61.4;823.5;0.7;3.8;17;0.0
KENAI;202508101540;-;62.5;823.6;1.6;3.0;14;0.0
