985
VRXZ07 LSSW 091828
Station/Location;Date;tre200s0;uor200s0;prestas0;fkl010z0;fkl010z1;dkl010z0;rre150z0
KENAI;202503091630;23.3;60.5;820.9;0.8;2.5;260;0.0
KENAI;202503091640;23.0;62.0;821.2;1.0;2.7;135;0.0
KENAI;202503091650;21.0;70.5;821.3;2.3;6.8;136;0.0
KENAI;202503091700;20.6;74.0;821.7;3.1;5.4;96;0.1
KENAI;202503091710;19.1;83.6;822.1;2.1;4.9;41;2.3
KENAI;202503091720;18.3;86.7;822.7;1.1;3.4;59;3.3
KENAI;202503091730;17.2;90.0;822.5;1.4;3.4;257;10.9
KENAI;202503091740;-;-;-;-;2.9;-;-
KENAI;202503091750;16.9;94.0;822.3;0.6;5.1;244;0.7
KENAI;202503091800;17.1;93.7;822.6;2.6;3.8;279;0.2
KENAI;202503091810;17.1;91.8;822.6;1.3;2.9;289;1.6
KENAI;202503091820;17.1;92.0;822.6;1.3;3.3;270;1.1
