900
VRXZ07 LSSW 030218
Station/Location;Date;tre200s0;uor200s0;prestas0;fkl010z0;fkl010z1;dkl010z0;rre150z0
KENAI;202503030020;17.3;84.0;822.9;2.1;4.7;60;0.0
KENAI;202503030030;17.2;84.5;822.9;2.8;4.8;70;0.0
KENAI;202503030040;17.1;84.6;822.8;1.3;3.5;35;0.0
KENAI;202503030050;17.2;84.4;823.0;1.2;5.9;48;0.0
KENAI;202503030100;17.1;84.1;822.9;1.2;4.0;19;0.0
KENAI;202503030110;17.0;84.1;822.9;2.5;4.2;37;0.0
KENAI;202503030120;17.0;84.2;823.0;1.1;4.3;325;0.0
KENAI;202503030130;17.0;84.3;823.2;0.5;3.5;47;0.0
KENAI;202503030140;16.9;85.2;823.3;1.1;3.0;11;0.0
KENAI;202503030150;16.7;85.5;823.3;1.4;2.5;3;0.0
KENAI;202503030200;16.5;86.1;823.1;1.5;3.0;15;0.0
KENAI;202503030210;16.4;86.7;823.2;0.9;3.2;24;0.0
