260
VRXZ07 LSSW 251608
Station/Location;Date;tre200s0;uor200s0;prestas0;fkl010z0;fkl010z1;dkl010z0;rre150z0
KENAI;202504251410;22.7;54.7;822.2;1.5;6.5;79;0.0
KENAI;202504251420;22.5;53.9;822.2;3.7;6.1;103;0.0
KENAI;202504251430;22.2;55.0;822.4;2.9;7.0;65;0.0
KENAI;202504251440;22.0;57.3;822.4;2.2;5.5;68;0.0
KENAI;202504251450;22.3;57.4;822.3;2.1;4.7;57;0.0
KENAI;202504251500;-;56.7;822.3;1.1;5.4;34;0.0
KENAI;202504251510;21.6;58.0;822.5;1.7;5.7;82;0.0
KENAI;202504251520;-;61.1;822.5;2.1;5.3;102;0.0
KENAI;202504251530;-;62.3;822.6;2.3;4.7;68;0.0
KENAI;202504251540;-;62.9;822.7;2.8;4.6;74;0.0
KENAI;202504251550;20.5;65.1;822.7;1.3;3.8;82;0.0
KENAI;202504251600;-;66.9;822.9;3.1;6.0;92;0.0
