046
VRXZ07 LSSW 051038
Station/Location;Date;tre200s0;uor200s0;prestas0;fkl010z0;fkl010z1;dkl010z0;rre150z0
KENAI;202504050840;22.6;69.2;824.3;2.3;5.2;39;0.0
KENAI;202504050850;22.7;-;824.2;2.2;4.8;-;0.0
KENAI;202504050900;23.0;67.5;824.0;2.3;5.6;62;0.0
KENAI;202504050910;24.1;62.6;823.7;2.8;6.0;2;0.0
KENAI;202504050920;24.1;64.0;823.6;2.3;6.2;23;0.0
KENAI;202504050930;24.0;61.4;823.4;2.7;4.3;32;0.0
KENAI;202504050940;24.3;61.2;823.2;2.5;5.3;25;0.0
KENAI;202504050950;23.9;59.9;823.0;2.7;5.8;74;0.0
KENAI;202504051000;24.7;57.7;822.6;2.1;6.9;7;0.0
KENAI;202504051010;24.3;57.7;822.3;2.0;7.2;50;0.0
KENAI;202504051020;24.7;57.6;822.2;2.5;7.1;39;0.0
KENAI;202504051030;24.3;57.9;822.1;2.8;6.9;81;0.0
