465
VRXZ07 LSSW 212228
Station/Location;Date;tre200s0;uor200s0;prestas0;fkl010z0;fkl010z1;dkl010z0;rre150z0
KENAI;202506212030;-;83.6;826.4;0.5;1.8;286;0.0
KENAI;202506212040;-;83.5;826.3;0.8;1.6;11;0.0
KENAI;202506212050;-;83.4;826.3;0.6;1.3;292;0.0
KENAI;202506212100;-;82.8;826.3;0.0;1.1;0;0.0
KENAI;202506212110;-;82.9;826.3;0.5;1.3;324;0.0
KENAI;202506212120;17.4;83.5;826.3;0.4;1.6;281;0.0
KENAI;202506212130;-;83.2;826.1;0.9;1.9;334;0.0
KENAI;202506212140;-;82.8;826.0;0.7;2.6;302;0.0
KENAI;202506212150;-;82.4;826.0;0.0;1.3;0;0.0
KENAI;202506212200;-;83.2;825.7;0.7;1.9;212;0.0
KENAI;202506212210;-;85.5;825.5;0.0;1.0;0;0.0
KENAI;202506212220;-;86.9;825.5;0.6;0.7;198;0.0
