843
VRXZ07 LSSW 241718
Station/Location;Date;tre200s0;uor200s0;prestas0;fkl010z0;fkl010z1;dkl010z0;rre150z0
KENAI;202411241520;20.2;76.1;822.3;1.3;4.3;134;0.1
KENAI;202411241530;20.1;76.5;822.3;1.9;4.9;143;0.1
KENAI;202411241540;20.1;79.0;822.5;0.9;6.7;129;0.0
KENAI;202411241550;18.7;88.1;822.7;2.7;6.7;84;1.3
KENAI;202411241600;17.3;91.9;822.9;1.1;5.1;157;5.0
KENAI;202411241610;17.1;94.3;823.1;1.4;4.2;124;2.0
KENAI;202411241620;17.2;95.0;823.4;1.6;3.1;115;0.3
KENAI;202411241630;17.0;94.6;823.5;0.9;2.3;57;0.7
KENAI;202411241640;-;-;-;-;1.3;-;-
KENAI;202411241650;17.3;95.7;823.9;0.5;1.6;114;0.0
KENAI;202411241700;17.4;95.4;823.9;1.0;1.5;166;0.0
KENAI;202411241710;17.4;95.4;824.0;0.4;1.0;159;0.0
