736
VRXZ07 LSSW 142018
Station/Location;Date;tre200s0;uor200s0;prestas0;fkl010z0;fkl010z1;dkl010z0;rre150z0
KENAI;202504141820;19.6;79.1;825.3;1.2;3.2;68;0.0
KENAI;202504141830;19.5;79.2;825.1;1.6;3.9;85;0.0
KENAI;202504141840;19.5;79.6;825.2;0.7;3.3;50;0.0
KENAI;202504141850;19.4;80.5;825.2;1.0;3.6;15;0.0
KENAI;202504141900;19.1;81.7;825.3;1.1;2.7;64;0.0
KENAI;202504141910;19.0;82.4;825.6;1.8;2.9;64;0.0
KENAI;202504141920;19.1;82.7;825.7;0.8;3.3;62;0.0
KENAI;202504141930;19.1;82.6;825.8;1.5;2.5;10;0.0
KENAI;202504141940;18.9;83.4;825.8;1.0;2.5;72;0.0
KENAI;202504141950;19.0;83.7;825.9;1.4;3.3;55;0.0
KENAI;202504142000;19.0;83.6;825.8;1.2;3.2;45;0.0
KENAI;202504142010;19.0;84.3;825.9;1.3;4.1;63;0.0
