873
VRXZ07 LSSW 171958
Station/Location;Date;tre200s0;uor200s0;prestas0;fkl010z0;fkl010z1;dkl010z0;rre150z0
KENAI;202502171800;21.1;43.5;823.0;2.8;5.8;24;0.0
KENAI;202502171810;20.8;44.7;823.1;1.9;5.6;6;0.0
KENAI;202502171820;20.7;45.6;823.3;2.2;6.7;8;0.0
KENAI;202502171830;20.7;45.8;823.4;1.7;6.8;38;0.0
KENAI;202502171840;20.4;46.7;823.5;1.7;5.4;26;0.0
KENAI;202502171850;20.1;47.8;823.6;2.4;4.0;56;0.0
KENAI;202502171900;20.1;48.2;823.7;0.7;4.3;337;0.0
KENAI;202502171910;19.6;49.5;823.8;1.3;2.9;60;0.0
KENAI;202502171920;19.4;50.2;823.8;1.8;3.7;42;0.0
KENAI;202502171930;19.1;51.4;824.1;0.8;2.2;39;0.0
KENAI;202502171940;19.0;52.1;823.9;1.4;2.3;10;0.0
KENAI;202502171950;19.1;52.1;824.1;0.6;2.7;59;0.0
