566
VRXZ07 LSSW 121628
Station/Location;Date;tre200s0;uor200s0;prestas0;fkl010z0;fkl010z1;dkl010z0;rre150z0
KENAI;202507121430;-;59.9;824.9;3.4;5.3;100;0.0
KENAI;202507121440;21.3;61.3;824.8;1.8;6.7;99;0.0
KENAI;202507121450;-;63.0;825.0;1.4;4.6;67;0.0
KENAI;202507121500;21.0;62.9;824.9;1.6;5.1;44;0.0
KENAI;202507121510;20.8;64.2;825.0;2.2;4.2;90;0.0
KENAI;202507121520;20.5;64.7;825.1;1.9;5.3;62;0.0
KENAI;202507121530;20.4;64.8;825.2;1.6;4.7;47;0.0
KENAI;202507121540;-;65.8;825.3;1.6;3.7;29;0.0
KENAI;202507121550;-;66.5;825.3;2.6;4.1;26;0.0
KENAI;202507121600;-;66.9;825.4;0.7;2.7;39;0.0
KENAI;202507121610;-;66.8;825.6;0.9;4.3;58;0.0
KENAI;202507121620;19.7;67.1;825.7;0.6;4.9;104;0.0
