245
VRXZ07 LSSW 220118
Station/Location;Date;tre200s0;uor200s0;prestas0;fkl010z0;fkl010z1;dkl010z0;rre150z0
KENAI;202502212320;16.4;60.7;823.1;0.6;1.7;40;0.0
KENAI;202502212330;16.3;61.7;823.0;0.9;2.0;19;0.0
KENAI;202502212340;16.2;62.2;823.0;0.9;2.1;18;0.0
KENAI;202502212350;16.2;62.9;823.0;0.4;1.2;49;0.0
KENAI;202502220000;15.9;64.1;823.0;0.6;1.5;55;0.0
KENAI;202502220010;15.6;65.5;822.9;0.4;0.8;8;0.0
KENAI;202502220020;16.0;64.8;822.7;0.4;2.4;320;0.0
KENAI;202502220030;15.9;65.3;822.7;0.6;1.4;343;0.0
KENAI;202502220040;15.9;65.7;822.7;0.7;1.6;346;0.0
KENAI;202502220050;15.8;66.7;822.8;0.4;1.2;297;0.0
KENAI;202502220100;15.6;67.2;822.7;0.0;0.9;0;0.0
KENAI;202502220110;15.2;69.0;822.8;0.0;1.3;0;0.0
