308
VRXZ07 LSSW 212208
Station/Location;Date;tre200s0;uor200s0;prestas0;fkl010z0;fkl010z1;dkl010z0;rre150z0
KENAI;202502212010;19.0;47.9;823.8;1.7;3.0;28;0.0
KENAI;202502212020;18.8;48.6;823.8;1.8;3.1;20;0.0
KENAI;202502212030;18.7;49.0;823.8;2.5;3.6;22;0.0
KENAI;202502212040;18.7;49.8;823.8;0.0;3.4;0;0.0
KENAI;202502212050;18.4;50.7;823.8;0.9;3.9;21;0.0
KENAI;202502212100;18.4;50.9;823.9;1.1;4.4;17;0.0
KENAI;202502212110;18.3;51.5;823.8;1.7;2.9;51;0.0
KENAI;202502212120;18.1;52.1;823.8;2.2;2.9;49;0.0
KENAI;202502212130;18.2;52.3;823.7;1.4;3.1;24;0.0
KENAI;202502212140;18.1;53.3;823.6;0.6;3.5;26;0.0
KENAI;202502212150;17.9;54.3;823.6;0.7;3.7;56;0.0
KENAI;202502212200;17.7;55.2;823.5;1.1;3.8;59;0.0
