778
VRXZ07 LSSW 260408
Station/Location;Date;tre200s0;uor200s0;prestas0;fkl010z0;fkl010z1;dkl010z0;rre150z0
KENAI;202504260210;-;94.9;823.3;0.3;0.6;241;0.0
KENAI;202504260220;14.4;94.9;823.3;0.4;0.5;195;0.0
KENAI;202504260230;-;95.1;823.4;0.0;0.5;0;0.0
KENAI;202504260240;-;95.5;823.6;0.0;0.4;0;0.0
KENAI;202504260250;-;95.4;823.5;0.3;0.6;198;0.0
KENAI;202504260300;14.1;94.9;823.6;0.3;0.5;219;0.0
KENAI;202504260310;-;95.4;823.6;0.0;0.6;0;0.0
KENAI;202504260320;13.7;95.9;823.7;0.0;0.5;0;0.0
KENAI;202504260330;13.6;96.5;823.8;0.0;0.5;0;0.0
KENAI;202504260340;13.6;96.2;823.9;0.0;0.5;0;0.0
KENAI;202504260350;14.3;96.5;823.9;0.0;0.5;0;0.0
KENAI;202504260400;15.2;97.3;824.1;0.4;0.7;86;0.0
