327
VRXZ07 LSSW 012328
Station/Location;Date;tre200s0;uor200s0;prestas0;fkl010z0;fkl010z1;dkl010z0;rre150z0
KENAI;202503012130;19.8;63.8;823.9;1.4;5.8;344;0.0
KENAI;202503012140;19.6;64.5;823.9;1.5;3.9;58;0.0
KENAI;202503012150;19.5;65.2;823.9;1.7;5.3;23;0.0
KENAI;202503012200;19.4;66.3;823.8;2.9;4.3;17;0.0
KENAI;202503012210;19.2;67.0;823.7;2.2;3.9;349;0.0
KENAI;202503012220;19.2;67.7;823.6;1.9;4.8;3;0.0
KENAI;202503012230;19.0;68.6;823.5;1.5;4.7;34;0.0
KENAI;202503012240;18.9;68.6;823.4;1.8;4.7;11;0.0
KENAI;202503012250;18.7;68.9;823.4;0.9;3.6;47;0.0
KENAI;202503012300;18.7;68.9;823.2;1.5;3.5;21;0.0
KENAI;202503012310;18.5;69.1;823.2;1.4;3.5;37;0.0
KENAI;202503012320;18.4;69.7;823.1;0.9;3.0;44;0.0
