984
VRXZ07 LSSW 031018
Station/Location;Date;tre200s0;uor200s0;prestas0;fkl010z0;fkl010z1;dkl010z0;rre150z0
KENAI;202504030820;22.3;67.8;825.0;1.1;3.4;2;0.0
KENAI;202504030830;22.3;70.4;824.9;2.0;3.8;9;0.0
KENAI;202504030840;22.5;65.9;824.8;2.5;3.8;33;0.0
KENAI;202504030850;23.1;67.9;824.7;1.7;4.8;47;0.0
KENAI;202504030900;23.5;63.9;824.6;2.0;4.6;100;0.0
KENAI;202504030910;23.2;65.4;824.3;1.6;4.8;340;0.0
KENAI;202504030920;23.5;62.1;824.1;2.5;4.9;54;0.0
KENAI;202504030930;24.0;59.7;824.0;2.2;5.4;341;0.0
KENAI;202504030940;23.5;59.4;823.9;1.9;6.0;97;0.0
KENAI;202504030950;24.3;55.9;823.7;2.1;5.3;11;0.0
KENAI;202504031000;-;-;-;-;5.9;-;-
KENAI;202504031010;23.8;58.6;823.4;3.4;5.1;18;0.0
