518
VRXZ07 LSSW 061838
Station/Location;Date;tre200s0;uor200s0;prestas0;fkl010z0;fkl010z1;dkl010z0;rre150z0
KENAI;202506061640;17.9;82.6;826.9;0.9;2.1;29;0.0
KENAI;202506061650;17.7;84.1;826.9;0.8;1.8;54;0.0
KENAI;202506061700;17.7;83.1;827.0;0.9;1.4;16;0.0
KENAI;202506061710;-;84.1;827.3;1.1;1.7;15;0.0
KENAI;202506061720;-;83.2;827.4;0.0;2.1;0;0.0
KENAI;202506061730;17.7;83.5;827.6;0.8;1.2;289;0.0
KENAI;202506061740;-;84.0;827.7;0.7;1.2;49;0.0
KENAI;202506061750;-;83.8;827.8;0.8;1.3;310;0.0
KENAI;202506061800;17.7;83.4;827.8;0.6;1.0;356;0.0
KENAI;202506061810;-;83.8;827.9;0.0;0.8;0;0.0
KENAI;202506061820;-;84.0;828.0;0.4;0.7;60;0.0
KENAI;202506061830;-;81.2;827.8;1.0;1.8;109;0.0
