981
VRXZ07 LSSW 051518
Station/Location;Date;tre200s0;uor200s0;prestas0;fkl010z0;fkl010z1;dkl010z0;rre150z0
KENAI;202506051320;-;46.2;824.7;1.0;6.0;149;0.0
KENAI;202506051330;-;44.3;824.8;0.9;3.9;132;0.0
KENAI;202506051340;24.6;45.0;824.5;2.8;4.4;148;0.0
KENAI;202506051350;-;47.0;824.5;0.8;5.0;132;0.0
KENAI;202506051400;24.1;45.5;824.6;1.7;4.1;172;0.0
KENAI;202506051410;-;45.6;824.6;2.7;4.2;138;0.0
KENAI;202506051420;-;44.8;824.8;1.4;4.1;152;0.0
KENAI;202506051430;-;48.4;824.7;1.8;3.9;169;0.0
KENAI;202506051440;-;51.8;824.9;1.1;3.7;161;0.0
KENAI;202506051450;-;54.0;825.0;1.0;3.8;136;0.0
KENAI;202506051500;21.9;54.6;825.2;1.3;2.4;113;0.0
KENAI;202506051510;21.6;55.0;825.3;0.7;3.0;126;0.0
