577
VRXZ07 LSSW 100938
Station/Location;Date;tre200s0;uor200s0;prestas0;fkl010z0;fkl010z1;dkl010z0;rre150z0
KENAI;202507100740;-;68.9;828.2;1.1;3.3;162;0.0
KENAI;202507100750;-;69.3;828.1;0.7;2.4;191;0.0
KENAI;202507100800;-;66.4;828.0;1.6;3.2;218;0.0
KENAI;202507100810;-;65.3;827.8;1.8;3.9;189;0.0
KENAI;202507100820;-;67.0;827.7;0.7;4.5;142;0.0
KENAI;202507100830;-;65.7;827.7;1.5;3.8;157;0.0
KENAI;202507100840;-;62.5;827.4;1.3;5.3;138;0.0
KENAI;202507100850;19.2;64.5;827.4;0.5;3.8;131;0.0
KENAI;202507100900;-;60.1;827.4;0.8;3.1;256;0.0
KENAI;202507100910;19.7;59.8;827.4;1.2;4.3;182;0.0
KENAI;202507100920;-;58.1;827.1;0.5;3.6;105;0.0
KENAI;202507100930;-;57.6;826.9;1.2;3.3;199;0.0
