925
VRXZ07 LSSW 150838
Station/Location;Date;tre200s0;uor200s0;prestas0;fkl010z0;fkl010z1;dkl010z0;rre150z0
KENAI;202508150640;-;80.3;827.4;0.9;2.1;59;0.0
KENAI;202508150650;-;80.1;827.4;1.5;2.0;63;0.0
KENAI;202508150700;-;80.1;827.4;0.7;1.4;353;0.0
KENAI;202508150710;-;79.3;827.3;0.7;2.4;92;0.0
KENAI;202508150720;-;77.3;827.3;2.1;3.0;99;0.0
KENAI;202508150730;-;-;827.2;1.9;3.2;-;0.0
KENAI;202508150740;-;73.6;827.1;1.4;3.0;90;0.0
KENAI;202508150750;-;70.7;827.0;1.0;3.4;65;0.0
KENAI;202508150800;18.8;69.3;826.9;0.5;3.0;44;0.0
KENAI;202508150810;-;63.6;826.6;2.3;4.1;28;0.0
KENAI;202508150820;-;63.4;826.6;3.2;4.9;103;0.0
KENAI;202508150830;-;63.6;826.6;1.2;4.8;86;0.0
