491
VRXZ07 LSSW 042028
Station/Location;Date;tre200s0;uor200s0;prestas0;fkl010z0;fkl010z1;dkl010z0;rre150z0
KENAI;202412041830;18.5;71.4;824.2;3.4;5.4;23;0.0
KENAI;202412041840;18.5;71.8;824.4;3.4;6.0;3;0.0
KENAI;202412041850;18.4;72.7;824.4;1.7;6.4;45;0.0
KENAI;202412041900;18.4;73.4;824.5;2.0;5.9;51;0.0
KENAI;202412041910;18.3;73.9;824.5;3.6;4.9;67;0.0
KENAI;202412041920;18.2;74.6;824.6;0.6;5.4;43;0.0
KENAI;202412041930;18.2;74.5;824.7;1.4;4.6;21;0.0
KENAI;202412041940;18.2;75.3;824.7;1.6;4.1;22;0.0
KENAI;202412041950;18.1;75.5;824.7;1.7;3.7;44;0.0
KENAI;202412042000;18.1;76.2;824.7;1.1;4.0;22;0.0
KENAI;202412042010;18.0;76.5;824.6;2.2;3.6;57;0.0
KENAI;202412042020;18.0;77.0;824.8;1.5;4.2;12;0.0
