947
VRXZ07 LSSW 151958
Station/Location;Date;tre200s0;uor200s0;prestas0;fkl010z0;fkl010z1;dkl010z0;rre150z0
KENAI;202503151800;22.8;49.1;823.3;2.5;5.1;62;0.0
KENAI;202503151810;22.4;50.2;823.6;0.9;3.1;50;0.0
KENAI;202503151820;22.3;50.6;823.6;1.1;4.0;40;0.0
KENAI;202503151830;22.1;51.4;823.8;0.7;2.2;25;0.0
KENAI;202503151840;22.2;51.4;824.0;0.6;3.0;56;0.0
KENAI;202503151850;22.0;52.3;824.3;1.5;3.1;92;0.0
KENAI;202503151900;22.0;52.9;824.4;1.1;2.9;59;0.0
KENAI;202503151910;21.9;53.0;824.5;1.3;3.7;47;0.0
KENAI;202503151920;21.7;54.7;824.6;1.7;3.2;61;0.0
KENAI;202503151930;21.5;55.9;824.9;1.7;2.7;39;0.0
KENAI;202503151940;21.5;56.3;824.8;1.2;3.9;37;0.0
KENAI;202503151950;21.3;57.9;824.9;1.4;3.7;55;0.0
