774
VRXZ07 LSSW 180908
Station/Location;Date;tre200s0;uor200s0;prestas0;fkl010z0;fkl010z1;dkl010z0;rre150z0
KENAI;202506180710;19.7;64.4;827.6;0.4;3.1;356;0.0
KENAI;202506180720;19.8;64.8;827.4;0.5;3.1;179;0.0
KENAI;202506180730;-;64.2;827.4;0.6;2.1;256;0.0
KENAI;202506180740;-;63.4;827.4;0.0;1.5;0;0.0
KENAI;202506180750;20.5;63.8;827.4;0.7;2.0;135;0.0
KENAI;202506180800;20.0;63.7;827.4;1.1;2.1;298;0.0
KENAI;202506180810;-;63.7;827.3;0.0;2.3;0;0.0
KENAI;202506180820;-;65.9;827.1;0.7;2.8;150;0.0
KENAI;202506180830;20.5;62.9;827.1;0.7;2.7;134;0.0
KENAI;202506180840;-;61.6;827.0;2.5;3.8;161;0.0
KENAI;202506180850;21.6;61.5;826.9;2.0;3.2;171;0.0
KENAI;202506180900;21.9;60.5;826.7;0.4;2.9;221;0.0
