705
VRXZ07 LSSW 021738
Station/Location;Date;tre200s0;uor200s0;prestas0;fkl010z0;fkl010z1;dkl010z0;rre150z0
KENAI;202504021540;22.1;62.4;822.0;1.1;3.0;15;0.0
KENAI;202504021550;21.7;58.4;822.5;1.4;3.1;17;0.0
KENAI;202504021600;21.4;57.5;822.5;1.1;2.8;359;0.0
KENAI;202504021610;21.3;58.0;822.6;1.7;2.4;16;0.0
KENAI;202504021620;21.3;58.2;822.5;0.7;2.3;336;0.0
KENAI;202504021630;20.6;61.7;822.4;0.5;1.6;61;0.0
KENAI;202504021640;20.8;60.7;822.5;1.1;2.3;21;0.0
KENAI;202504021650;20.5;62.4;822.5;1.0;2.0;18;0.0
KENAI;202504021700;20.3;63.6;822.6;0.5;2.6;25;0.0
KENAI;202504021710;20.1;64.7;822.8;0.6;1.8;316;0.0
KENAI;202504021720;19.8;66.0;822.9;0.4;1.6;48;0.0
KENAI;202504021730;20.0;66.2;822.9;0.7;1.4;349;0.0
