007
VRXZ07 LSSW 270648
Station/Location;Date;tre200s0;uor200s0;prestas0;fkl010z0;fkl010z1;dkl010z0;rre150z0
KENAI;202504270450;17.4;87.9;824.7;0.4;1.5;212;0.0
KENAI;202504270500;18.1;83.1;825.0;0.5;2.0;146;0.0
KENAI;202504270510;18.7;80.5;825.1;0.0;2.9;0;0.0
KENAI;202504270520;19.2;80.2;825.1;1.6;2.5;169;0.0
KENAI;202504270530;19.2;77.4;825.1;0.9;2.9;34;0.0
KENAI;202504270540;19.7;74.5;825.2;1.9;3.8;71;0.0
KENAI;202504270550;20.1;75.9;825.3;1.9;2.7;41;0.0
KENAI;202504270600;20.3;71.8;825.3;2.3;3.1;168;0.0
KENAI;202504270610;-;70.3;825.3;2.2;3.4;105;0.0
KENAI;202504270620;-;72.7;825.5;1.3;3.6;139;0.0
KENAI;202504270630;20.9;70.9;825.5;1.5;3.4;70;0.0
KENAI;202504270640;21.2;70.3;825.5;1.0;4.9;131;0.0
