522
VRXZ07 LSSW 151628
Station/Location;Date;tre200s0;uor200s0;prestas0;fkl010z0;fkl010z1;dkl010z0;rre150z0
KENAI;202505151430;21.7;65.7;823.5;1.7;4.0;114;0.0
KENAI;202505151440;21.5;66.4;823.4;1.1;3.1;62;0.0
KENAI;202505151450;21.4;65.3;823.6;1.7;4.6;125;0.0
KENAI;202505151500;21.0;66.9;823.6;1.0;2.9;114;0.0
KENAI;202505151510;21.0;66.6;823.5;1.1;2.2;88;0.0
KENAI;202505151520;20.9;67.1;823.6;1.8;4.9;73;0.0
KENAI;202505151530;20.9;67.7;823.7;1.2;3.4;95;0.0
KENAI;202505151540;20.7;70.3;823.8;1.6;3.9;73;0.0
KENAI;202505151550;-;71.2;823.9;1.5;4.0;116;0.0
KENAI;202505151600;20.5;72.0;824.0;1.4;3.6;80;0.0
KENAI;202505151610;20.4;71.8;824.0;2.1;4.3;102;0.0
KENAI;202505151620;20.1;72.8;824.1;0.9;3.6;117;0.0
