219
VRXZ07 LSSW 030438
Station/Location;Date;tre200s0;uor200s0;prestas0;fkl010z0;fkl010z1;dkl010z0;rre150z0
KENAI;202504030240;16.8;97.2;823.7;1.2;2.2;71;0.0
KENAI;202504030250;16.8;96.9;823.9;0.9;2.3;102;0.0
KENAI;202504030300;16.7;96.6;824.0;0.8;2.0;38;0.0
KENAI;202504030310;16.6;96.6;824.0;0.8;3.0;85;0.0
KENAI;202504030320;16.6;96.6;823.9;0.6;2.5;52;0.0
KENAI;202504030330;16.6;96.8;824.2;0.6;2.6;83;0.0
KENAI;202504030340;16.6;96.8;824.3;1.1;2.3;53;0.0
KENAI;202504030350;16.6;96.9;824.4;2.6;3.2;76;0.0
KENAI;202504030400;16.6;96.7;824.6;1.5;2.6;32;0.0
KENAI;202504030410;16.7;96.6;824.6;1.1;3.4;25;0.0
KENAI;202504030420;16.8;96.7;824.7;0.8;2.7;27;0.0
KENAI;202504030430;16.9;96.4;824.7;1.1;3.4;55;0.0
