713
VRXZ07 LSSW 090228
Station/Location;Date;tre200s0;uor200s0;prestas0;fkl010z0;fkl010z1;dkl010z0;rre150z0
KENAI;202502090030;17.5;76.4;822.6;0.5;1.5;15;0.0
KENAI;202502090040;-;-;-;-;1.6;-;-
KENAI;202502090050;17.4;76.9;822.4;0.4;2.3;103;0.0
KENAI;202502090100;17.3;77.3;822.4;0.6;1.2;43;0.0
KENAI;202502090110;17.1;78.4;822.4;0.3;0.8;358;0.0
KENAI;202502090120;16.9;79.2;822.6;0.0;0.8;0;0.0
KENAI;202502090130;17.3;78.0;822.7;0.4;0.8;55;0.0
KENAI;202502090140;17.5;77.5;822.7;0.4;1.5;43;0.0
KENAI;202502090150;17.7;77.2;822.9;0.8;1.1;23;0.0
KENAI;202502090200;17.7;77.3;822.9;0.3;1.4;87;0.0
KENAI;202502090210;17.8;76.6;822.9;1.4;2.6;72;0.0
KENAI;202502090220;17.7;77.3;823.1;0.9;1.4;92;0.0
