385
VRXZ07 LSSW 172138
Station/Location;Date;tre200s0;uor200s0;prestas0;fkl010z0;fkl010z1;dkl010z0;rre150z0
KENAI;202507171940;-;72.6;827.5;1.3;2.5;159;0.0
KENAI;202507171950;-;73.1;827.6;0.7;2.0;141;0.0
KENAI;202507172000;-;72.2;827.6;0.8;1.8;182;0.0
KENAI;202507172010;-;73.2;827.6;0.5;2.0;94;0.0
KENAI;202507172020;-;73.5;827.5;1.1;1.5;101;0.0
KENAI;202507172030;-;75.1;827.6;0.8;1.9;128;0.0
KENAI;202507172040;-;75.4;827.7;0.8;1.9;114;0.0
KENAI;202507172050;-;75.4;827.5;1.2;3.5;149;0.0
KENAI;202507172100;-;76.2;827.5;0.8;2.2;164;0.0
KENAI;202507172110;-;76.4;827.5;1.5;2.1;117;0.0
KENAI;202507172120;-;76.8;827.4;1.2;4.4;143;0.0
KENAI;202507172130;-;77.9;827.4;1.2;3.1;148;0.0
