082
VRXZ07 LSSW 230528
Station/Location;Date;tre200s0;uor200s0;prestas0;fkl010z0;fkl010z1;dkl010z0;rre150z0
KENAI;202506230330;-;91.1;825.6;0.0;2.8;0;0.0
KENAI;202506230340;-;91.3;825.6;1.0;2.0;134;0.0
KENAI;202506230350;-;91.4;825.7;1.4;2.8;172;0.0
KENAI;202506230400;-;91.4;825.8;0.9;2.2;130;0.0
KENAI;202506230410;-;91.2;826.0;0.7;2.2;132;0.0
KENAI;202506230420;-;91.4;826.2;0.6;2.5;153;0.0
KENAI;202506230430;-;91.3;826.3;0.5;2.4;107;0.0
KENAI;202506230440;-;91.4;826.3;1.4;2.5;109;0.0
KENAI;202506230450;-;91.6;826.5;0.7;2.3;179;0.0
KENAI;202506230500;-;90.5;826.5;0.9;1.8;119;0.0
KENAI;202506230510;-;90.1;826.7;0.7;1.2;209;0.0
KENAI;202506230520;-;86.9;826.6;1.1;2.5;154;0.0
