973
VRXZ07 LSSW 180718
Station/Location;Date;tre200s0;uor200s0;prestas0;fkl010z0;fkl010z1;dkl010z0;rre150z0
KENAI;202411180520;19.0;74.7;825.0;2.2;4.4;6;0.0
KENAI;202411180530;19.3;75.3;825.0;3.3;4.1;55;0.0
KENAI;202411180540;19.5;73.2;825.1;1.2;5.2;2;0.0
KENAI;202411180550;19.5;73.4;825.1;1.7;3.9;354;0.0
KENAI;202411180600;19.3;74.6;825.2;1.3;3.0;5;0.0
KENAI;202411180610;20.1;71.3;825.1;3.7;5.1;58;0.0
KENAI;202411180620;21.5;67.1;825.1;1.6;4.2;77;0.0
KENAI;202411180630;21.2;67.9;825.1;0.0;4.3;0;0.0
KENAI;202411180640;20.1;67.8;825.1;0.6;4.1;294;0.0
KENAI;202411180650;20.3;67.7;825.0;1.4;4.1;76;0.0
KENAI;202411180700;21.2;64.6;824.9;3.6;5.1;89;0.0
KENAI;202411180710;21.6;62.7;825.0;2.1;4.2;28;0.0
