379
VRXZ07 LSSW 112018
Station/Location;Date;tre200s0;uor200s0;prestas0;fkl010z0;fkl010z1;dkl010z0;rre150z0
KENAI;202503111820;20.8;69.7;822.9;1.2;3.4;56;0.0
KENAI;202503111830;20.8;70.7;822.9;1.2;2.9;29;0.0
KENAI;202503111840;20.9;70.5;823.0;1.6;3.4;47;0.0
KENAI;202503111850;21.1;69.8;823.1;1.0;1.9;35;0.0
KENAI;202503111900;21.0;69.7;823.2;1.0;2.1;15;0.0
KENAI;202503111910;20.9;71.0;823.5;0.4;2.5;34;0.0
KENAI;202503111920;21.0;71.4;823.7;1.1;3.5;47;0.0
KENAI;202503111930;20.8;72.9;823.7;2.0;5.5;45;0.0
KENAI;202503111940;20.2;76.7;823.9;3.3;7.3;61;0.0
KENAI;202503111950;19.2;82.5;824.0;1.0;5.6;31;0.5
KENAI;202503112000;-;-;-;-;4.4;-;-
KENAI;202503112010;17.4;85.6;824.1;0.0;2.8;0;0.0
