768
VRXZ07 LSSW 190308
Station/Location;Date;tre200s0;uor200s0;prestas0;fkl010z0;fkl010z1;dkl010z0;rre150z0
KENAI;202504190110;16.4;96.7;823.2;0.6;1.2;60;1.5
KENAI;202504190120;16.6;96.9;823.2;1.3;2.3;15;0.0
KENAI;202504190130;16.5;-;823.2;1.5;3.3;-;0.0
KENAI;202504190140;16.4;96.6;823.2;1.6;3.1;17;0.0
KENAI;202504190150;16.2;96.7;823.4;1.2;3.2;12;0.0
KENAI;202504190200;16.0;96.0;823.4;1.5;2.5;22;0.0
KENAI;202504190210;15.8;95.6;823.3;1.5;3.5;19;0.0
KENAI;202504190220;15.6;95.4;823.3;0.5;3.6;22;0.0
KENAI;202504190230;15.5;95.7;823.4;0.6;2.0;280;0.0
KENAI;202504190240;15.5;94.7;823.2;0.5;2.5;252;0.0
KENAI;202504190250;15.3;95.1;823.3;0.0;0.7;0;0.0
KENAI;202504190300;15.2;95.8;823.4;1.3;1.4;190;0.0
