405
VRXZ07 LSSW 140918
Station/Location;Date;tre200s0;uor200s0;prestas0;fkl010z0;fkl010z1;dkl010z0;rre150z0
KENAI;202508140720;-;61.7;827.8;4.5;7.5;73;0.0
KENAI;202508140730;-;-;827.7;3.1;3.3;-;0.0
KENAI;202508140740;19.1;58.9;827.7;1.1;4.8;129;0.0
KENAI;202508140750;19.2;59.3;827.8;0.7;3.7;263;0.0
KENAI;202508140800;-;58.9;827.6;0.7;4.2;193;0.0
KENAI;202508140810;19.4;59.4;827.5;1.4;2.8;47;0.0
KENAI;202508140820;20.0;56.2;827.2;1.9;3.3;123;0.0
KENAI;202508140830;20.1;56.4;827.1;1.2;4.1;337;0.0
KENAI;202508140840;-;54.9;827.1;1.4;3.3;24;0.0
KENAI;202508140850;21.2;54.7;826.9;0.8;3.4;119;0.0
KENAI;202508140900;21.5;53.0;826.7;2.4;4.5;158;0.0
KENAI;202508140910;-;54.4;826.7;1.1;3.3;241;0.0
