296
VRXZ07 LSSW 072258
Station/Location;Date;tre200s0;uor200s0;prestas0;fkl010z0;fkl010z1;dkl010z0;rre150z0
KENAI;202502072100;17.8;74.5;824.1;1.3;2.4;40;0.0
KENAI;202502072110;17.7;75.4;824.0;2.9;3.7;57;0.0
KENAI;202502072120;17.6;75.7;824.0;0.6;3.4;39;0.0
KENAI;202502072130;17.4;77.0;823.9;0.9;2.3;52;0.0
KENAI;202502072140;17.4;77.5;823.9;0.7;2.3;19;0.0
KENAI;202502072150;17.3;78.3;823.9;0.9;2.3;352;0.0
KENAI;202502072200;17.4;78.3;823.9;0.6;2.9;14;0.0
KENAI;202502072210;17.6;77.4;823.8;1.3;3.3;16;0.0
KENAI;202502072220;17.3;78.5;823.6;2.1;3.2;42;0.0
KENAI;202502072230;17.1;79.4;823.7;1.3;3.6;58;0.0
KENAI;202502072240;16.9;80.0;823.6;0.6;2.1;26;0.0
KENAI;202502072250;16.8;80.7;823.5;1.1;2.5;39;0.0
