010
VRXZ07 LSSW 171658
Station/Location;Date;tre200s0;uor200s0;prestas0;fkl010z0;fkl010z1;dkl010z0;rre150z0
KENAI;202507171500;22.1;59.1;825.5;0.9;2.2;22;0.0
KENAI;202507171510;21.9;60.2;825.5;0.6;1.9;318;0.0
KENAI;202507171520;21.7;61.8;825.5;0.9;2.0;35;0.0
KENAI;202507171530;21.4;62.3;825.5;0.6;2.0;339;0.0
KENAI;202507171540;20.9;64.9;825.6;0.0;1.9;0;0.0
KENAI;202507171550;21.0;64.7;825.7;0.6;2.0;55;0.0
KENAI;202507171600;-;63.7;825.9;1.0;2.1;4;0.0
KENAI;202507171610;20.8;64.5;825.9;0.4;2.9;54;0.0
KENAI;202507171620;20.7;64.6;826.0;0.7;2.7;45;0.0
KENAI;202507171630;-;68.1;826.1;3.6;4.4;40;0.0
KENAI;202507171640;20.0;70.3;826.2;1.5;4.4;29;0.0
KENAI;202507171650;19.9;71.5;826.5;0.7;2.8;24;0.0
