095
VRXZ07 LSSW 240528
Station/Location;Date;tre200s0;uor200s0;prestas0;fkl010z0;fkl010z1;dkl010z0;rre150z0
KENAI;202411240330;17.3;91.9;824.7;2.4;2.9;12;0.0
KENAI;202411240340;17.3;91.7;824.8;1.6;3.1;20;0.0
KENAI;202411240350;17.3;92.2;824.7;2.3;3.1;12;0.0
KENAI;202411240400;17.3;92.2;824.8;1.4;2.8;354;0.0
KENAI;202411240410;17.5;91.8;825.0;0.7;2.8;35;0.0
KENAI;202411240420;17.5;91.1;825.1;0.7;2.7;345;0.0
KENAI;202411240430;17.5;91.4;825.3;1.3;3.3;23;0.0
KENAI;202411240440;17.7;89.7;825.4;1.8;3.4;7;0.0
KENAI;202411240450;17.8;90.8;825.6;1.0;3.4;50;0.0
KENAI;202411240500;17.8;90.8;825.7;1.2;2.8;25;0.0
KENAI;202411240510;17.9;88.5;825.8;2.0;3.0;66;0.0
KENAI;202411240520;17.9;88.1;825.9;1.3;4.3;14;0.0
