913
VRXZ07 LSSW 300428
Station/Location;Date;tre200s0;uor200s0;prestas0;fkl010z0;fkl010z1;dkl010z0;rre150z0
KENAI;202506300230;-;86.0;825.5;0.5;1.2;101;0.0
KENAI;202506300240;-;86.1;825.6;0.8;1.6;102;0.0
KENAI;202506300250;-;86.0;825.6;0.8;1.5;133;0.0
KENAI;202506300300;-;86.7;825.7;0.8;1.8;138;0.0
KENAI;202506300310;-;86.8;825.7;0.5;1.6;118;0.0
KENAI;202506300320;-;87.1;825.8;0.4;1.4;190;0.0
KENAI;202506300330;-;87.5;825.7;0.7;1.1;138;0.0
KENAI;202506300340;-;87.6;825.8;0.0;1.0;0;0.0
KENAI;202506300350;-;87.8;825.8;0.5;1.0;207;0.0
KENAI;202506300400;-;87.6;825.9;0.5;1.1;154;0.0
KENAI;202506300410;-;87.5;826.1;0.9;1.4;82;0.0
KENAI;202506300420;-;87.7;826.2;0.8;2.3;99;0.0
