219
VRXZ07 LSSW 190718
Station/Location;Date;tre200s0;uor200s0;prestas0;fkl010z0;fkl010z1;dkl010z0;rre150z0
KENAI;202506190520;-;89.6;827.8;1.0;1.6;182;0.0
KENAI;202506190530;-;87.1;827.8;1.3;2.2;213;0.0
KENAI;202506190540;-;-;827.9;0.6;1.6;-;0.0
KENAI;202506190550;16.8;85.9;828.1;0.0;2.1;0;0.0
KENAI;202506190600;17.1;84.9;828.3;1.0;1.9;219;0.0
KENAI;202506190610;-;83.7;828.3;0.9;1.8;207;0.0
KENAI;202506190620;-;84.1;828.3;1.3;2.2;142;0.0
KENAI;202506190630;-;83.4;828.3;0.9;1.8;51;0.0
KENAI;202506190640;17.6;82.0;828.3;0.5;1.9;105;0.0
KENAI;202506190650;-;82.6;828.3;0.9;2.0;21;0.0
KENAI;202506190700;18.2;79.7;828.2;0.8;3.2;89;0.0
KENAI;202506190710;18.5;79.0;828.2;0.7;2.0;117;0.0
