984
VRXZ07 LSSW 180628
Station/Location;Date;tre200s0;uor200s0;prestas0;fkl010z0;fkl010z1;dkl010z0;rre150z0
KENAI;202502180430;16.8;72.8;823.8;1.2;2.1;39;0.0
KENAI;202502180440;17.6;70.8;823.9;1.9;3.1;20;0.0
KENAI;202502180450;18.0;69.5;824.0;0.9;2.7;0;0.0
KENAI;202502180500;18.4;68.7;824.1;0.8;3.5;62;0.0
KENAI;202502180510;18.8;66.0;824.2;1.3;3.7;32;0.0
KENAI;202502180520;19.1;65.2;824.2;2.0;4.4;57;0.0
KENAI;202502180530;19.5;64.3;824.3;3.1;3.9;62;0.0
KENAI;202502180540;19.4;63.7;824.4;3.0;4.4;7;0.0
KENAI;202502180550;20.0;61.6;824.5;2.3;4.7;339;0.0
KENAI;202502180600;20.3;60.7;824.8;1.6;5.2;62;0.0
KENAI;202502180610;20.5;61.2;824.8;1.8;6.0;55;0.0
KENAI;202502180620;20.9;58.7;824.8;3.6;4.7;63;0.0
