067
VRXZ07 LSSW 181958
Station/Location;Date;tre200s0;uor200s0;prestas0;fkl010z0;fkl010z1;dkl010z0;rre150z0
KENAI;202502181800;20.9;44.2;823.9;2.6;4.4;46;0.0
KENAI;202502181810;20.6;45.0;824.0;1.0;3.6;25;0.0
KENAI;202502181820;20.2;45.6;824.0;1.9;3.6;30;0.0
KENAI;202502181830;20.1;46.6;824.0;1.4;4.4;19;0.0
KENAI;202502181840;20.0;46.4;824.1;1.7;3.8;46;0.0
KENAI;202502181850;19.9;46.8;824.2;2.1;4.0;60;0.0
KENAI;202502181900;19.7;47.1;824.2;3.8;5.4;18;0.0
KENAI;202502181910;19.7;47.6;824.2;1.2;3.9;6;0.0
KENAI;202502181920;19.4;48.4;824.3;0.7;3.3;319;0.0
KENAI;202502181930;19.2;49.3;824.4;2.3;2.7;39;0.0
KENAI;202502181940;19.0;50.2;824.5;0.9;3.4;56;0.0
KENAI;202502181950;18.7;51.0;824.5;1.3;2.8;24;0.0
