253
VRXZ07 LSSW 301538
Station/Location;Date;tre200s0;uor200s0;prestas0;fkl010z0;fkl010z1;dkl010z0;rre150z0
KENAI;202506301340;-;65.4;824.9;0.8;3.4;97;0.0
KENAI;202506301350;-;63.6;824.9;0.9;3.2;159;0.0
KENAI;202506301400;-;64.5;824.8;0.7;3.3;200;0.0
KENAI;202506301410;-;63.8;825.0;0.9;3.1;152;0.0
KENAI;202506301420;-;64.4;825.0;0.5;3.0;137;0.0
KENAI;202506301430;18.5;64.8;825.0;0.7;1.3;120;0.0
KENAI;202506301440;18.4;64.1;825.0;1.3;2.8;133;0.0
KENAI;202506301450;18.2;65.4;825.1;0.6;2.1;133;0.0
KENAI;202506301500;-;66.0;825.0;0.8;2.6;170;0.0
KENAI;202506301510;-;66.4;825.1;1.7;2.0;119;0.0
KENAI;202506301520;-;68.5;825.1;0.6;1.5;188;0.0
KENAI;202506301530;-;68.7;825.1;0.6;1.6;233;0.0
