328
VRXZ07 LSSW 030348
Station/Location;Date;tre200s0;uor200s0;prestas0;fkl010z0;fkl010z1;dkl010z0;rre150z0
KENAI;202503030150;16.7;85.5;823.3;1.4;2.5;3;0.0
KENAI;202503030200;16.5;86.1;823.1;1.5;3.0;15;0.0
KENAI;202503030210;16.4;86.7;823.2;0.9;3.2;24;0.0
KENAI;202503030220;16.4;86.0;823.2;1.2;3.5;21;0.0
KENAI;202503030230;16.4;87.0;823.2;2.1;4.1;13;0.0
KENAI;202503030240;16.4;86.5;823.2;1.2;3.1;5;0.0
KENAI;202503030250;16.4;86.8;823.2;1.0;3.1;12;0.0
KENAI;202503030300;16.4;86.9;823.3;1.6;3.3;4;0.0
KENAI;202503030310;16.2;87.7;823.2;3.4;3.8;5;0.0
KENAI;202503030320;16.1;88.2;823.3;0.0;3.4;0;0.0
KENAI;202503030330;16.0;89.1;823.3;1.1;3.0;300;0.0
KENAI;202503030340;16.0;88.9;823.5;0.8;1.2;39;0.0
