582
VRXZ07 LSSW 141208
Station/Location;Date;tre200s0;uor200s0;prestas0;fkl010z0;fkl010z1;dkl010z0;rre150z0
KENAI;202502141010;24.9;-;823.3;1.5;7.0;-;0.0
KENAI;202502141020;25.1;44.3;823.2;1.6;5.9;78;0.0
KENAI;202502141030;25.3;-;823.1;3.3;6.6;-;0.0
KENAI;202502141040;25.5;41.6;823.0;4.7;6.9;19;0.0
KENAI;202502141050;25.5;43.7;822.7;3.5;6.6;17;0.0
KENAI;202502141100;25.4;43.4;822.6;1.7;6.8;20;0.0
KENAI;202502141110;25.5;-;822.5;1.6;7.5;-;0.0
KENAI;202502141120;25.6;-;822.4;2.0;6.5;-;0.0
KENAI;202502141130;25.8;-;822.3;2.6;7.2;-;0.0
KENAI;202502141140;26.0;40.6;822.1;3.2;7.5;53;0.0
KENAI;202502141150;26.3;39.4;821.8;3.8;7.6;17;0.0
KENAI;202502141200;25.3;41.0;821.8;2.3;6.3;355;0.0
