465
VRXZ07 LSSW 081938
Station/Location;Date;tre200s0;uor200s0;prestas0;fkl010z0;fkl010z1;dkl010z0;rre150z0
KENAI;202412081740;19.3;65.0;824.5;2.8;5.5;29;0.0
KENAI;202412081750;19.0;67.2;824.6;3.5;5.8;17;0.0
KENAI;202412081800;18.9;68.9;824.7;2.5;4.7;23;0.0
KENAI;202412081810;18.7;70.2;824.9;0.9;4.1;331;0.0
KENAI;202412081820;18.4;72.0;825.0;2.4;4.3;355;0.0
KENAI;202412081830;18.3;73.2;825.0;2.2;4.7;359;0.0
KENAI;202412081840;18.2;73.4;825.0;2.3;4.5;3;0.0
KENAI;202412081850;18.1;73.8;825.1;1.4;4.8;113;0.0
KENAI;202412081900;18.0;73.8;825.0;1.7;3.7;343;0.0
KENAI;202412081910;17.9;74.1;825.2;1.2;3.7;4;0.0
KENAI;202412081920;17.7;74.8;825.2;2.5;4.0;12;0.0
KENAI;202412081930;17.6;74.8;825.1;2.4;3.2;56;0.0
