977
VRXZ07 LSSW 141618
Station/Location;Date;tre200s0;uor200s0;prestas0;fkl010z0;fkl010z1;dkl010z0;rre150z0
KENAI;202411141420;19.2;84.2;819.6;0.9;2.5;151;0.1
KENAI;202411141430;17.1;83.9;819.9;5.9;8.4;165;2.2
KENAI;202411141440;17.3;83.4;820.0;1.5;7.3;206;0.8
KENAI;202411141450;17.6;88.3;820.1;0.0;4.8;0;1.3
KENAI;202411141500;17.8;89.4;820.0;0.0;1.0;0;0.0
KENAI;202411141510;18.1;91.8;820.2;0.7;0.7;170;0.0
KENAI;202411141520;18.2;91.2;820.4;0.4;0.7;358;0.0
KENAI;202411141530;18.2;92.2;820.3;0.4;0.7;140;0.0
KENAI;202411141540;18.1;93.9;820.4;0.4;0.8;255;0.0
KENAI;202411141550;18.2;93.1;820.5;0.5;1.3;178;0.0
KENAI;202411141600;18.2;82.5;820.7;0.9;2.9;176;0.0
KENAI;202411141610;18.2;76.3;820.8;1.3;3.8;93;0.0
