826
VRXZ07 LSSW 100328
Station/Location;Date;tre200s0;uor200s0;prestas0;fkl010z0;fkl010z1;dkl010z0;rre150z0
KENAI;202507100130;-;81.2;826.0;0.6;0.7;125;0.0
KENAI;202507100140;-;79.2;826.1;0.6;0.9;159;0.0
KENAI;202507100150;14.3;79.6;826.1;0.7;1.8;132;0.0
KENAI;202507100200;-;79.5;826.3;0.7;2.1;175;0.0
KENAI;202507100210;-;79.3;826.3;0.7;3.4;127;0.0
KENAI;202507100220;-;78.8;826.5;0.7;1.7;133;0.0
KENAI;202507100230;-;79.3;826.5;0.5;1.2;99;0.0
KENAI;202507100240;-;79.8;826.5;0.7;1.3;174;0.0
KENAI;202507100250;-;80.3;826.6;0.0;0.8;0;0.0
KENAI;202507100300;-;79.4;826.6;0.0;0.7;0;0.0
KENAI;202507100310;-;80.1;826.6;0.5;0.5;289;0.0
KENAI;202507100320;-;80.4;826.7;0.5;0.7;217;0.0
