222
VRXZ07 LSSW 071758
Station/Location;Date;tre200s0;uor200s0;prestas0;fkl010z0;fkl010z1;dkl010z0;rre150z0
KENAI;202412071600;21.1;52.3;823.6;2.4;5.9;27;0.0
KENAI;202412071610;20.9;53.9;823.7;2.2;4.9;61;0.0
KENAI;202412071620;20.7;-;823.8;2.3;4.7;-;0.0
KENAI;202412071630;20.5;57.7;823.9;2.4;4.7;47;0.0
KENAI;202412071640;20.2;58.9;824.1;2.5;5.1;38;0.0
KENAI;202412071650;20.1;59.7;824.2;0.8;4.0;42;0.0
KENAI;202412071700;19.9;61.0;824.4;1.3;4.5;9;0.0
KENAI;202412071710;19.6;62.7;824.5;5.1;6.9;14;0.0
KENAI;202412071720;19.4;63.7;824.5;2.6;5.3;34;0.0
KENAI;202412071730;19.2;65.7;824.7;2.0;5.6;0;0.0
KENAI;202412071740;19.0;67.5;824.7;1.4;4.4;20;0.0
KENAI;202412071750;18.8;69.0;825.0;2.0;4.2;355;0.0
