968
VRXZ07 LSSW 131448
Station/Location;Date;tre200s0;uor200s0;prestas0;fkl010z0;fkl010z1;dkl010z0;rre150z0
KENAI;202503131250;26.4;44.7;821.2;3.8;6.1;103;0.0
KENAI;202503131300;26.7;43.5;821.1;3.2;6.2;19;0.0
KENAI;202503131310;26.9;45.6;821.0;2.4;5.0;67;0.0
KENAI;202503131320;26.6;46.0;821.0;1.0;7.0;345;0.0
KENAI;202503131330;26.6;41.9;820.9;2.1;5.8;12;0.0
KENAI;202503131340;26.4;43.5;820.8;3.0;4.5;27;0.0
KENAI;202503131350;26.4;41.7;820.7;2.3;6.0;99;0.0
KENAI;202503131400;26.6;43.7;820.8;1.4;5.4;55;0.0
KENAI;202503131410;26.4;43.5;820.9;3.1;6.2;54;0.0
KENAI;202503131420;26.1;41.7;820.9;2.4;5.3;38;0.0
KENAI;202503131430;26.0;39.7;821.0;3.0;5.4;84;0.0
KENAI;202503131440;25.8;42.0;821.2;2.2;5.2;59;0.0
