881
VRXZ07 LSSW 120538
Station/Location;Date;tre200s0;uor200s0;prestas0;fkl010z0;fkl010z1;dkl010z0;rre150z0
KENAI;202502120340;15.9;87.7;823.9;2.0;4.5;21;0.0
KENAI;202502120350;15.9;87.7;824.1;2.7;4.1;57;0.0
KENAI;202502120400;15.8;88.0;824.1;2.4;4.3;24;0.0
KENAI;202502120410;15.7;88.7;824.2;1.5;4.3;78;0.0
KENAI;202502120420;15.6;89.8;824.2;4.0;5.3;64;0.0
KENAI;202502120430;15.5;91.5;824.3;1.2;5.3;67;0.0
KENAI;202502120440;-;-;-;-;4.9;-;-
KENAI;202502120450;15.3;93.7;824.5;1.3;5.4;25;0.0
KENAI;202502120500;15.4;93.9;824.6;1.6;5.6;34;0.0
KENAI;202502120510;15.5;93.4;824.7;1.8;4.2;41;0.0
KENAI;202502120520;15.6;92.6;824.8;1.9;6.1;42;0.0
KENAI;202502120530;15.8;91.8;824.9;2.4;5.4;60;0.0
