352
VRXZ07 LSSW 281538
Station/Location;Date;tre200s0;uor200s0;prestas0;fkl010z0;fkl010z1;dkl010z0;rre150z0
KENAI;202502281340;29.0;21.1;821.8;2.4;6.8;29;0.0
KENAI;202502281350;29.2;22.5;821.9;3.3;7.2;101;0.0
KENAI;202502281400;28.6;24.1;821.9;2.5;6.1;13;0.0
KENAI;202502281410;28.6;24.4;822.0;2.9;6.2;18;0.0
KENAI;202502281420;28.5;25.8;822.0;4.2;5.9;6;0.0
KENAI;202502281430;28.1;26.7;822.1;2.9;6.5;35;0.0
KENAI;202502281440;27.8;27.5;822.2;1.9;6.8;53;0.0
KENAI;202502281450;27.5;28.3;822.1;1.8;5.5;18;0.0
KENAI;202502281500;27.4;29.5;822.2;3.4;5.7;65;0.0
KENAI;202502281510;26.8;30.3;822.2;4.4;6.4;65;0.0
KENAI;202502281520;26.5;31.0;822.4;2.6;6.2;35;0.0
KENAI;202502281530;26.1;32.4;822.3;2.2;5.3;30;0.0
