282
VRXZ07 LSSW 140418
Station/Location;Date;tre200s0;uor200s0;prestas0;fkl010z0;fkl010z1;dkl010z0;rre150z0
KENAI;202503140220;14.9;90.5;823.0;0.6;0.7;249;0.0
KENAI;202503140230;15.1;90.5;823.0;0.5;1.0;228;0.0
KENAI;202503140240;15.1;90.5;822.9;0.0;0.5;0;0.0
KENAI;202503140250;14.8;91.3;822.9;0.4;0.7;218;0.0
KENAI;202503140300;14.7;91.1;823.0;0.5;0.8;221;0.0
KENAI;202503140310;14.3;91.5;823.1;0.0;0.6;0;0.0
KENAI;202503140320;14.3;91.9;823.1;0.6;0.8;248;0.0
KENAI;202503140330;14.5;91.8;823.1;0.0;0.8;0;0.0
KENAI;202503140340;14.3;92.4;823.1;0.3;0.5;158;0.0
KENAI;202503140350;14.5;92.1;823.1;0.7;0.9;245;0.0
KENAI;202503140400;14.8;91.0;823.1;1.0;1.2;177;0.0
KENAI;202503140410;15.5;88.6;823.1;0.4;0.6;176;0.0
