169
VRXZ07 LSSW 120018
Station/Location;Date;tre200s0;uor200s0;prestas0;fkl010z0;fkl010z1;dkl010z0;rre150z0
KENAI;202508112220;-;80.7;825.3;1.5;3.4;33;0.0
KENAI;202508112230;-;81.3;825.1;1.4;4.1;63;0.0
KENAI;202508112240;-;82.1;825.0;0.7;3.3;90;0.0
KENAI;202508112250;-;83.1;825.0;1.2;3.1;44;0.0
KENAI;202508112300;-;84.5;825.0;1.1;3.0;6;0.0
KENAI;202508112310;14.5;85.3;825.0;0.7;2.6;60;0.0
KENAI;202508112320;-;87.2;824.9;0.0;1.4;0;0.0
KENAI;202508112330;-;88.7;824.8;0.9;1.6;79;0.0
KENAI;202508112340;-;90.9;824.8;0.4;1.8;119;0.0
KENAI;202508112350;-;91.6;824.6;1.1;1.8;127;0.0
KENAI;202508120000;-;92.5;824.6;0.7;1.9;40;0.0
KENAI;202508120010;-;92.7;824.6;0.4;2.0;113;0.0
