994
VRXZ07 LSSW 172138
Station/Location;Date;tre200s0;uor200s0;prestas0;fkl010z0;fkl010z1;dkl010z0;rre150z0
KENAI;202411171940;18.1;76.6;824.2;0.8;2.2;53;0.0
KENAI;202411171950;18.1;77.2;824.2;1.0;3.0;57;0.0
KENAI;202411172000;18.1;76.7;824.2;0.8;2.2;43;0.0
KENAI;202411172010;17.9;78.0;824.2;0.5;1.9;94;0.0
KENAI;202411172020;17.8;78.4;824.1;0.8;1.5;11;0.0
KENAI;202411172030;17.8;78.5;824.1;0.6;1.3;83;0.0
KENAI;202411172040;17.7;79.6;824.2;0.5;1.3;91;0.0
KENAI;202411172050;17.6;80.6;824.0;0.4;0.7;20;0.0
KENAI;202411172100;17.7;80.1;824.0;0.9;1.4;16;0.0
KENAI;202411172110;17.7;79.6;823.7;0.7;1.8;45;0.0
KENAI;202411172120;17.6;80.4;823.7;0.6;1.8;38;0.0
KENAI;202411172130;17.5;80.4;823.7;0.9;1.7;64;0.0
