541
VRXZ07 LSSW 020918
Station/Location;Date;tre200s0;uor200s0;prestas0;fkl010z0;fkl010z1;dkl010z0;rre150z0
KENAI;202412020720;19.4;78.1;824.7;0.9;3.6;21;0.0
KENAI;202412020730;19.8;73.8;824.8;1.5;4.3;17;0.0
KENAI;202412020740;20.1;72.6;824.7;2.7;3.9;44;0.0
KENAI;202412020750;20.5;72.9;824.6;1.4;4.5;5;0.0
KENAI;202412020800;20.4;69.2;824.4;2.1;5.1;48;0.0
KENAI;202412020810;20.7;-;824.3;2.1;4.4;-;0.0
KENAI;202412020820;21.1;68.4;824.2;1.8;4.0;101;0.0
KENAI;202412020830;21.3;68.5;824.1;1.2;4.1;53;0.0
KENAI;202412020840;21.2;68.9;823.9;3.1;4.5;44;0.0
KENAI;202412020850;-;-;-;-;5.1;-;-
KENAI;202412020900;21.9;63.7;823.6;2.6;4.1;71;0.0
KENAI;202412020910;21.6;63.7;823.4;2.0;4.5;104;0.0
