602
VRXZ07 LSSW 171118
Station/Location;Date;tre200s0;uor200s0;prestas0;fkl010z0;fkl010z1;dkl010z0;rre150z0
KENAI;202411170920;21.9;65.0;823.2;3.1;5.8;7;0.0
KENAI;202411170930;23.5;61.5;823.0;2.1;4.8;17;0.0
KENAI;202411170940;22.2;64.7;822.8;1.7;5.9;29;0.0
KENAI;202411170950;22.3;64.8;822.8;2.9;4.7;39;0.0
KENAI;202411171000;22.5;61.5;822.6;3.1;5.8;82;0.0
KENAI;202411171010;22.8;61.6;822.4;4.1;6.0;119;0.0
KENAI;202411171020;23.6;63.2;822.2;2.3;7.6;63;0.0
KENAI;202411171030;23.1;61.2;822.2;4.5;5.9;84;0.0
KENAI;202411171040;23.2;62.1;822.2;3.1;6.9;41;0.0
KENAI;202411171050;23.7;57.4;822.0;4.9;6.4;60;0.0
KENAI;202411171100;23.9;60.4;821.7;2.6;6.6;56;0.0
KENAI;202411171110;24.1;57.8;821.5;2.8;7.5;28;0.0
