647
VRXZ07 LSSW 091528
Station/Location;Date;tre200s0;uor200s0;prestas0;fkl010z0;fkl010z1;dkl010z0;rre150z0
KENAI;202502091330;27.3;31.9;820.8;1.8;4.7;56;0.0
KENAI;202502091340;27.3;34.4;820.7;3.4;5.1;20;0.0
KENAI;202502091350;27.9;31.0;820.6;1.4;5.6;66;0.0
KENAI;202502091400;27.8;31.2;820.6;1.8;6.3;36;0.0
KENAI;202502091410;27.7;31.3;820.6;4.0;6.1;69;0.0
KENAI;202502091420;27.9;28.8;820.6;2.3;5.3;341;0.0
KENAI;202502091430;27.6;32.0;820.7;1.1;5.0;39;0.0
KENAI;202502091440;26.8;32.1;820.7;2.1;5.1;57;0.0
KENAI;202502091450;25.8;35.9;820.8;3.8;6.4;55;0.0
KENAI;202502091500;25.6;36.3;820.9;3.0;6.5;36;0.0
KENAI;202502091510;25.1;39.6;821.1;2.5;5.3;35;0.0
KENAI;202502091520;24.9;41.3;821.1;1.1;5.4;61;0.0
