766
VRXZ07 LSSW 281408
Station/Location;Date;tre200s0;uor200s0;prestas0;fkl010z0;fkl010z1;dkl010z0;rre150z0
KENAI;202504281210;25.6;46.1;820.7;0.4;4.1;196;0.0
KENAI;202504281220;25.5;44.6;820.7;0.7;4.3;186;0.0
KENAI;202504281230;24.9;45.5;820.7;2.6;3.6;88;0.0
KENAI;202504281240;25.4;45.6;820.5;0.9;3.1;179;0.0
KENAI;202504281250;25.5;44.9;820.6;1.8;3.3;152;0.0
KENAI;202504281300;25.6;44.2;820.6;1.7;4.2;162;0.0
KENAI;202504281310;25.9;44.2;820.5;1.2;4.0;86;0.0
KENAI;202504281320;25.8;44.2;820.4;0.9;2.5;165;0.0
KENAI;202504281330;26.1;44.8;820.3;1.1;2.8;76;0.0
KENAI;202504281340;26.3;43.6;820.2;1.8;3.3;107;0.0
KENAI;202504281350;26.1;43.0;820.2;1.0;3.0;116;0.0
KENAI;202504281400;26.2;43.1;820.3;1.4;2.5;162;0.0
