390
VRXZ07 LSSW 070148
Station/Location;Date;tre200s0;uor200s0;prestas0;fkl010z0;fkl010z1;dkl010z0;rre150z0
KENAI;202502062350;17.4;77.3;822.6;0.3;2.7;105;0.0
KENAI;202502070000;17.5;77.3;822.5;0.8;1.8;56;0.0
KENAI;202502070010;17.6;76.7;822.3;0.8;1.8;52;0.0
KENAI;202502070020;17.5;77.4;822.4;0.7;1.8;351;0.0
KENAI;202502070030;17.4;77.9;822.4;0.4;1.9;34;0.0
KENAI;202502070040;17.3;78.1;822.3;1.1;2.3;7;0.0
KENAI;202502070050;17.1;78.8;822.4;1.1;2.3;17;0.0
KENAI;202502070100;16.9;79.8;822.4;0.6;2.2;106;0.0
KENAI;202502070110;16.9;79.7;822.6;0.6;1.1;343;0.0
KENAI;202502070120;16.6;80.7;822.6;0.0;0.5;0;0.0
KENAI;202502070130;16.0;82.8;822.6;0.0;0.5;0;0.0
KENAI;202502070140;16.3;82.6;822.9;0.4;0.7;278;0.0
