173
VRXZ07 LSSW 190148
Station/Location;Date;tre200s0;uor200s0;prestas0;fkl010z0;fkl010z1;dkl010z0;rre150z0
KENAI;202505182350;16.8;90.1;823.4;0.8;1.1;176;0.0
KENAI;202505190000;16.6;90.0;823.2;2.1;3.1;121;0.0
KENAI;202505190010;16.7;90.3;823.2;0.8;1.8;101;0.0
KENAI;202505190020;16.6;90.1;823.1;1.0;1.6;178;0.0
KENAI;202505190030;-;90.3;823.1;0.4;0.9;42;0.0
KENAI;202505190040;-;90.6;823.2;0.6;1.0;89;0.0
KENAI;202505190050;-;90.3;823.3;0.8;1.2;110;0.0
KENAI;202505190100;16.5;90.6;823.4;0.9;1.8;166;0.0
KENAI;202505190110;16.6;90.5;823.4;0.4;1.7;132;0.0
KENAI;202505190120;16.6;91.1;823.3;0.6;2.0;156;0.0
KENAI;202505190130;16.5;91.5;823.3;1.0;1.5;158;0.0
KENAI;202505190140;16.4;91.3;823.3;1.2;2.2;176;0.0
