846
VRXZ07 LSSW 060228
Station/Location;Date;tre200s0;uor200s0;prestas0;fkl010z0;fkl010z1;dkl010z0;rre150z0
KENAI;202508060030;-;79.8;825.3;0.0;0.7;0;0.0
KENAI;202508060040;-;80.0;825.3;0.3;0.6;287;0.0
KENAI;202508060050;11.9;80.0;825.3;0.4;0.9;330;0.0
KENAI;202508060100;-;80.8;825.4;0.3;0.4;71;0.0
KENAI;202508060110;-;81.7;825.5;0.5;0.9;285;0.0
KENAI;202508060120;-;81.1;825.4;0.4;1.0;271;0.0
KENAI;202508060130;-;79.6;825.4;0.5;1.4;238;0.0
KENAI;202508060140;-;80.9;825.4;0.6;1.0;315;0.0
KENAI;202508060150;-;82.7;825.3;0.4;0.8;196;0.0
KENAI;202508060200;-;83.2;825.6;0.9;1.1;243;0.0
KENAI;202508060210;-;83.8;825.6;0.5;1.6;236;0.0
KENAI;202508060220;-;84.6;825.7;0.4;0.6;287;0.0
