487
VRXZ07 LSSW 051028
Station/Location;Date;tre200s0;uor200s0;prestas0;fkl010z0;fkl010z1;dkl010z0;rre150z0
KENAI;202506050830;-;73.1;828.0;1.3;3.6;156;0.0
KENAI;202506050840;-;68.5;827.7;1.3;4.0;78;0.0
KENAI;202506050850;22.0;62.2;827.6;1.7;4.8;120;0.0
KENAI;202506050900;-;65.4;827.4;0.9;3.0;174;0.0
KENAI;202506050910;-;63.1;827.3;2.3;3.4;67;0.0
KENAI;202506050920;-;-;827.3;1.9;3.3;-;0.0
KENAI;202506050930;22.3;56.8;827.2;1.4;3.8;92;0.0
KENAI;202506050940;-;53.2;827.1;1.6;4.4;139;0.0
KENAI;202506050950;21.8;55.2;827.0;0.9;4.0;75;0.0
KENAI;202506051000;-;56.4;826.9;0.0;3.4;0;0.0
KENAI;202506051010;21.8;57.5;826.8;0.7;4.3;251;0.0
KENAI;202506051020;-;56.3;826.5;2.4;5.3;181;0.0
