948
VRXZ07 LSSW 131128
Station/Location;Date;tre200s0;uor200s0;prestas0;fkl010z0;fkl010z1;dkl010z0;rre150z0
KENAI;202507130930;-;79.9;828.3;1.7;2.9;61;0.0
KENAI;202507130940;-;77.0;828.4;1.0;2.5;153;0.0
KENAI;202507130950;-;76.0;828.2;1.8;2.8;152;0.0
KENAI;202507131000;-;73.8;828.1;0.8;2.9;117;0.0
KENAI;202507131010;-;73.3;828.0;2.5;3.5;142;0.0
KENAI;202507131020;19.9;72.3;828.0;2.1;4.3;137;0.0
KENAI;202507131030;-;68.7;827.8;2.5;3.6;204;0.0
KENAI;202507131040;20.1;69.7;827.7;1.3;3.8;90;0.0
KENAI;202507131050;19.7;69.1;827.5;1.4;3.8;147;0.0
KENAI;202507131100;20.0;66.9;827.3;1.0;4.3;163;0.0
KENAI;202507131110;-;66.4;827.2;1.8;3.2;142;0.0
KENAI;202507131120;20.3;64.4;827.1;1.1;3.0;99;0.0
