579
VRXZ07 LSSW 071608
Station/Location;Date;tre200s0;uor200s0;prestas0;fkl010z0;fkl010z1;dkl010z0;rre150z0
KENAI;202412071410;24.8;40.6;822.3;1.2;4.9;101;0.0
KENAI;202412071420;24.7;39.9;822.3;2.9;5.4;65;0.0
KENAI;202412071430;24.4;40.9;822.3;2.5;4.7;74;0.0
KENAI;202412071440;24.1;41.3;822.4;2.3;5.3;47;0.0
KENAI;202412071450;23.8;41.7;822.5;4.4;5.9;82;0.0
KENAI;202412071500;23.4;43.7;822.7;3.1;4.9;43;0.0
KENAI;202412071510;22.8;44.6;822.8;2.1;4.8;44;0.0
KENAI;202412071520;22.4;45.1;822.8;2.3;4.7;11;0.0
KENAI;202412071530;22.1;46.1;823.0;2.8;5.4;83;0.0
KENAI;202412071540;21.6;48.1;823.2;2.6;4.7;68;0.0
KENAI;202412071550;21.5;50.0;823.5;1.2;5.4;59;0.0
KENAI;202412071600;21.1;52.3;823.6;2.4;5.9;27;0.0
