179
VRXZ07 LSSW 252218
Station/Location;Date;tre200s0;uor200s0;prestas0;fkl010z0;fkl010z1;dkl010z0;rre150z0
KENAI;202506252020;-;83.1;826.6;0.4;1.9;52;0.0
KENAI;202506252030;-;83.2;826.6;0.6;1.0;344;0.0
KENAI;202506252040;-;84.0;826.5;2.1;2.6;11;0.0
KENAI;202506252050;-;85.5;826.5;0.8;3.3;68;0.0
KENAI;202506252100;-;85.5;826.6;0.9;2.4;25;0.0
KENAI;202506252110;-;86.0;826.5;0.8;2.5;44;0.0
KENAI;202506252120;-;86.3;826.4;0.8;2.4;43;0.0
KENAI;202506252130;-;87.1;826.4;1.5;4.1;19;0.0
KENAI;202506252140;-;87.3;826.3;1.2;2.3;82;0.0
KENAI;202506252150;16.1;87.1;826.3;0.9;2.3;13;0.0
KENAI;202506252200;-;87.7;826.3;0.4;1.4;59;0.0
KENAI;202506252210;-;87.5;826.2;0.6;1.3;44;0.0
