244
VRXZ07 LSSW 271848
Station/Location;Date;tre200s0;uor200s0;prestas0;fkl010z0;fkl010z1;dkl010z0;rre150z0
KENAI;202502271650;23.5;28.8;823.4;0.7;5.5;35;0.0
KENAI;202502271700;23.6;29.4;823.6;2.0;5.2;19;0.0
KENAI;202502271710;23.1;31.1;823.7;2.1;3.8;7;0.0
KENAI;202502271720;22.9;32.4;823.8;1.2;3.7;355;0.0
KENAI;202502271730;22.7;32.6;823.9;1.1;3.3;11;0.0
KENAI;202502271740;22.3;33.6;823.9;1.3;2.4;356;0.0
KENAI;202502271750;21.8;34.8;823.9;0.8;2.0;13;0.0
KENAI;202502271800;21.7;36.1;824.1;0.7;2.0;16;0.0
KENAI;202502271810;21.7;36.7;824.3;0.0;2.2;0;0.0
KENAI;202502271820;21.2;38.4;824.3;0.5;2.3;43;0.0
KENAI;202502271830;20.9;39.2;824.4;0.4;0.9;28;0.0
KENAI;202502271840;20.7;40.5;824.5;0.6;1.6;61;0.0
