771
VRXZ07 LSSW 200638
Station/Location;Date;tre200s0;uor200s0;prestas0;fkl010z0;fkl010z1;dkl010z0;rre150z0
KENAI;202504200440;16.2;91.8;824.5;0.5;1.8;11;0.0
KENAI;202504200450;16.4;89.7;824.5;0.0;1.3;0;0.0
KENAI;202504200500;16.5;88.6;824.5;0.3;1.2;330;0.0
KENAI;202504200510;17.7;85.7;824.4;0.8;2.1;24;0.0
KENAI;202504200520;18.9;79.0;824.5;0.0;1.6;0;0.0
KENAI;202504200530;18.5;82.1;824.5;0.8;2.3;136;0.0
KENAI;202504200540;18.1;81.5;824.5;0.9;1.9;177;0.0
KENAI;202504200550;18.0;82.6;824.5;0.8;2.1;225;0.0
KENAI;202504200600;18.6;78.6;824.6;0.5;1.4;183;0.0
KENAI;202504200610;19.5;74.1;824.6;0.3;2.1;174;0.0
KENAI;202504200620;19.9;72.2;824.5;1.2;2.0;303;0.0
KENAI;202504200630;20.2;73.6;824.6;0.5;3.5;104;0.0
