364
VRXZ07 LSSW 171858
Station/Location;Date;tre200s0;uor200s0;prestas0;fkl010z0;fkl010z1;dkl010z0;rre150z0
KENAI;202504171700;21.8;58.7;823.4;0.4;4.7;116;0.0
KENAI;202504171710;21.9;57.8;823.7;1.6;4.1;85;0.0
KENAI;202504171720;21.8;57.6;823.7;1.0;3.9;41;0.0
KENAI;202504171730;21.7;58.2;823.9;1.0;4.0;90;0.0
KENAI;202504171740;21.7;59.6;824.0;1.2;3.9;85;0.0
KENAI;202504171750;21.4;63.3;824.1;2.0;5.9;84;0.0
KENAI;202504171800;21.1;65.8;824.2;2.0;5.8;47;0.0
KENAI;202504171810;21.1;67.4;824.4;3.2;4.8;46;0.0
KENAI;202504171820;20.8;69.6;824.7;2.9;5.6;79;0.0
KENAI;202504171830;20.5;72.9;824.8;3.7;7.2;78;0.0
KENAI;202504171840;20.2;75.4;824.7;1.8;6.5;81;0.0
KENAI;202504171850;20.0;77.0;824.7;1.8;5.1;74;0.0
