139
VRXZ07 LSSW 070708
Station/Location;Date;tre200s0;uor200s0;prestas0;fkl010z0;fkl010z1;dkl010z0;rre150z0
KENAI;202506070510;-;84.8;828.1;1.6;2.4;122;0.0
KENAI;202506070520;-;83.3;828.3;1.7;2.2;158;0.0
KENAI;202506070530;-;79.5;828.3;1.9;2.9;125;0.0
KENAI;202506070540;-;80.9;828.4;1.0;2.3;38;0.0
KENAI;202506070550;17.4;77.0;828.4;1.3;2.7;63;0.0
KENAI;202506070600;18.1;75.5;828.5;1.0;3.4;83;0.0
KENAI;202506070610;18.3;73.7;828.5;0.6;3.6;132;0.0
KENAI;202506070620;-;70.7;828.5;0.6;3.6;142;0.0
KENAI;202506070630;18.7;73.6;828.5;2.2;3.8;82;0.0
KENAI;202506070640;-;70.7;828.5;1.6;3.9;85;0.0
KENAI;202506070650;18.9;69.6;828.5;1.7;3.1;79;0.0
KENAI;202506070700;-;69.0;828.5;2.9;3.9;31;0.0
