142
VRXZ07 LSSW 241508
Station/Location;Date;tre200s0;uor200s0;prestas0;fkl010z0;fkl010z1;dkl010z0;rre150z0
KENAI;202411241310;24.7;55.3;820.8;3.5;5.8;72;0.0
KENAI;202411241320;23.7;59.1;821.0;2.6;5.9;23;0.0
KENAI;202411241330;23.5;61.1;821.0;1.6;6.3;38;0.0
KENAI;202411241340;23.3;63.2;821.2;1.9;5.3;119;0.0
KENAI;202411241350;23.0;63.9;821.3;3.1;5.6;56;0.0
KENAI;202411241400;22.6;65.1;821.4;3.3;6.8;72;0.0
KENAI;202411241410;22.4;65.6;821.4;1.4;5.5;88;0.0
KENAI;202411241420;22.3;65.9;821.5;2.2;6.2;79;0.0
KENAI;202411241430;22.1;66.1;821.7;1.3;5.3;121;0.0
KENAI;202411241440;21.8;67.8;821.7;3.8;5.9;161;0.0
KENAI;202411241450;21.0;74.1;822.1;1.9;5.3;84;0.0
KENAI;202411241500;20.9;72.8;822.2;2.7;4.8;135;0.0
