800
VRXZ07 LSSW 251348
Station/Location;Date;tre200s0;uor200s0;prestas0;fkl010z0;fkl010z1;dkl010z0;rre150z0
KENAI;202506251150;-;52.7;824.8;1.6;3.9;60;0.0
KENAI;202506251200;-;52.7;824.7;2.6;5.2;49;0.0
KENAI;202506251210;-;52.9;824.5;1.3;4.0;6;0.0
KENAI;202506251220;-;54.7;824.5;1.5;3.3;73;0.0
KENAI;202506251230;-;54.7;824.4;1.0;2.8;108;0.0
KENAI;202506251240;-;57.6;824.3;2.3;6.7;99;0.0
KENAI;202506251250;20.9;61.5;824.3;2.7;6.6;118;0.0
KENAI;202506251300;-;62.2;824.4;2.8;5.4;119;0.0
KENAI;202506251310;-;63.0;824.3;2.2;5.3;129;0.0
KENAI;202506251320;20.4;63.1;824.3;1.9;4.7;155;0.0
KENAI;202506251330;20.5;64.4;824.3;0.7;4.1;134;0.0
KENAI;202506251340;-;62.5;824.3;1.7;3.8;126;0.0
