241
VRXZ07 LSSW 140848
Station/Location;Date;tre200s0;uor200s0;prestas0;fkl010z0;fkl010z1;dkl010z0;rre150z0
KENAI;202503140650;24.0;50.3;824.0;2.1;6.1;19;0.0
KENAI;202503140700;24.1;-;824.0;1.7;4.1;-;0.0
KENAI;202503140710;24.1;47.4;823.9;1.9;5.6;49;0.0
KENAI;202503140720;24.9;43.8;823.8;4.1;6.0;83;0.0
KENAI;202503140730;24.9;44.4;823.8;3.2;5.6;10;0.0
KENAI;202503140740;24.8;43.0;823.7;1.8;5.2;57;0.0
KENAI;202503140750;25.0;40.0;823.7;1.8;6.2;353;0.0
KENAI;202503140800;25.4;39.5;823.5;3.1;4.9;31;0.0
KENAI;202503140810;25.8;40.2;823.4;3.1;6.1;59;0.0
KENAI;202503140820;25.9;38.7;823.2;2.6;5.2;27;0.0
KENAI;202503140830;25.9;37.4;823.0;2.3;5.7;61;0.0
KENAI;202503140840;26.2;37.0;822.9;2.0;5.2;310;0.0
