171
VRXZ07 LSSW 231338
Station/Location;Date;tre200s0;uor200s0;prestas0;fkl010z0;fkl010z1;dkl010z0;rre150z0
KENAI;202506231140;-;58.9;824.8;0.5;4.1;61;0.0
KENAI;202506231150;-;57.8;824.6;0.6;3.5;91;0.0
KENAI;202506231200;-;58.2;824.4;1.1;3.4;95;0.0
KENAI;202506231210;22.3;57.5;824.3;2.3;3.1;84;0.0
KENAI;202506231220;21.6;58.4;824.1;1.9;4.5;87;0.0
KENAI;202506231230;-;54.1;824.1;0.9;4.7;68;0.0
KENAI;202506231240;21.4;58.9;824.1;2.4;4.3;53;0.0
KENAI;202506231250;-;58.2;824.0;2.6;3.1;37;0.0
KENAI;202506231300;-;57.6;824.0;1.8;5.0;37;0.0
KENAI;202506231310;21.7;60.2;824.0;1.8;4.5;1;0.0
KENAI;202506231320;22.2;57.2;824.0;2.3;5.0;23;0.0
KENAI;202506231330;-;59.0;824.0;1.3;3.5;46;0.0
