493
VRXZ07 LSSW 191948
Station/Location;Date;tre200s0;uor200s0;prestas0;fkl010z0;fkl010z1;dkl010z0;rre150z0
KENAI;202504191750;19.2;83.2;823.3;1.1;2.6;100;0.0
KENAI;202504191800;19.1;84.1;823.3;1.8;4.4;84;0.0
KENAI;202504191810;18.9;86.0;823.3;2.4;4.6;21;0.0
KENAI;202504191820;18.5;88.9;823.6;2.2;3.7;23;0.0
KENAI;202504191830;18.3;89.8;823.8;2.5;4.7;36;0.0
KENAI;202504191840;17.9;88.1;824.0;2.6;3.9;10;0.0
KENAI;202504191850;17.7;88.8;824.1;1.4;3.6;2;0.0
KENAI;202504191900;17.5;87.6;824.2;1.8;4.1;9;0.0
KENAI;202504191910;17.4;88.6;824.2;3.8;5.3;14;0.0
KENAI;202504191920;17.4;89.0;824.2;1.8;4.7;26;0.0
KENAI;202504191930;17.4;88.7;824.2;2.2;6.3;2;0.0
KENAI;202504191940;17.5;88.4;824.3;1.3;4.2;4;0.0
