630
VRXZ07 LSSW 261918
Station/Location;Date;tre200s0;uor200s0;prestas0;fkl010z0;fkl010z1;dkl010z0;rre150z0
KENAI;202504261720;19.1;73.0;823.5;0.7;2.9;67;0.0
KENAI;202504261730;18.9;73.9;823.4;0.7;2.7;84;0.0
KENAI;202504261740;18.9;74.5;823.7;1.7;2.2;106;0.0
KENAI;202504261750;-;75.1;823.7;0.0;2.3;0;0.0
KENAI;202504261800;18.5;75.8;823.9;0.4;2.6;188;0.0
KENAI;202504261810;-;76.2;823.9;0.7;1.8;142;0.0
KENAI;202504261820;-;77.7;824.1;0.4;1.2;157;0.0
KENAI;202504261830;17.9;78.5;824.2;0.3;1.1;92;0.0
KENAI;202504261840;-;79.2;824.5;0.0;1.0;0;0.0
KENAI;202504261850;17.9;78.8;824.4;0.3;1.1;201;0.0
KENAI;202504261900;-;79.7;824.5;0.7;1.0;89;0.0
KENAI;202504261910;17.6;80.5;824.7;0.4;0.8;54;0.0
