723
VRXZ07 LSSW 241128
Station/Location;Date;tre200s0;uor200s0;prestas0;fkl010z0;fkl010z1;dkl010z0;rre150z0
KENAI;202507240930;22.0;57.3;826.1;2.5;4.5;164;0.0
KENAI;202507240940;-;50.9;825.9;2.1;5.0;119;0.0
KENAI;202507240950;22.9;53.7;825.8;0.6;4.2;119;0.0
KENAI;202507241000;-;51.3;825.6;1.8;4.7;174;0.0
KENAI;202507241010;23.2;48.9;825.4;1.7;4.6;342;0.0
KENAI;202507241020;-;48.7;825.3;2.5;6.6;58;0.0
KENAI;202507241030;23.7;51.7;825.2;1.3;5.0;206;0.0
KENAI;202507241040;24.0;47.0;825.0;1.9;5.4;95;0.0
KENAI;202507241050;-;-;-;-;3.8;-;-
KENAI;202507241100;23.3;49.3;824.8;2.1;5.2;117;0.0
KENAI;202507241110;23.2;48.2;824.6;1.6;4.6;183;0.0
KENAI;202507241120;23.2;49.1;824.6;1.6;4.3;148;0.0
