975
VRXZ07 LSSW 241138
Station/Location;Date;tre200s0;uor200s0;prestas0;fkl010z0;fkl010z1;dkl010z0;rre150z0
KENAI;202506240940;-;57.2;826.5;2.1;4.2;133;0.0
KENAI;202506240950;-;58.0;826.3;2.2;4.8;58;0.0
KENAI;202506241000;21.2;55.9;826.1;0.4;4.1;250;0.0
KENAI;202506241010;-;54.8;825.9;0.7;3.9;134;0.0
KENAI;202506241020;-;56.0;825.8;3.1;5.2;99;0.0
KENAI;202506241030;21.7;56.2;825.5;1.5;4.5;208;0.0
KENAI;202506241040;-;56.5;825.4;1.7;4.5;183;0.0
KENAI;202506241050;-;55.7;825.4;2.5;4.2;120;0.0
KENAI;202506241100;-;50.2;825.2;0.5;3.6;61;0.0
KENAI;202506241110;22.7;49.4;825.2;0.9;4.6;141;0.0
KENAI;202506241120;23.5;49.7;825.0;2.0;4.9;114;0.0
KENAI;202506241130;-;48.8;824.8;1.3;5.5;146;0.0
