287
VRXZ07 LSSW 061518
Station/Location;Date;tre200s0;uor200s0;prestas0;fkl010z0;fkl010z1;dkl010z0;rre150z0
KENAI;202502061320;25.8;47.2;819.3;4.3;5.3;40;0.0
KENAI;202502061330;25.6;49.1;819.3;2.6;4.7;42;0.0
KENAI;202502061340;25.5;50.3;819.5;2.6;6.6;18;0.0
KENAI;202502061350;25.0;50.3;819.5;3.6;6.2;71;0.0
KENAI;202502061400;25.0;50.8;819.5;2.3;5.4;83;0.0
KENAI;202502061410;24.8;50.7;819.5;3.1;6.2;90;0.0
KENAI;202502061420;25.0;50.4;819.6;2.1;5.8;27;0.0
KENAI;202502061430;24.2;51.7;819.8;2.8;5.6;43;0.0
KENAI;202502061440;23.6;52.6;819.9;1.7;7.3;46;0.0
KENAI;202502061450;23.7;51.9;820.1;3.1;6.3;94;0.0
KENAI;202502061500;-;-;-;-;6.2;-;-
KENAI;202502061510;23.3;53.5;820.2;3.0;5.0;52;0.0
