307
VRXZ07 LSSW 191818
Station/Location;Date;tre200s0;uor200s0;prestas0;fkl010z0;fkl010z1;dkl010z0;rre150z0
KENAI;202502191620;23.1;34.6;822.1;1.9;5.1;56;0.0
KENAI;202502191630;22.9;36.0;822.2;1.9;3.7;45;0.0
KENAI;202502191640;22.5;37.4;822.3;1.2;3.4;77;0.0
KENAI;202502191650;22.5;36.9;822.4;1.2;3.7;42;0.0
KENAI;202502191700;22.0;37.5;822.4;1.0;3.2;10;0.0
KENAI;202502191710;21.8;37.9;822.5;0.8;2.7;41;0.0
KENAI;202502191720;21.9;37.0;822.7;1.3;3.4;354;0.0
KENAI;202502191730;21.5;37.3;822.7;0.8;2.8;23;0.0
KENAI;202502191740;21.3;37.5;822.8;0.9;1.8;29;0.0
KENAI;202502191750;21.2;38.1;822.9;0.7;1.9;38;0.0
KENAI;202502191800;21.2;38.6;823.0;0.9;2.2;12;0.0
KENAI;202502191810;21.0;39.5;823.1;1.5;2.5;8;0.0
