186
VRXZ07 LSSW 060818
Station/Location;Date;tre200s0;uor200s0;prestas0;fkl010z0;fkl010z1;dkl010z0;rre150z0
KENAI;202502060620;20.2;59.9;823.3;1.8;5.7;340;0.0
KENAI;202502060630;20.2;62.1;823.1;3.4;4.4;20;0.0
KENAI;202502060640;20.3;59.4;823.0;1.9;5.3;41;0.0
KENAI;202502060650;20.6;58.7;823.1;1.6;4.9;65;0.0
KENAI;202502060700;20.9;57.0;823.1;2.2;7.1;61;0.0
KENAI;202502060710;21.3;55.6;822.9;1.7;5.2;6;0.0
KENAI;202502060720;21.4;54.8;823.0;2.4;6.5;357;0.0
KENAI;202502060730;21.4;55.2;823.0;3.2;5.3;10;0.0
KENAI;202502060740;21.6;54.9;823.0;2.4;6.1;28;0.0
KENAI;202502060750;22.0;51.5;823.0;1.4;4.4;49;0.0
KENAI;202502060800;22.3;51.4;822.8;4.4;6.5;69;0.0
KENAI;202502060810;22.0;52.4;822.7;2.2;6.2;67;0.0
