121
VRXZ07 LSSW 300738
Station/Location;Date;tre200s0;uor200s0;prestas0;fkl010z0;fkl010z1;dkl010z0;rre150z0
KENAI;202503300540;18.1;91.8;824.2;1.5;3.8;80;0.0
KENAI;202503300550;18.9;-;824.4;1.6;3.9;-;0.0
KENAI;202503300600;19.6;84.4;824.5;1.9;4.6;39;0.0
KENAI;202503300610;19.4;82.2;824.5;2.7;4.3;70;0.0
KENAI;202503300620;19.9;83.6;824.6;1.5;3.3;47;0.0
KENAI;202503300630;21.0;77.5;824.6;3.2;4.8;103;0.0
KENAI;202503300640;20.5;78.4;824.7;2.3;5.4;94;0.0
KENAI;202503300650;21.2;74.7;824.7;3.0;5.2;59;0.0
KENAI;202503300700;-;-;-;-;5.0;-;-
KENAI;202503300710;21.2;74.5;824.6;2.2;4.9;77;0.0
KENAI;202503300720;20.6;75.3;824.7;3.6;4.7;94;0.0
KENAI;202503300730;20.8;76.2;824.5;2.0;4.5;34;0.0
