744
VRXZ07 LSSW 152108
Station/Location;Date;tre200s0;uor200s0;prestas0;fkl010z0;fkl010z1;dkl010z0;rre150z0
KENAI;202502151910;21.3;61.1;824.3;1.3;5.5;57;0.0
KENAI;202502151920;20.8;64.6;824.2;2.8;5.3;40;0.0
KENAI;202502151930;20.7;67.4;824.3;2.7;4.9;43;0.0
KENAI;202502151940;20.6;69.1;824.3;1.3;4.3;62;0.0
KENAI;202502151950;20.6;69.8;824.4;3.1;5.4;55;0.0
KENAI;202502152000;20.5;70.7;824.6;1.4;4.8;61;0.0
KENAI;202502152010;20.6;71.0;824.6;1.9;5.6;79;0.0
KENAI;202502152020;20.5;71.6;824.6;3.4;3.7;61;0.0
KENAI;202502152030;20.3;72.7;824.5;1.2;5.0;56;0.0
KENAI;202502152040;20.2;74.1;824.4;2.5;4.3;46;0.0
KENAI;202502152050;19.9;75.9;824.4;2.2;6.9;47;0.1
KENAI;202502152100;19.7;76.4;824.2;3.0;6.5;53;0.1
