588
VRXZ07 LSSW 181838
Station/Location;Date;tre200s0;uor200s0;prestas0;fkl010z0;fkl010z1;dkl010z0;rre150z0
KENAI;202506181640;-;73.5;825.1;0.7;2.4;177;0.0
KENAI;202506181650;-;74.6;825.2;1.1;2.3;149;0.0
KENAI;202506181700;-;72.4;825.3;0.5;3.0;158;0.0
KENAI;202506181710;-;71.1;825.5;0.9;2.2;127;0.0
KENAI;202506181720;-;71.2;825.7;0.8;2.2;110;0.0
KENAI;202506181730;-;70.2;825.8;1.0;2.5;148;0.0
KENAI;202506181740;-;69.4;825.9;1.5;2.6;132;0.0
KENAI;202506181750;-;68.9;826.0;0.7;1.6;146;0.0
KENAI;202506181800;-;69.8;826.1;0.7;2.2;135;0.0
KENAI;202506181810;19.2;71.8;826.3;0.6;1.1;23;0.1
KENAI;202506181820;18.3;75.4;826.4;1.3;2.6;119;1.1
KENAI;202506181830;17.2;84.5;826.5;1.3;2.3;84;0.5
