262
VRXZ07 LSSW 210158
Station/Location;Date;tre200s0;uor200s0;prestas0;fkl010z0;fkl010z1;dkl010z0;rre150z0
KENAI;202504210000;15.6;98.3;823.2;0.5;1.4;51;2.2
KENAI;202504210010;15.5;98.3;823.1;0.8;1.8;177;5.2
KENAI;202504210020;15.6;98.6;823.2;0.7;1.7;228;2.0
KENAI;202504210030;15.5;98.7;823.3;1.0;1.7;290;1.3
KENAI;202504210040;15.5;98.7;823.3;0.0;1.4;0;0.6
KENAI;202504210050;15.5;98.7;823.3;0.0;1.1;0;0.5
KENAI;202504210100;15.5;98.6;823.4;0.3;1.2;164;0.5
KENAI;202504210110;15.6;98.6;823.3;0.0;0.4;0;0.3
KENAI;202504210120;15.6;98.6;823.4;0.0;0.4;0;0.4
KENAI;202504210130;15.6;98.6;823.4;0.7;1.2;266;0.5
KENAI;202504210140;15.7;98.6;823.3;1.4;1.8;281;0.4
KENAI;202504210150;15.6;98.5;823.3;1.6;2.3;283;0.4
