126
VRXZ07 LSSW 241428
Station/Location;Date;tre200s0;uor200s0;prestas0;fkl010z0;fkl010z1;dkl010z0;rre150z0
KENAI;202507241230;23.5;46.9;823.9;0.9;7.4;120;0.0
KENAI;202507241240;23.4;47.1;823.8;2.3;3.5;73;0.0
KENAI;202507241250;-;46.2;823.8;1.6;4.1;185;0.0
KENAI;202507241300;24.8;44.7;823.7;1.4;4.6;89;0.0
KENAI;202507241310;24.7;44.7;823.6;3.5;4.3;166;0.0
KENAI;202507241320;-;43.2;823.7;1.4;4.6;76;0.0
KENAI;202507241330;23.4;46.3;823.6;1.1;3.8;127;0.0
KENAI;202507241340;23.5;46.0;823.7;0.9;3.3;126;0.0
KENAI;202507241350;24.1;44.1;823.7;0.9;3.8;130;0.0
KENAI;202507241400;-;44.9;823.8;1.5;5.0;115;0.0
KENAI;202507241410;-;46.4;823.8;1.5;4.9;113;0.0
KENAI;202507241420;23.5;46.7;823.8;1.5;3.5;99;0.0
