198
VRXZ07 LSSW 140448
Station/Location;Date;tre200s0;uor200s0;prestas0;fkl010z0;fkl010z1;dkl010z0;rre150z0
KENAI;202508140250;-;84.5;826.2;0.3;0.4;341;0.0
KENAI;202508140300;-;84.0;826.4;0.3;0.8;259;0.0
KENAI;202508140310;-;84.3;826.5;0.4;0.6;210;0.0
KENAI;202508140320;-;84.0;826.6;0.4;0.6;219;0.0
KENAI;202508140330;-;84.5;826.7;0.4;0.8;188;0.0
KENAI;202508140340;-;85.9;826.5;0.0;1.0;0;0.0
KENAI;202508140350;-;86.6;826.4;0.0;0.6;0;0.0
KENAI;202508140400;-;86.0;826.6;0.4;0.6;192;0.0
KENAI;202508140410;-;84.1;826.7;0.5;0.7;239;0.0
KENAI;202508140420;-;79.6;827.0;0.4;1.0;54;0.0
KENAI;202508140430;14.1;75.9;827.0;0.5;1.1;266;0.0
KENAI;202508140440;-;74.6;827.1;0.9;1.5;196;0.0
