551
VRXZ07 LSSW 050818
Station/Location;Date;tre200s0;uor200s0;prestas0;fkl010z0;fkl010z1;dkl010z0;rre150z0
KENAI;202506050620;-;74.4;828.4;0.9;3.2;101;0.0
KENAI;202506050630;18.4;74.0;828.4;0.7;2.5;178;0.0
KENAI;202506050640;-;73.5;828.4;1.2;3.6;64;0.0
KENAI;202506050650;-;74.3;828.4;2.0;2.9;118;0.0
KENAI;202506050700;-;-;828.4;1.6;4.1;-;0.0
KENAI;202506050710;20.2;67.8;828.4;1.0;3.3;349;0.0
KENAI;202506050720;-;70.5;828.4;0.5;3.3;165;0.0
KENAI;202506050730;-;69.0;828.4;2.0;4.2;119;0.0
KENAI;202506050740;-;76.5;828.3;2.8;3.4;125;0.0
KENAI;202506050750;-;69.4;828.3;1.6;4.3;144;0.0
KENAI;202506050800;-;69.2;828.2;1.0;3.0;113;0.0
KENAI;202506050810;-;71.3;828.2;1.9;4.4;183;0.0
