697
VRXZ07 LSSW 050658
Station/Location;Date;tre200s0;uor200s0;prestas0;fkl010z0;fkl010z1;dkl010z0;rre150z0
KENAI;202502050500;17.4;60.8;823.5;1.5;3.4;327;0.0
KENAI;202502050510;17.7;61.5;823.6;0.7;3.5;290;0.0
KENAI;202502050520;18.7;59.4;823.7;1.1;2.3;17;0.0
KENAI;202502050530;18.9;58.2;823.8;1.0;3.7;30;0.0
KENAI;202502050540;19.0;57.1;823.9;1.6;5.4;59;0.0
KENAI;202502050550;18.9;56.9;823.8;2.0;5.4;10;0.0
KENAI;202502050600;19.5;59.4;823.9;2.6;5.3;63;0.0
KENAI;202502050610;19.4;60.0;823.9;2.6;5.4;344;0.0
KENAI;202502050620;19.6;59.8;823.9;3.1;5.5;35;0.0
KENAI;202502050630;20.3;60.1;823.8;2.3;4.3;33;0.0
KENAI;202502050640;20.1;59.2;823.7;2.7;5.8;26;0.0
KENAI;202502050650;-;-;-;-;6.0;-;-
