709
VRXZ07 LSSW 080328
Station/Location;Date;tre200s0;uor200s0;prestas0;fkl010z0;fkl010z1;dkl010z0;rre150z0
KENAI;202508080130;-;83.2;822.9;0.5;0.9;123;0.0
KENAI;202508080140;-;83.7;823.1;0.7;1.4;159;0.0
KENAI;202508080150;-;84.2;823.1;1.0;1.6;131;0.0
KENAI;202508080200;-;84.7;823.1;1.0;1.5;116;0.0
KENAI;202508080210;-;85.5;823.1;0.5;1.3;139;0.0
KENAI;202508080220;-;85.3;823.2;0.4;1.4;123;0.0
KENAI;202508080230;14.5;86.3;823.2;0.6;1.2;118;0.0
KENAI;202508080240;-;86.7;823.2;0.4;1.2;173;0.0
KENAI;202508080250;-;87.0;823.1;0.7;1.4;138;0.0
KENAI;202508080300;-;87.5;823.2;1.0;1.6;119;0.0
KENAI;202508080310;-;88.0;823.1;0.6;1.0;174;0.0
KENAI;202508080320;14.1;88.5;823.2;0.0;1.5;0;0.0
