104
VRXZ07 LSSW 160458
Station/Location;Date;tre200s0;uor200s0;prestas0;fkl010z0;fkl010z1;dkl010z0;rre150z0
KENAI;202506160300;-;87.4;826.7;0.5;0.7;53;0.0
KENAI;202506160310;-;87.0;826.7;0.5;0.6;43;0.0
KENAI;202506160320;-;87.3;826.8;0.5;0.6;55;0.0
KENAI;202506160330;-;86.7;826.8;0.5;0.7;74;0.0
KENAI;202506160340;-;86.4;826.7;0.6;0.8;109;0.0
KENAI;202506160350;-;86.3;827.0;0.5;0.9;84;0.0
KENAI;202506160400;-;86.3;827.0;0.5;0.9;151;0.0
KENAI;202506160410;-;85.3;827.2;0.4;0.8;153;0.0
KENAI;202506160420;13.8;84.6;827.4;0.8;1.9;159;0.0
KENAI;202506160430;-;84.6;827.4;0.6;1.1;140;0.0
KENAI;202506160440;-;84.3;827.5;0.8;1.7;74;0.0
KENAI;202506160450;-;83.3;827.5;0.9;1.3;55;0.0
