961
VRXZ07 LSSW 160838
Station/Location;Date;tre200s0;uor200s0;prestas0;fkl010z0;fkl010z1;dkl010z0;rre150z0
KENAI;202507160640;-;80.8;827.7;0.3;1.8;233;0.0
KENAI;202507160650;16.5;80.5;827.7;1.1;2.7;176;0.0
KENAI;202507160700;-;77.0;827.6;1.9;2.2;100;0.0
KENAI;202507160710;-;76.4;827.6;0.8;2.2;165;0.0
KENAI;202507160720;-;73.3;827.5;0.8;2.5;154;0.0
KENAI;202507160730;-;71.3;827.5;1.6;2.2;130;0.0
KENAI;202507160740;-;71.5;827.4;1.1;1.7;155;0.0
KENAI;202507160750;-;73.2;827.4;1.6;2.5;221;0.0
KENAI;202507160800;-;71.9;827.4;1.5;2.9;204;0.0
KENAI;202507160810;19.0;66.9;827.2;0.8;2.4;144;0.0
KENAI;202507160820;-;64.2;827.0;0.5;1.6;187;0.0
KENAI;202507160830;-;65.2;827.0;2.4;3.7;309;0.0
