715
VRXZ07 LSSW 222038
Station/Location;Date;tre200s0;uor200s0;prestas0;fkl010z0;fkl010z1;dkl010z0;rre150z0
KENAI;202411221840;18.7;87.3;824.8;2.7;3.8;61;0.1
KENAI;202411221850;18.3;89.9;824.8;1.0;4.5;83;0.0
KENAI;202411221900;18.2;89.7;824.8;2.3;4.5;30;0.0
KENAI;202411221910;18.2;91.4;824.8;0.8;2.8;26;0.0
KENAI;202411221920;17.6;89.4;824.7;1.4;4.0;60;0.5
KENAI;202411221930;16.4;91.4;824.7;0.8;2.8;50;0.5
KENAI;202411221940;16.2;92.9;824.5;0.0;2.0;0;0.1
KENAI;202411221950;16.2;92.9;824.6;0.5;0.8;20;0.1
KENAI;202411222000;16.4;94.1;824.7;0.9;2.1;326;1.5
KENAI;202411222010;16.3;95.7;824.7;1.0;2.1;350;4.4
KENAI;202411222020;16.1;96.3;824.7;0.9;4.9;22;3.1
KENAI;202411222030;16.0;97.1;824.7;0.8;2.5;104;3.6
