856
VRXZ07 LSSW 141858
Station/Location;Date;tre200s0;uor200s0;prestas0;fkl010z0;fkl010z1;dkl010z0;rre150z0
KENAI;202507141700;-;91.8;826.6;1.5;3.0;70;0.8
KENAI;202507141710;-;93.7;826.7;1.1;2.3;1;0.3
KENAI;202507141720;-;94.0;826.9;1.5;1.9;346;0.5
KENAI;202507141730;-;93.8;827.0;0.7;1.3;284;0.3
KENAI;202507141740;-;94.8;827.0;0.5;0.9;71;0.2
KENAI;202507141750;-;95.2;827.1;1.4;2.1;307;0.1
KENAI;202507141800;15.2;94.5;827.2;0.8;2.5;341;0.0
KENAI;202507141810;-;94.9;827.3;1.1;1.4;4;0.0
KENAI;202507141820;-;93.7;827.4;0.0;2.3;0;0.0
KENAI;202507141830;-;94.7;827.4;0.8;1.3;338;0.0
KENAI;202507141840;-;95.0;827.5;0.5;1.2;157;0.0
KENAI;202507141850;-;95.8;827.5;0.7;1.1;240;0.0
