931
VRXZ07 LSSW 151348
Station/Location;Date;tre200s0;uor200s0;prestas0;fkl010z0;fkl010z1;dkl010z0;rre150z0
KENAI;202506151150;-;58.6;825.8;1.2;3.7;133;0.0
KENAI;202506151200;-;59.5;825.6;2.3;2.9;66;0.0
KENAI;202506151210;-;61.2;825.5;1.3;3.9;129;0.0
KENAI;202506151220;-;60.2;825.6;2.0;2.7;136;0.0
KENAI;202506151230;-;59.4;825.6;0.4;3.0;171;0.0
KENAI;202506151240;-;59.8;825.6;1.4;3.2;195;0.0
KENAI;202506151250;-;57.1;825.5;0.5;3.7;151;0.0
KENAI;202506151300;-;57.0;825.5;0.7;3.6;117;0.0
KENAI;202506151310;-;56.5;825.5;1.3;3.7;103;0.0
KENAI;202506151320;-;55.7;825.5;1.3;2.5;56;0.0
KENAI;202506151330;-;54.8;825.4;2.7;4.3;60;0.0
KENAI;202506151340;21.5;56.1;825.5;2.2;3.1;99;0.0
