613
VRXZ07 LSSW 260258
Station/Location;Date;tre200s0;uor200s0;prestas0;fkl010z0;fkl010z1;dkl010z0;rre150z0
KENAI;202411260100;15.2;96.5;823.2;0.0;0.4;0;0.0
KENAI;202411260110;15.2;-;823.3;0.2;0.4;-;0.0
KENAI;202411260120;15.1;96.6;823.4;0.5;0.5;195;0.0
KENAI;202411260130;15.1;96.4;823.5;0.3;0.6;256;0.0
KENAI;202411260140;15.3;95.4;823.6;0.9;0.9;161;0.0
KENAI;202411260150;-;-;-;-;1.0;-;-
KENAI;202411260200;15.2;96.0;823.8;0.0;0.6;0;0.0
KENAI;202411260210;15.1;96.0;823.9;0.7;1.0;263;0.0
KENAI;202411260220;15.1;95.9;823.9;0.0;1.0;0;0.0
KENAI;202411260230;15.1;96.3;823.9;0.6;1.0;325;0.0
KENAI;202411260240;15.4;95.2;823.9;0.8;1.1;342;0.0
KENAI;202411260250;15.5;94.1;824.1;0.0;1.3;0;0.0
