258
VRXZ07 LSSW 261038
Station/Location;Date;tre200s0;uor200s0;prestas0;fkl010z0;fkl010z1;dkl010z0;rre150z0
KENAI;202506260840;-;95.2;827.3;1.0;4.0;85;0.1
KENAI;202506260850;-;96.3;827.2;1.1;3.1;95;0.0
KENAI;202506260900;-;95.5;827.1;2.0;2.7;117;0.0
KENAI;202506260910;-;95.4;827.0;1.1;3.7;113;0.0
KENAI;202506260920;-;93.8;826.9;1.7;2.8;118;0.0
KENAI;202506260930;-;94.1;826.8;2.7;3.7;174;0.0
KENAI;202506260940;-;90.0;826.6;1.7;4.0;123;0.0
KENAI;202506260950;-;87.3;826.4;0.8;4.0;90;0.0
KENAI;202506261000;-;86.0;826.3;1.9;3.0;152;0.0
KENAI;202506261010;17.8;83.3;826.2;1.4;3.5;151;0.0
KENAI;202506261020;-;78.4;826.0;0.0;3.6;0;0.0
KENAI;202506261030;-;70.3;825.8;1.3;4.9;111;0.0
