941
VRXZ07 LSSW 052358
Station/Location;Date;tre200s0;uor200s0;prestas0;fkl010z0;fkl010z1;dkl010z0;rre150z0
KENAI;202503052200;18.3;60.6;823.3;1.3;4.2;52;0.0
KENAI;202503052210;18.2;61.0;823.4;1.6;3.7;18;0.0
KENAI;202503052220;18.1;61.7;823.4;2.3;3.3;31;0.0
KENAI;202503052230;17.7;63.3;823.2;0.6;2.4;41;0.0
KENAI;202503052240;17.6;63.6;823.0;1.7;3.5;11;0.0
KENAI;202503052250;17.5;64.3;823.1;1.7;2.5;67;0.0
KENAI;202503052300;17.3;65.3;823.1;0.6;2.7;351;0.0
KENAI;202503052310;17.5;64.8;823.1;1.1;3.4;46;0.0
KENAI;202503052320;17.3;65.5;823.0;1.3;2.8;66;0.0
KENAI;202503052330;17.5;65.0;822.9;1.4;3.9;50;0.0
KENAI;202503052340;17.4;65.5;823.0;1.6;2.7;14;0.0
KENAI;202503052350;17.5;65.4;823.0;1.9;5.3;57;0.0
