504
VRXZ07 LSSW 021728
Station/Location;Date;tre200s0;uor200s0;prestas0;fkl010z0;fkl010z1;dkl010z0;rre150z0
KENAI;202503021530;25.0;-;821.6;2.9;7.0;-;0.0
KENAI;202503021540;24.7;39.2;821.6;3.6;6.1;52;0.0
KENAI;202503021550;24.4;40.8;821.7;2.5;5.0;14;0.0
KENAI;202503021600;24.1;42.6;821.8;1.5;5.2;29;0.0
KENAI;202503021610;23.8;43.7;821.8;2.2;5.1;30;0.0
KENAI;202503021620;23.7;44.7;822.0;1.2;5.5;45;0.0
KENAI;202503021630;23.3;46.3;822.3;1.4;4.0;26;0.0
KENAI;202503021640;23.0;47.7;822.4;2.1;3.8;37;0.0
KENAI;202503021650;22.8;48.6;822.6;1.5;3.9;54;0.0
KENAI;202503021700;22.7;49.2;822.8;2.0;4.1;61;0.0
KENAI;202503021710;22.7;49.3;822.9;1.5;4.7;46;0.0
KENAI;202503021720;22.6;49.7;822.9;1.0;4.1;105;0.0
