923
VRXZ07 LSSW 110418
Station/Location;Date;tre200s0;uor200s0;prestas0;fkl010z0;fkl010z1;dkl010z0;rre150z0
KENAI;202508110220;-;88.8;824.6;1.3;2.5;181;0.0
KENAI;202508110230;-;89.2;824.7;0.6;2.3;236;0.0
KENAI;202508110240;-;89.5;824.5;0.8;1.4;177;0.0
KENAI;202508110250;-;89.7;824.6;0.5;1.5;226;0.0
KENAI;202508110300;-;89.9;824.8;0.0;1.6;0;0.0
KENAI;202508110310;-;89.7;824.7;0.6;2.0;233;0.0
KENAI;202508110320;12.9;90.0;824.7;1.1;1.3;204;0.0
KENAI;202508110330;13.0;90.2;824.8;0.6;1.6;175;0.0
KENAI;202508110340;13.0;90.3;824.8;0.7;1.3;187;0.0
KENAI;202508110350;-;90.0;824.8;0.9;1.5;150;0.0
KENAI;202508110400;-;89.7;825.0;0.5;1.4;94;0.0
KENAI;202508110410;13.1;89.5;825.1;0.9;1.7;173;0.0
