792
VRXZ07 LSSW 281208
Station/Location;Date;tre200s0;uor200s0;prestas0;fkl010z0;fkl010z1;dkl010z0;rre150z0
KENAI;202503281010;20.5;78.1;822.9;2.9;4.5;60;0.0
KENAI;202503281020;21.3;71.1;822.9;3.3;4.4;21;0.0
KENAI;202503281030;21.5;69.0;822.7;2.7;4.5;80;0.0
KENAI;202503281040;21.0;69.3;822.6;3.0;5.0;27;0.0
KENAI;202503281050;20.9;-;822.5;2.5;4.7;-;0.0
KENAI;202503281100;20.9;70.6;822.4;1.9;4.6;16;0.0
KENAI;202503281110;20.9;70.2;822.3;1.0;3.8;48;0.0
KENAI;202503281120;20.9;72.1;822.0;1.9;3.3;18;0.0
KENAI;202503281130;21.0;72.4;821.8;1.3;2.9;48;0.0
KENAI;202503281140;20.9;71.5;821.5;1.9;4.0;9;0.0
KENAI;202503281150;20.7;75.5;821.3;1.8;3.7;87;0.0
KENAI;202503281200;20.7;72.8;821.1;2.0;4.3;64;0.0
