689
VRXZ07 LSSW 082318
Station/Location;Date;tre200s0;uor200s0;prestas0;fkl010z0;fkl010z1;dkl010z0;rre150z0
KENAI;202504082120;15.7;98.0;826.6;1.5;3.0;333;0.5
KENAI;202504082130;15.8;98.1;826.4;0.4;2.2;157;0.1
KENAI;202504082140;15.7;97.9;826.3;1.9;4.4;313;0.0
KENAI;202504082150;15.6;98.1;826.4;1.2;2.8;16;0.0
KENAI;202504082200;15.6;98.2;826.4;1.2;3.8;14;0.0
KENAI;202504082210;15.5;98.5;826.4;1.6;4.3;342;0.2
KENAI;202504082220;15.2;98.3;826.5;1.4;3.6;356;0.0
KENAI;202504082230;15.1;98.4;826.2;1.1;3.8;7;0.1
KENAI;202504082240;15.1;98.4;825.9;1.4;2.1;349;0.1
KENAI;202504082250;15.0;98.4;825.9;1.4;2.7;349;0.0
KENAI;202504082300;15.0;98.4;825.9;1.2;3.6;360;0.6
KENAI;202504082310;15.1;98.5;825.8;1.7;3.0;296;1.2
