814
VRXZ07 LSSW 151158
Station/Location;Date;tre200s0;uor200s0;prestas0;fkl010z0;fkl010z1;dkl010z0;rre150z0
KENAI;202507151000;20.1;66.7;826.8;0.8;2.6;139;0.0
KENAI;202507151010;-;64.4;826.6;0.9;2.8;266;0.0
KENAI;202507151020;-;63.6;826.6;0.5;2.9;170;0.0
KENAI;202507151030;20.1;64.5;826.6;0.9;3.1;220;0.0
KENAI;202507151040;20.3;65.1;826.5;2.3;3.2;169;0.0
KENAI;202507151050;20.3;65.0;826.2;1.7;3.0;193;0.0
KENAI;202507151100;20.8;65.1;826.2;1.3;2.6;41;0.0
KENAI;202507151110;21.0;64.5;826.1;0.9;2.5;178;0.0
KENAI;202507151120;-;62.7;826.0;0.3;2.4;152;0.0
KENAI;202507151130;-;63.8;825.7;1.4;3.1;111;0.0
KENAI;202507151140;21.3;62.1;825.5;1.8;2.8;99;0.0
KENAI;202507151150;22.0;60.8;825.2;0.8;3.7;179;0.0
