635
VRXZ07 LSSW 070518
Station/Location;Date;tre200s0;uor200s0;prestas0;fkl010z0;fkl010z1;dkl010z0;rre150z0
KENAI;202412070320;14.7;92.1;824.4;0.7;0.8;357;0.0
KENAI;202412070330;15.0;90.6;824.3;0.3;1.2;331;0.0
KENAI;202412070340;15.2;89.5;824.4;0.5;1.2;326;0.0
KENAI;202412070350;15.7;87.9;824.5;1.3;1.9;294;0.0
KENAI;202412070400;16.0;85.4;824.8;1.2;2.7;333;0.0
KENAI;202412070410;16.5;83.6;824.8;0.8;2.4;338;0.0
KENAI;202412070420;17.2;81.0;825.0;0.9;2.3;345;0.0
KENAI;202412070430;17.3;78.2;825.0;0.9;3.0;315;0.0
KENAI;202412070440;17.9;75.5;825.2;0.8;3.0;2;0.0
KENAI;202412070450;18.4;72.1;825.3;1.7;3.9;4;0.0
KENAI;202412070500;18.5;71.7;825.4;1.7;3.4;23;0.0
KENAI;202412070510;18.9;69.3;825.5;2.7;6.0;4;0.0
