534
VRXZ07 LSSW 050258
Station/Location;Date;tre200s0;uor200s0;prestas0;fkl010z0;fkl010z1;dkl010z0;rre150z0
KENAI;202412050100;16.9;85.5;823.3;1.0;2.6;11;0.0
KENAI;202412050110;16.9;85.2;823.3;0.7;3.4;30;0.0
KENAI;202412050120;16.9;85.4;823.3;0.6;2.8;26;0.0
KENAI;202412050130;16.8;85.4;823.4;1.4;1.7;59;0.0
KENAI;202412050140;16.8;84.9;823.5;1.1;2.3;18;0.0
KENAI;202412050150;16.9;85.3;823.6;1.1;2.6;21;0.0
KENAI;202412050200;16.8;85.9;823.6;0.6;3.1;42;0.0
KENAI;202412050210;16.8;86.2;823.8;1.5;2.5;16;0.0
KENAI;202412050220;16.7;86.3;823.9;0.9;2.1;44;0.0
KENAI;202412050230;16.6;86.4;823.9;0.9;-;57;0.0
KENAI;202412050240;16.6;86.6;824.0;1.3;2.3;347;0.0
KENAI;202412050250;16.4;86.9;824.1;1.2;1.7;6;0.0
