070
VRXZ07 LSSW 072218
Station/Location;Date;tre200s0;uor200s0;prestas0;fkl010z0;fkl010z1;dkl010z0;rre150z0
KENAI;202502072020;18.8;72.1;824.3;2.4;6.4;62;0.0
KENAI;202502072030;18.6;72.6;824.3;2.4;5.0;56;0.0
KENAI;202502072040;18.4;73.0;824.2;0.9;3.5;58;0.0
KENAI;202502072050;18.2;73.4;824.1;0.7;3.2;41;0.0
KENAI;202502072100;17.8;74.5;824.1;1.3;2.4;40;0.0
KENAI;202502072110;17.7;75.4;824.0;2.9;3.7;57;0.0
KENAI;202502072120;17.6;75.7;824.0;0.6;3.4;39;0.0
KENAI;202502072130;17.4;77.0;823.9;0.9;2.3;52;0.0
KENAI;202502072140;17.4;77.5;823.9;0.7;2.3;19;0.0
KENAI;202502072150;17.3;78.3;823.9;0.9;2.3;352;0.0
KENAI;202502072200;17.4;78.3;823.9;0.6;2.9;14;0.0
KENAI;202502072210;17.6;77.4;823.8;1.3;3.3;16;0.0
