513
VRXZ07 LSSW 072038
Station/Location;Date;tre200s0;uor200s0;prestas0;fkl010z0;fkl010z1;dkl010z0;rre150z0
KENAI;202503071840;23.8;49.8;823.1;2.4;4.5;39;0.0
KENAI;202503071850;23.7;52.2;823.1;0.8;6.0;45;0.0
KENAI;202503071900;23.5;53.8;823.2;2.6;5.0;45;0.0
KENAI;202503071910;23.4;54.3;823.4;2.3;6.7;20;0.0
KENAI;202503071920;23.3;54.9;823.3;2.4;7.2;82;0.0
KENAI;202503071930;22.4;60.5;823.4;1.7;7.4;72;0.3
KENAI;202503071940;22.4;59.0;823.5;3.3;7.3;74;0.0
KENAI;202503071950;21.3;66.4;823.5;1.5;7.1;57;0.5
KENAI;202503072000;21.1;67.3;823.5;1.7;5.1;77;0.0
KENAI;202503072010;21.1;66.8;823.7;2.1;6.2;51;0.0
KENAI;202503072020;19.8;75.3;823.6;0.9;5.2;71;1.4
KENAI;202503072030;19.3;77.8;823.5;1.4;3.5;53;0.1
