570
VRXZ07 LSSW 311728
Station/Location;Date;tre200s0;uor200s0;prestas0;fkl010z0;fkl010z1;dkl010z0;rre150z0
KENAI;202507311530;21.2;48.0;826.3;0.6;2.8;117;0.0
KENAI;202507311540;20.9;49.8;826.4;0.4;1.3;155;0.0
KENAI;202507311550;20.7;49.9;826.5;0.5;1.6;164;0.0
KENAI;202507311600;20.1;52.3;826.4;0.3;1.3;64;0.0
KENAI;202507311610;-;53.0;826.6;1.4;2.8;92;0.0
KENAI;202507311620;-;52.7;826.5;1.4;3.1;86;0.0
KENAI;202507311630;-;53.8;826.6;1.1;3.1;84;0.0
KENAI;202507311640;-;53.7;826.8;3.3;4.8;69;0.0
KENAI;202507311650;19.8;53.0;826.9;0.9;6.0;60;0.0
KENAI;202507311700;-;53.8;826.8;1.6;4.8;78;0.0
KENAI;202507311710;19.3;54.8;826.8;0.6;3.2;85;0.0
KENAI;202507311720;-;56.3;827.0;0.3;2.1;39;0.0
