553
VRXZ07 LSSW 302348
Station/Location;Date;tre200s0;uor200s0;prestas0;fkl010z0;fkl010z1;dkl010z0;rre150z0
KENAI;202411302150;17.0;89.6;824.8;0.0;0.4;0;0.0
KENAI;202411302200;17.0;89.6;824.9;0.5;0.8;202;0.0
KENAI;202411302210;17.0;89.6;824.8;0.5;0.8;257;0.0
KENAI;202411302220;17.1;89.5;824.7;0.3;0.5;234;0.0
KENAI;202411302230;17.0;90.5;824.6;1.0;1.4;195;0.0
KENAI;202411302240;16.9;90.7;824.4;0.4;1.0;205;0.0
KENAI;202411302250;17.0;90.4;824.4;0.0;0.8;0;0.0
KENAI;202411302300;16.9;90.2;824.2;0.4;0.8;155;0.0
KENAI;202411302310;16.9;91.1;824.1;0.6;0.7;126;0.0
KENAI;202411302320;16.8;91.1;824.0;0.7;1.2;129;0.0
KENAI;202411302330;16.7;90.9;823.9;0.7;1.1;179;0.0
KENAI;202411302340;16.8;90.5;823.9;0.6;1.0;266;0.0
