274
VRXZ07 LSSW 241838
Station/Location;Date;tre200s0;uor200s0;prestas0;fkl010z0;fkl010z1;dkl010z0;rre150z0
KENAI;202504241640;18.6;80.3;823.6;1.3;4.4;73;0.0
KENAI;202504241650;18.6;80.8;823.8;1.3;3.8;40;0.0
KENAI;202504241700;18.4;82.1;823.9;0.9;3.0;64;0.0
KENAI;202504241710;18.4;83.6;824.0;1.0;5.6;357;0.0
KENAI;202504241720;18.2;85.4;824.2;1.2;4.6;14;0.0
KENAI;202504241730;-;86.2;824.2;0.9;4.0;35;0.0
KENAI;202504241740;-;86.9;824.3;1.7;3.5;52;0.0
KENAI;202504241750;17.9;87.1;824.5;2.7;4.7;67;0.0
KENAI;202504241800;17.9;86.8;824.6;1.2;3.9;15;0.0
KENAI;202504241810;17.8;87.1;824.7;2.2;4.1;60;0.0
KENAI;202504241820;-;87.1;824.7;3.4;3.9;57;0.0
KENAI;202504241830;-;87.5;824.9;2.2;4.1;10;0.0
