884
VRXZ07 LSSW 050908
Station/Location;Date;tre200s0;uor200s0;prestas0;fkl010z0;fkl010z1;dkl010z0;rre150z0
KENAI;202507050710;-;94.1;827.8;1.9;3.4;121;0.0
KENAI;202507050720;-;94.3;827.8;1.8;3.1;190;0.0
KENAI;202507050730;-;94.7;827.8;1.4;3.5;125;0.0
KENAI;202507050740;-;94.5;827.8;2.6;4.0;165;0.0
KENAI;202507050750;-;95.4;827.8;1.3;4.5;116;0.0
KENAI;202507050800;-;95.5;827.7;1.4;3.4;165;0.0
KENAI;202507050810;-;96.2;827.6;1.5;2.9;130;0.0
KENAI;202507050820;-;96.0;827.6;1.8;3.7;158;0.0
KENAI;202507050830;-;96.4;827.6;1.7;4.6;132;0.0
KENAI;202507050840;-;96.6;827.5;2.1;3.6;111;0.0
KENAI;202507050850;14.8;96.7;827.4;0.7;2.9;60;0.0
KENAI;202507050900;-;96.6;827.4;1.9;3.0;152;0.0
