775
VRXZ07 LSSW 240838
Station/Location;Date;tre200s0;uor200s0;prestas0;fkl010z0;fkl010z1;dkl010z0;rre150z0
KENAI;202504240640;18.8;81.0;825.4;2.5;4.7;25;0.0
KENAI;202504240650;19.5;80.4;825.5;2.8;5.2;18;0.0
KENAI;202504240700;19.3;77.8;825.5;2.5;5.2;64;0.0
KENAI;202504240710;19.9;77.2;825.4;1.3;3.9;18;0.0
KENAI;202504240720;19.9;74.0;825.4;3.2;4.6;62;0.0
KENAI;202504240730;19.8;73.4;825.3;3.2;7.8;62;0.0
KENAI;202504240740;20.3;71.8;825.3;2.1;6.3;34;0.0
KENAI;202504240750;20.8;71.3;825.2;2.8;6.7;58;0.0
KENAI;202504240800;20.7;67.1;825.2;4.8;7.6;68;0.0
KENAI;202504240810;20.8;72.1;825.1;1.7;7.2;57;0.0
KENAI;202504240820;21.0;68.1;825.0;1.6;5.7;26;0.0
KENAI;202504240830;21.2;68.1;825.0;2.1;5.8;38;0.0
