191
VRXZ07 LSSW 090408
Station/Location;Date;tre200s0;uor200s0;prestas0;fkl010z0;fkl010z1;dkl010z0;rre150z0
KENAI;202502090210;17.8;76.6;822.9;1.4;2.6;72;0.0
KENAI;202502090220;17.7;77.3;823.1;0.9;1.4;92;0.0
KENAI;202502090230;17.6;77.8;823.2;0.7;1.5;61;0.0
KENAI;202502090240;17.7;77.7;823.4;0.5;1.0;27;0.0
KENAI;202502090250;17.7;77.8;823.5;0.5;1.2;68;0.0
KENAI;202502090300;17.5;79.0;823.4;0.9;1.1;96;0.0
KENAI;202502090310;17.3;79.3;823.5;0.5;1.3;133;0.0
KENAI;202502090320;17.1;80.5;823.5;0.8;1.3;67;0.0
KENAI;202502090330;16.8;81.4;823.6;0.5;1.5;44;0.0
KENAI;202502090340;16.9;81.4;823.6;0.5;0.7;138;0.0
KENAI;202502090350;16.8;82.2;823.6;0.3;0.9;102;0.0
KENAI;202502090400;16.7;82.7;823.7;0.0;0.7;0;0.0
