684
VRXZ07 LSSW 221118
Station/Location;Date;tre200s0;uor200s0;prestas0;fkl010z0;fkl010z1;dkl010z0;rre150z0
KENAI;202411220920;23.8;59.5;823.2;3.0;5.3;81;0.0
KENAI;202411220930;23.7;58.6;823.0;1.8;6.8;74;0.0
KENAI;202411220940;23.9;57.9;822.7;3.3;7.5;23;0.0
KENAI;202411220950;24.2;57.3;822.4;5.4;6.7;47;0.0
KENAI;202411221000;24.5;54.4;822.2;4.1;6.9;51;0.0
KENAI;202411221010;23.9;54.2;822.0;3.6;6.4;62;0.0
KENAI;202411221020;24.1;54.4;821.8;2.2;6.7;90;0.0
KENAI;202411221030;24.8;57.7;821.6;4.3;6.7;71;0.0
KENAI;202411221040;24.4;56.4;821.4;2.4;6.3;328;0.0
KENAI;202411221050;24.8;55.3;821.3;4.3;7.7;43;0.0
KENAI;202411221100;24.5;56.3;821.1;2.9;7.9;56;0.0
KENAI;202411221110;24.5;56.6;821.2;2.6;6.9;31;0.0
