311
VRXZ07 LSSW 200808
Station/Location;Date;tre200s0;uor200s0;prestas0;fkl010z0;fkl010z1;dkl010z0;rre150z0
KENAI;202502200610;21.6;-;824.5;2.0;3.9;-;0.0
KENAI;202502200620;22.0;51.9;824.4;2.4;3.6;76;0.0
KENAI;202502200630;22.6;50.6;824.4;2.5;3.6;4;0.0
KENAI;202502200640;22.5;49.8;824.5;1.8;4.9;308;0.0
KENAI;202502200650;23.0;45.3;824.4;1.9;4.3;16;0.0
KENAI;202502200700;23.5;46.6;824.4;2.9;4.6;56;0.0
KENAI;202502200710;23.7;40.8;824.3;1.4;5.5;190;0.0
KENAI;202502200720;23.8;44.4;824.3;1.8;5.3;38;0.0
KENAI;202502200730;24.1;40.5;824.3;1.6;6.7;2;0.0
KENAI;202502200740;24.2;38.3;824.3;0.0;5.3;0;0.0
KENAI;202502200750;24.5;40.9;824.3;0.8;4.9;78;0.0
KENAI;202502200800;24.7;39.8;824.2;2.7;6.5;87;0.0
