024
VRXZ07 LSSW 051048
Station/Location;Date;tre200s0;uor200s0;prestas0;fkl010z0;fkl010z1;dkl010z0;rre150z0
KENAI;202412050850;23.3;56.2;824.1;2.7;5.4;62;0.0
KENAI;202412050900;22.6;60.4;824.0;1.3;6.0;59;0.0
KENAI;202412050910;23.1;54.8;823.9;1.6;4.2;21;0.0
KENAI;202412050920;23.3;53.4;823.7;0.8;4.9;314;0.0
KENAI;202412050930;24.1;52.8;823.5;2.1;5.6;24;0.0
KENAI;202412050940;23.2;53.1;823.4;2.2;5.1;65;0.0
KENAI;202412050950;23.4;49.2;823.3;1.0;4.8;29;0.0
KENAI;202412051000;22.8;54.9;823.2;2.9;4.5;52;0.0
KENAI;202412051010;24.0;53.0;823.0;2.3;4.8;83;0.0
KENAI;202412051020;24.5;50.3;822.9;0.5;5.3;117;0.0
KENAI;202412051030;24.2;50.5;822.8;1.5;4.4;68;0.0
KENAI;202412051040;-;-;-;-;-;-;-
