332
VRXZ07 LSSW 120308
Station/Location;Date;tre200s0;uor200s0;prestas0;fkl010z0;fkl010z1;dkl010z0;rre150z0
KENAI;202503120110;17.5;94.0;822.0;0.6;1.0;97;0.0
KENAI;202503120120;17.6;93.9;822.2;0.5;0.7;113;0.0
KENAI;202503120130;17.8;93.9;822.2;0.6;0.9;134;0.0
KENAI;202503120140;18.0;93.7;822.2;0.4;0.8;25;0.0
KENAI;202503120150;17.9;93.6;822.3;0.0;1.7;0;0.0
KENAI;202503120200;17.9;93.8;822.3;0.0;0.9;0;0.0
KENAI;202503120210;17.8;92.6;822.3;0.4;1.3;1;0.0
KENAI;202503120220;17.9;92.0;822.3;0.5;1.3;327;0.0
KENAI;202503120230;17.9;92.4;822.4;0.4;1.8;356;0.0
KENAI;202503120240;17.8;93.0;822.5;0.6;1.4;303;0.0
KENAI;202503120250;17.5;93.5;822.7;0.8;1.3;63;0.0
KENAI;202503120300;17.2;94.1;822.7;0.3;0.9;63;0.0
