148
VRXZ07 LSSW 032108
Station/Location;Date;tre200s0;uor200s0;prestas0;fkl010z0;fkl010z1;dkl010z0;rre150z0
KENAI;202503031910;20.8;54.0;823.0;0.8;5.1;55;0.0
KENAI;202503031920;20.7;55.2;823.1;0.8;5.5;127;0.0
KENAI;202503031930;20.4;56.8;823.3;2.0;3.8;24;0.0
KENAI;202503031940;20.4;57.6;823.4;2.3;4.4;47;0.0
KENAI;202503031950;20.3;58.4;823.4;1.7;5.0;45;0.0
KENAI;202503032000;20.1;59.0;823.5;2.3;5.3;50;0.0
KENAI;202503032010;19.9;59.8;823.4;3.4;4.8;44;0.0
KENAI;202503032020;19.9;60.0;823.4;2.8;6.5;62;0.0
KENAI;202503032030;19.7;59.9;823.5;1.3;3.8;70;0.0
KENAI;202503032040;19.7;60.1;823.5;1.4;4.4;9;0.0
KENAI;202503032050;19.5;61.2;823.4;3.1;5.7;42;0.0
KENAI;202503032100;19.3;62.9;823.5;2.2;3.8;60;0.0
