297
VRXZ07 LSSW 252118
Station/Location;Date;tre200s0;uor200s0;prestas0;fkl010z0;fkl010z1;dkl010z0;rre150z0
KENAI;202507251920;-;73.2;826.1;0.6;1.7;135;0.0
KENAI;202507251930;-;73.8;826.1;0.5;1.6;173;0.0
KENAI;202507251940;-;74.1;826.1;0.7;1.7;149;0.0
KENAI;202507251950;-;74.0;826.2;0.8;2.6;177;0.0
KENAI;202507252000;15.6;74.4;826.2;1.1;1.6;171;0.0
KENAI;202507252010;15.4;74.2;826.3;0.7;1.9;121;0.0
KENAI;202507252020;-;74.8;826.2;0.5;1.1;138;0.0
KENAI;202507252030;15.2;75.7;826.3;0.4;1.0;164;0.0
KENAI;202507252040;-;77.0;826.3;0.0;0.8;0;0.0
KENAI;202507252050;-;76.3;826.2;0.6;1.0;18;0.0
KENAI;202507252100;-;76.1;826.2;0.6;1.0;125;0.0
KENAI;202507252110;-;77.1;826.1;0.3;1.4;74;0.0
