045
VRXZ07 LSSW 230558
Station/Location;Date;tre200s0;uor200s0;prestas0;fkl010z0;fkl010z1;dkl010z0;rre150z0
KENAI;202507230400;-;86.9;826.7;1.0;2.6;127;0.0
KENAI;202507230410;-;87.0;826.9;0.9;2.3;134;0.0
KENAI;202507230420;-;87.2;827.0;1.5;2.4;119;0.0
KENAI;202507230430;-;87.5;827.0;0.8;2.2;142;0.0
KENAI;202507230440;-;87.1;827.1;0.5;1.7;139;0.0
KENAI;202507230450;-;87.5;827.2;1.3;2.4;95;0.0
KENAI;202507230500;-;86.9;827.3;0.9;2.3;191;0.0
KENAI;202507230510;13.5;86.9;827.4;1.1;2.0;167;0.0
KENAI;202507230520;-;86.0;827.5;0.6;2.5;129;0.0
KENAI;202507230530;-;84.7;827.6;1.0;2.4;174;0.0
KENAI;202507230540;-;83.9;827.7;0.5;1.9;153;0.0
KENAI;202507230550;-;84.2;827.8;0.8;2.5;91;0.0
