456
VRXZ07 LSSW 262158
Station/Location;Date;tre200s0;uor200s0;prestas0;fkl010z0;fkl010z1;dkl010z0;rre150z0
KENAI;202411262000;18.5;86.5;824.2;2.0;2.9;10;0.0
KENAI;202411262010;18.5;87.1;824.2;1.1;2.5;14;0.0
KENAI;202411262020;18.5;87.4;824.2;0.6;2.2;43;0.0
KENAI;202411262030;18.5;87.9;824.2;1.0;3.1;41;0.0
KENAI;202411262040;18.4;88.8;824.3;0.7;3.1;51;0.0
KENAI;202411262050;18.5;89.0;824.3;1.1;2.6;55;0.0
KENAI;202411262100;-;-;-;-;3.5;-;-
KENAI;202411262110;18.2;90.0;824.1;1.1;3.7;34;0.0
KENAI;202411262120;18.1;91.1;824.2;1.7;3.1;22;0.0
KENAI;202411262130;18.1;91.2;824.1;2.4;4.3;36;0.0
KENAI;202411262140;18.0;91.3;824.0;1.9;3.6;42;0.1
KENAI;202411262150;18.1;91.7;824.0;0.5;3.1;77;0.0
