101
VRXZ07 LSSW 302208
Station/Location;Date;tre200s0;uor200s0;prestas0;fkl010z0;fkl010z1;dkl010z0;rre150z0
KENAI;202411302010;16.7;89.7;825.4;0.6;0.8;210;0.0
KENAI;202411302020;16.7;90.0;825.5;0.4;0.8;146;0.0
KENAI;202411302030;16.7;90.3;825.4;0.9;0.9;216;0.0
KENAI;202411302040;16.6;90.4;825.4;0.7;1.1;204;0.0
KENAI;202411302050;16.6;90.1;825.4;0.4;0.8;173;0.0
KENAI;202411302100;16.7;90.0;825.4;0.6;0.8;227;0.0
KENAI;202411302110;16.7;90.0;825.3;0.5;1.0;223;0.0
KENAI;202411302120;16.8;89.6;825.2;0.5;0.8;220;0.0
KENAI;202411302130;16.9;89.5;825.1;0.6;0.7;187;0.0
KENAI;202411302140;17.0;89.8;825.0;0.0;0.8;0;0.0
KENAI;202411302150;17.0;89.6;824.8;0.0;0.4;0;0.0
KENAI;202411302200;17.0;89.6;824.9;0.5;0.8;202;0.0
