796
VRXZ07 LSSW 102158
Station/Location;Date;tre200s0;uor200s0;prestas0;fkl010z0;fkl010z1;dkl010z0;rre150z0
KENAI;202505102000;-;95.9;826.3;0.0;0.7;0;0.0
KENAI;202505102010;-;96.1;826.3;0.5;0.7;95;0.0
KENAI;202505102020;15.9;96.5;826.4;0.6;1.0;186;0.0
KENAI;202505102030;-;96.9;826.3;0.5;0.6;204;0.0
KENAI;202505102040;-;96.8;826.3;0.4;0.5;265;0.0
KENAI;202505102050;16.3;96.8;826.2;0.4;0.6;219;0.0
KENAI;202505102100;-;96.5;826.1;0.4;0.8;244;0.0
KENAI;202505102110;16.3;96.5;825.9;0.4;0.8;31;0.0
KENAI;202505102120;-;96.4;825.9;0.4;0.8;192;0.0
KENAI;202505102130;16.4;96.5;825.9;0.6;0.8;248;0.0
KENAI;202505102140;16.4;96.7;825.7;0.0;0.8;0;0.0
KENAI;202505102150;16.4;96.5;825.8;0.3;0.6;125;0.0
