523
VRXZ07 LSSW 282128
Station/Location;Date;tre200s0;uor200s0;prestas0;fkl010z0;fkl010z1;dkl010z0;rre150z0
KENAI;202504281930;19.2;79.9;823.0;1.6;3.9;62;0.0
KENAI;202504281940;19.2;80.3;823.1;2.2;4.6;64;0.0
KENAI;202504281950;19.3;80.6;823.1;1.4;4.1;49;0.0
KENAI;202504282000;19.3;81.4;823.1;1.6;2.3;16;0.0
KENAI;202504282010;19.2;81.9;823.1;1.3;2.1;35;0.0
KENAI;202504282020;19.1;82.3;823.1;0.9;2.2;45;0.0
KENAI;202504282030;19.1;82.9;823.1;1.3;3.6;59;0.0
KENAI;202504282040;-;83.3;822.9;1.5;2.9;65;0.0
KENAI;202504282050;18.9;84.1;823.0;2.6;4.1;60;0.0
KENAI;202504282100;18.8;84.9;823.0;0.7;4.4;48;0.0
KENAI;202504282110;18.7;85.3;822.8;1.7;2.9;40;0.0
KENAI;202504282120;18.6;85.9;822.7;2.8;3.8;49;0.0
