050
VRXZ07 LSSW 031138
Station/Location;Date;tre200s0;uor200s0;prestas0;fkl010z0;fkl010z1;dkl010z0;rre150z0
KENAI;202507030940;20.0;69.7;826.9;1.8;4.8;360;0.0
KENAI;202507030950;20.0;71.0;826.8;2.6;3.3;45;0.0
KENAI;202507031000;-;68.8;826.6;2.7;3.8;16;0.0
KENAI;202507031010;-;66.7;826.5;2.2;3.1;68;0.0
KENAI;202507031020;-;68.0;826.3;2.0;3.3;83;0.0
KENAI;202507031030;-;65.7;826.2;1.3;3.7;83;0.0
KENAI;202507031040;-;69.4;826.0;2.0;3.4;50;0.0
KENAI;202507031050;-;66.7;825.9;1.0;3.3;166;0.0
KENAI;202507031100;-;64.2;825.8;1.9;3.1;85;0.0
KENAI;202507031110;-;59.6;825.6;0.4;4.0;343;0.0
KENAI;202507031120;-;58.1;825.6;0.8;4.0;353;0.0
KENAI;202507031130;-;58.4;825.2;1.3;3.6;66;0.0
