382
VRXZ07 LSSW 150308
Station/Location;Date;tre200s0;uor200s0;prestas0;fkl010z0;fkl010z1;dkl010z0;rre150z0
KENAI;202508150110;-;84.6;825.4;0.5;1.2;192;0.0
KENAI;202508150120;-;85.2;825.6;0.3;1.5;214;0.0
KENAI;202508150130;-;85.6;825.7;0.6;0.9;189;0.0
KENAI;202508150140;-;86.1;825.6;0.7;0.9;127;0.0
KENAI;202508150150;-;86.8;825.6;0.6;1.4;181;0.0
KENAI;202508150200;-;87.0;825.7;0.6;1.2;166;0.0
KENAI;202508150210;-;87.3;825.8;0.3;1.5;359;0.0
KENAI;202508150220;14.5;87.5;825.9;0.7;0.9;112;0.0
KENAI;202508150230;-;87.7;825.9;0.3;0.6;85;0.0
KENAI;202508150240;-;87.9;826.0;0.3;0.9;129;0.0
KENAI;202508150250;-;87.6;826.0;0.4;0.9;70;0.0
KENAI;202508150300;-;87.3;826.0;0.6;1.1;98;0.0
