596
VRXZ07 LSSW 101918
Station/Location;Date;tre200s0;uor200s0;prestas0;fkl010z0;fkl010z1;dkl010z0;rre150z0
KENAI;202505101720;15.8;98.0;826.0;0.5;2.3;323;1.2
KENAI;202505101730;16.0;98.3;826.1;0.6;3.3;216;2.9
KENAI;202505101740;-;98.5;826.2;0.6;2.3;264;0.5
KENAI;202505101750;16.2;98.7;826.2;1.3;2.8;280;0.2
KENAI;202505101800;-;98.6;826.1;0.6;2.9;306;0.0
KENAI;202505101810;-;98.4;826.1;0.6;2.2;304;0.0
KENAI;202505101820;-;98.2;826.3;1.6;2.3;313;0.0
KENAI;202505101830;16.2;98.0;826.4;1.9;3.0;306;0.2
KENAI;202505101840;-;97.9;826.4;1.9;3.8;313;0.0
KENAI;202505101850;-;97.0;826.4;1.6;3.3;279;0.0
KENAI;202505101900;-;96.0;826.4;2.3;3.3;315;0.0
KENAI;202505101910;15.8;95.4;826.5;1.3;3.3;310;0.0
