461
VRXZ07 LSSW 011118
Station/Location;Date;tre200s0;uor200s0;prestas0;fkl010z0;fkl010z1;dkl010z0;rre150z0
KENAI;202503010920;26.5;37.1;823.6;3.9;6.7;6;0.0
KENAI;202503010930;27.2;36.1;823.6;2.2;8.3;59;0.0
KENAI;202503010940;27.0;35.9;823.4;2.6;6.8;76;0.0
KENAI;202503010950;27.3;34.9;823.2;1.3;7.1;110;0.0
KENAI;202503011000;28.0;32.7;822.9;2.1;5.7;14;0.0
KENAI;202503011010;27.5;36.5;822.8;1.7;7.8;92;0.0
KENAI;202503011020;28.2;33.9;822.6;2.1;7.0;20;0.0
KENAI;202503011030;28.1;33.0;822.4;3.7;8.9;43;0.0
KENAI;202503011040;28.0;31.8;822.2;3.2;7.1;30;0.0
KENAI;202503011050;28.3;32.6;822.0;4.1;6.6;75;0.0
KENAI;202503011100;28.1;31.6;821.9;3.3;8.3;59;0.0
KENAI;202503011110;28.4;32.0;821.7;3.5;10.7;88;0.0
