271
VRXZ07 LSSW 050438
Station/Location;Date;tre200s0;uor200s0;prestas0;fkl010z0;fkl010z1;dkl010z0;rre150z0
KENAI;202504050240;17.7;91.3;822.7;0.8;2.1;42;0.0
KENAI;202504050250;17.6;92.1;822.9;0.5;1.5;190;0.0
KENAI;202504050300;17.6;92.8;823.0;1.0;2.0;95;0.0
KENAI;202504050310;17.6;92.4;823.1;1.6;2.6;127;0.0
KENAI;202504050320;17.5;93.1;823.1;1.3;1.6;59;0.0
KENAI;202504050330;17.4;93.4;823.1;0.7;2.4;139;0.0
KENAI;202504050340;17.3;94.0;823.2;1.5;2.1;82;0.0
KENAI;202504050350;17.3;93.8;823.1;0.5;3.2;109;0.0
KENAI;202504050400;17.2;94.2;823.3;0.0;1.8;0;0.0
KENAI;202504050410;17.4;94.2;823.4;0.8;2.1;161;0.0
KENAI;202504050420;17.4;93.6;823.6;0.5;2.2;111;0.0
KENAI;202504050430;17.6;92.8;823.7;0.7;2.2;113;0.0
