002
VRXZ07 LSSW 291428
Station/Location;Date;tre200s0;uor200s0;prestas0;fkl010z0;fkl010z1;dkl010z0;rre150z0
KENAI;202506291230;-;63.5;824.5;1.3;3.6;170;0.0
KENAI;202506291240;19.5;65.2;824.4;0.8;3.3;113;0.0
KENAI;202506291250;-;65.9;824.4;0.6;3.4;91;0.0
KENAI;202506291300;-;65.7;824.3;1.6;3.8;163;0.0
KENAI;202506291310;-;64.8;824.3;1.2;3.1;164;0.0
KENAI;202506291320;-;64.5;824.3;1.3;3.6;99;0.0
KENAI;202506291330;-;66.0;824.4;3.1;3.8;176;0.0
KENAI;202506291340;-;66.8;824.4;1.9;3.5;188;0.0
KENAI;202506291350;-;67.0;824.4;1.9;3.2;164;0.0
KENAI;202506291400;-;68.4;824.3;1.1;2.4;132;0.0
KENAI;202506291410;-;68.8;824.4;1.6;3.0;167;0.0
KENAI;202506291420;18.6;69.3;824.5;0.5;2.3;246;0.0
