086
VRXZ07 LSSW 190718
Station/Location;Date;tre200s0;uor200s0;prestas0;fkl010z0;fkl010z1;dkl010z0;rre150z0
KENAI;202502190520;20.1;56.3;824.9;2.0;2.8;25;0.0
KENAI;202502190530;20.3;55.6;824.9;2.1;3.4;22;0.0
KENAI;202502190540;20.4;56.7;825.1;2.2;3.8;75;0.0
KENAI;202502190550;20.7;55.3;825.2;2.3;3.7;14;0.0
KENAI;202502190600;20.9;52.9;825.2;1.6;4.3;79;0.0
KENAI;202502190610;21.0;52.4;825.2;2.3;4.9;78;0.0
KENAI;202502190620;21.5;51.5;825.3;2.1;4.5;10;0.0
KENAI;202502190630;21.6;51.1;825.2;1.4;4.2;14;0.0
KENAI;202502190640;-;-;-;-;3.5;-;-
KENAI;202502190650;22.2;49.7;825.1;1.4;3.9;320;0.0
KENAI;202502190700;22.7;49.3;825.2;1.9;4.7;106;0.0
KENAI;202502190710;23.1;48.4;825.1;2.2;3.9;81;0.0
