094
VRXZ07 LSSW 260858
Station/Location;Date;tre200s0;uor200s0;prestas0;fkl010z0;fkl010z1;dkl010z0;rre150z0
KENAI;202507260700;-;61.9;827.5;0.5;3.3;141;0.0
KENAI;202507260710;19.6;58.2;827.6;1.2;3.4;130;0.0
KENAI;202507260720;20.3;59.7;827.4;1.0;4.5;39;0.0
KENAI;202507260730;-;51.6;827.4;2.8;5.5;94;0.0
KENAI;202507260740;20.4;53.4;827.3;1.7;5.2;190;0.0
KENAI;202507260750;-;52.5;827.3;1.7;4.3;155;0.0
KENAI;202507260800;-;50.4;827.3;2.7;4.6;139;0.0
KENAI;202507260810;-;49.9;827.1;3.0;4.9;167;0.0
KENAI;202507260820;21.6;49.6;826.9;1.6;3.3;145;0.0
KENAI;202507260830;-;45.8;827.0;1.7;6.1;124;0.0
KENAI;202507260840;-;45.5;826.8;3.0;5.8;110;0.0
KENAI;202507260850;-;44.1;826.8;2.6;5.8;162;0.0
