202
VRXZ07 LSSW 200138
Station/Location;Date;tre200s0;uor200s0;prestas0;fkl010z0;fkl010z1;dkl010z0;rre150z0
KENAI;202506192340;16.5;85.2;825.7;0.5;0.9;157;0.0
KENAI;202506192350;-;86.5;825.7;0.0;0.6;0;0.0
KENAI;202506200000;-;87.2;825.8;0.6;0.7;92;0.0
KENAI;202506200010;16.3;86.2;825.7;0.5;1.0;140;0.0
KENAI;202506200020;-;86.4;825.7;0.0;0.6;0;0.0
KENAI;202506200030;-;86.7;825.7;0.4;0.5;245;0.0
KENAI;202506200040;-;87.0;825.7;0.0;0.4;0;0.0
KENAI;202506200050;-;86.4;825.6;0.4;0.7;95;0.0
KENAI;202506200100;-;87.6;825.7;0.0;1.0;0;0.0
KENAI;202506200110;-;87.6;825.6;0.6;1.6;3;0.0
KENAI;202506200120;-;87.8;825.8;0.6;1.8;352;0.0
KENAI;202506200130;-;88.2;825.7;0.6;1.1;28;0.0
