573
VRXZ07 LSSW 080508
Station/Location;Date;tre200s0;uor200s0;prestas0;fkl010z0;fkl010z1;dkl010z0;rre150z0
KENAI;202505080310;14.5;95.0;824.4;0.0;0.7;0;0.0
KENAI;202505080320;14.8;94.8;824.4;0.0;0.5;0;0.0
KENAI;202505080330;-;94.4;824.5;0.7;1.0;219;0.0
KENAI;202505080340;-;94.3;824.5;0.8;1.5;218;0.0
KENAI;202505080350;-;94.2;824.6;1.0;1.5;246;0.0
KENAI;202505080400;-;93.8;824.5;0.5;1.6;196;0.0
KENAI;202505080410;15.3;92.9;824.7;1.0;1.7;253;0.0
KENAI;202505080420;-;91.9;824.8;0.4;1.4;228;0.0
KENAI;202505080430;16.0;90.9;824.8;1.2;2.4;238;0.0
KENAI;202505080440;16.2;87.8;825.1;1.0;2.6;196;0.0
KENAI;202505080450;16.0;88.3;825.1;1.2;2.1;284;0.0
KENAI;202505080500;16.2;86.9;825.2;1.6;2.5;191;0.0
