359
VRXZ07 LSSW 291528
Station/Location;Date;tre200s0;uor200s0;prestas0;fkl010z0;fkl010z1;dkl010z0;rre150z0
KENAI;202506291330;-;66.0;824.4;3.1;3.8;176;0.0
KENAI;202506291340;-;66.8;824.4;1.9;3.5;188;0.0
KENAI;202506291350;-;67.0;824.4;1.9;3.2;164;0.0
KENAI;202506291400;-;68.4;824.3;1.1;2.4;132;0.0
KENAI;202506291410;-;68.8;824.4;1.6;3.0;167;0.0
KENAI;202506291420;18.6;69.3;824.5;0.5;2.3;246;0.0
KENAI;202506291430;-;69.2;824.6;1.4;2.7;154;0.0
KENAI;202506291440;-;68.7;824.6;1.1;2.5;123;0.0
KENAI;202506291450;-;68.5;824.6;0.8;3.2;146;0.0
KENAI;202506291500;-;69.3;824.6;0.7;2.2;143;0.0
KENAI;202506291510;-;68.6;824.8;0.5;2.2;169;0.0
KENAI;202506291520;-;69.1;824.8;2.0;2.6;177;0.0
