117
VRXZ07 LSSW 180028
Station/Location;Date;tre200s0;uor200s0;prestas0;fkl010z0;fkl010z1;dkl010z0;rre150z0
KENAI;202503172230;18.3;82.1;823.6;2.5;5.4;48;0.0
KENAI;202503172240;18.1;83.9;823.8;3.2;4.7;58;0.0
KENAI;202503172250;17.9;85.2;823.7;2.5;4.9;3;0.0
KENAI;202503172300;17.7;86.2;823.5;3.5;5.0;51;0.0
KENAI;202503172310;17.7;86.8;823.4;1.9;6.3;21;0.0
KENAI;202503172320;17.6;87.0;823.1;2.3;6.5;27;0.0
KENAI;202503172330;17.6;87.0;823.0;2.1;5.8;339;0.0
KENAI;202503172340;17.6;86.4;822.8;2.2;5.2;4;0.0
KENAI;202503172350;17.6;86.9;822.9;2.8;4.8;66;0.0
KENAI;202503180000;17.5;87.7;823.0;3.0;5.8;17;0.0
KENAI;202503180010;17.5;88.1;822.9;3.0;6.5;22;0.0
KENAI;202503180020;17.4;88.2;822.9;1.4;7.6;39;0.0
