225
VRXZ07 LSSW 120648
Station/Location;Date;tre200s0;uor200s0;prestas0;fkl010z0;fkl010z1;dkl010z0;rre150z0
KENAI;202502120450;15.3;93.7;824.5;1.3;5.4;25;0.0
KENAI;202502120500;15.4;93.9;824.6;1.6;5.6;34;0.0
KENAI;202502120510;15.5;93.4;824.7;1.8;4.2;41;0.0
KENAI;202502120520;15.6;92.6;824.8;1.9;6.1;42;0.0
KENAI;202502120530;15.8;91.8;824.9;2.4;5.4;60;0.0
KENAI;202502120540;16.3;90.6;825.1;2.0;3.5;12;0.0
KENAI;202502120550;16.4;89.7;825.2;2.4;3.6;97;0.0
KENAI;202502120600;16.4;89.7;825.2;1.5;4.8;22;0.0
KENAI;202502120610;-;-;-;-;4.5;-;-
KENAI;202502120620;16.8;88.3;825.3;2.5;5.9;5;0.0
KENAI;202502120630;17.3;85.7;825.3;2.9;6.3;3;0.0
KENAI;202502120640;17.8;82.5;825.3;3.3;7.0;54;0.0
