085
VRXZ07 LSSW 271058
Station/Location;Date;tre200s0;uor200s0;prestas0;fkl010z0;fkl010z1;dkl010z0;rre150z0
KENAI;202506270900;-;65.0;825.6;0.9;3.7;73;0.0
KENAI;202506270910;-;61.0;825.4;1.9;5.1;147;0.0
KENAI;202506270920;-;59.8;825.3;0.8;3.8;295;0.0
KENAI;202506270930;-;-;825.1;1.1;3.6;-;0.0
KENAI;202506270940;-;59.4;824.9;1.6;3.7;119;0.0
KENAI;202506270950;-;59.9;824.9;1.1;3.9;226;0.0
KENAI;202506271000;-;54.4;824.8;0.0;3.3;0;0.0
KENAI;202506271010;-;55.4;824.7;2.3;4.6;126;0.0
KENAI;202506271020;-;56.4;824.6;1.3;3.5;160;0.0
KENAI;202506271030;24.6;55.9;824.5;2.3;4.2;164;0.0
KENAI;202506271040;-;57.2;824.4;0.0;3.2;0;0.0
KENAI;202506271050;-;52.8;824.0;3.3;4.3;120;0.0
