715
VRXZ07 LSSW 171938
Station/Location;Date;tre200s0;uor200s0;prestas0;fkl010z0;fkl010z1;dkl010z0;rre150z0
KENAI;202505171740;18.8;73.8;824.5;0.7;1.4;96;0.0
KENAI;202505171750;-;73.7;824.6;0.6;1.6;81;0.0
KENAI;202505171800;-;73.4;824.7;0.3;0.7;123;0.0
KENAI;202505171810;18.9;73.7;824.8;0.4;0.5;354;0.0
KENAI;202505171820;18.8;74.4;824.8;0.0;1.8;0;0.0
KENAI;202505171830;-;77.5;824.9;0.5;1.9;72;0.0
KENAI;202505171840;18.3;79.1;824.8;0.0;0.9;0;0.0
KENAI;202505171850;17.9;80.8;824.7;0.3;0.8;53;0.0
KENAI;202505171900;-;81.0;824.7;0.7;0.9;89;0.0
KENAI;202505171910;17.6;82.3;824.7;0.5;1.2;33;0.0
KENAI;202505171920;17.7;82.2;824.8;0.3;1.7;69;0.0
KENAI;202505171930;17.7;82.4;824.8;0.0;1.3;0;0.0
