567
VRXZ07 LSSW 052028
Station/Location;Date;tre200s0;uor200s0;prestas0;fkl010z0;fkl010z1;dkl010z0;rre150z0
KENAI;202506051830;19.3;68.4;827.3;1.0;1.1;355;0.0
KENAI;202506051840;-;72.8;827.3;1.0;1.1;117;0.0
KENAI;202506051850;-;70.1;827.3;0.8;2.6;177;0.0
KENAI;202506051900;-;71.3;827.4;2.9;3.6;147;0.0
KENAI;202506051910;-;73.0;827.4;1.3;3.3;118;0.0
KENAI;202506051920;-;75.7;827.5;0.7;2.9;123;0.0
KENAI;202506051930;-;78.3;827.5;1.3;3.6;133;0.0
KENAI;202506051940;17.5;81.2;827.6;1.7;5.4;122;0.0
KENAI;202506051950;-;83.4;827.6;2.0;4.4;158;0.0
KENAI;202506052000;-;85.0;827.5;1.7;4.2;148;0.0
KENAI;202506052010;-;85.4;827.5;1.6;4.7;123;0.0
KENAI;202506052020;-;85.9;827.5;2.0;3.6;92;0.0
