215
VRXZ07 LSSW 151258
Station/Location;Date;tre200s0;uor200s0;prestas0;fkl010z0;fkl010z1;dkl010z0;rre150z0
KENAI;202411151100;20.7;71.9;821.6;2.2;5.5;53;0.0
KENAI;202411151110;21.9;69.4;821.4;4.1;5.9;40;0.0
KENAI;202411151120;21.0;67.7;821.3;2.9;6.7;40;0.0
KENAI;202411151130;20.5;69.6;821.2;1.4;6.2;21;0.0
KENAI;202411151140;21.5;67.8;821.2;1.6;6.4;34;0.0
KENAI;202411151150;20.9;73.0;821.0;2.7;6.9;32;0.0
KENAI;202411151200;20.1;75.4;820.9;3.1;6.3;45;0.0
KENAI;202411151210;20.7;73.2;820.9;3.6;5.9;20;0.0
KENAI;202411151220;21.2;70.2;820.8;2.9;6.7;41;0.0
KENAI;202411151230;20.7;73.3;820.6;2.6;5.1;76;0.0
KENAI;202411151240;20.3;76.5;820.5;1.1;5.9;356;0.0
KENAI;202411151250;21.3;71.2;820.6;3.3;6.2;26;0.0
