852
VRXZ07 LSSW 250348
Station/Location;Date;tre200s0;uor200s0;prestas0;fkl010z0;fkl010z1;dkl010z0;rre150z0
KENAI;202506250150;-;85.5;825.7;0.8;0.8;134;0.0
KENAI;202506250200;-;87.2;825.7;0.4;0.9;126;0.0
KENAI;202506250210;-;89.4;825.7;0.4;0.8;86;0.0
KENAI;202506250220;-;90.0;825.6;0.5;0.7;143;0.0
KENAI;202506250230;-;90.3;825.8;1.1;1.3;175;0.0
KENAI;202506250240;-;90.1;825.9;0.5;1.1;192;0.0
KENAI;202506250250;-;89.4;826.0;0.6;1.5;156;0.0
KENAI;202506250300;-;89.2;826.1;0.5;1.3;205;0.0
KENAI;202506250310;-;89.4;826.2;0.4;1.2;118;0.0
KENAI;202506250320;-;89.6;826.2;0.7;1.4;131;0.0
KENAI;202506250330;-;89.5;826.1;0.6;0.9;129;0.0
KENAI;202506250340;-;89.8;826.1;0.3;0.9;123;0.0
