862
VRXZ07 LSSW 021418
Station/Location;Date;tre200s0;uor200s0;prestas0;fkl010z0;fkl010z1;dkl010z0;rre150z0
KENAI;202506021220;-;54.5;824.3;3.4;5.4;80;0.0
KENAI;202506021230;-;55.6;824.3;1.9;4.7;45;0.0
KENAI;202506021240;22.6;57.2;824.3;0.5;3.2;61;0.0
KENAI;202506021250;-;55.6;824.4;1.6;4.2;105;0.0
KENAI;202506021300;23.5;53.8;824.2;1.3;3.0;143;0.0
KENAI;202506021310;-;57.9;824.2;1.0;2.8;123;0.0
KENAI;202506021320;22.6;58.0;824.2;1.0;3.4;52;0.0
KENAI;202506021330;-;56.3;824.3;1.3;2.5;95;0.0
KENAI;202506021340;-;57.6;824.3;2.2;5.3;97;0.0
KENAI;202506021350;22.4;59.0;824.2;0.9;3.1;93;0.0
KENAI;202506021400;23.3;57.2;824.3;1.5;2.3;82;0.0
KENAI;202506021410;-;55.2;824.3;1.0;3.7;68;0.0
