543
VRXZ07 LSSW 151858
Station/Location;Date;tre200s0;uor200s0;prestas0;fkl010z0;fkl010z1;dkl010z0;rre150z0
KENAI;202507151700;-;66.3;825.6;1.4;2.7;109;0.0
KENAI;202507151710;-;67.4;825.7;0.9;2.4;125;0.0
KENAI;202507151720;18.4;68.1;825.7;0.7;2.0;140;0.0
KENAI;202507151730;-;68.1;826.0;0.5;1.2;181;0.0
KENAI;202507151740;-;69.3;826.0;1.4;2.1;148;0.0
KENAI;202507151750;-;69.3;826.2;0.9;3.6;166;0.0
KENAI;202507151800;17.7;70.5;826.3;0.5;3.0;147;0.0
KENAI;202507151810;-;71.1;826.5;1.0;1.6;157;0.0
KENAI;202507151820;-;71.1;826.4;1.0;1.9;161;0.0
KENAI;202507151830;-;71.2;826.5;0.9;2.3;167;0.0
KENAI;202507151840;-;71.4;826.6;0.3;1.8;51;0.0
KENAI;202507151850;17.5;72.2;826.6;0.0;0.8;0;0.0
