085
VRXZ07 LSSW 250428
Station/Location;Date;tre200s0;uor200s0;prestas0;fkl010z0;fkl010z1;dkl010z0;rre150z0
KENAI;202506250230;-;90.3;825.8;1.1;1.3;175;0.0
KENAI;202506250240;-;90.1;825.9;0.5;1.1;192;0.0
KENAI;202506250250;-;89.4;826.0;0.6;1.5;156;0.0
KENAI;202506250300;-;89.2;826.1;0.5;1.3;205;0.0
KENAI;202506250310;-;89.4;826.2;0.4;1.2;118;0.0
KENAI;202506250320;-;89.6;826.2;0.7;1.4;131;0.0
KENAI;202506250330;-;89.5;826.1;0.6;0.9;129;0.0
KENAI;202506250340;-;89.8;826.1;0.3;0.9;123;0.0
KENAI;202506250350;-;89.8;826.1;0.5;0.8;77;0.0
KENAI;202506250400;-;89.9;826.1;0.4;0.9;90;0.0
KENAI;202506250410;-;88.3;826.0;0.0;0.7;0;0.0
KENAI;202506250420;14.9;83.6;826.0;0.0;0.9;0;0.0
