921
VRXZ07 LSSW 222228
Station/Location;Date;tre200s0;uor200s0;prestas0;fkl010z0;fkl010z1;dkl010z0;rre150z0
KENAI;202507222030;-;80.6;826.9;0.4;1.5;130;0.0
KENAI;202507222040;-;81.3;827.0;0.4;1.0;198;0.0
KENAI;202507222050;-;82.1;826.8;0.5;1.4;105;0.0
KENAI;202507222100;-;84.1;826.9;0.4;1.0;109;0.0
KENAI;202507222110;-;84.8;826.7;0.0;0.5;0;0.0
KENAI;202507222120;-;83.8;826.6;0.5;1.3;131;0.0
KENAI;202507222130;-;84.3;826.5;0.4;0.9;166;0.0
KENAI;202507222140;-;83.6;826.3;0.8;1.1;185;0.0
KENAI;202507222150;-;83.4;826.2;0.8;1.4;210;0.0
KENAI;202507222200;-;83.4;826.2;0.3;1.8;154;0.0
KENAI;202507222210;-;82.8;826.1;0.6;1.3;182;0.0
KENAI;202507222220;-;82.7;826.1;0.0;1.9;0;0.0
