866
VRXZ07 LSSW 172328
Station/Location;Date;tre200s0;uor200s0;prestas0;fkl010z0;fkl010z1;dkl010z0;rre150z0
KENAI;202504172130;16.4;92.0;824.8;1.6;3.8;21;0.0
KENAI;202504172140;16.2;92.5;824.6;0.6;2.6;13;0.0
KENAI;202504172150;16.4;92.2;824.5;0.7;1.9;18;0.0
KENAI;202504172200;16.3;91.1;824.5;1.0;2.8;56;0.0
KENAI;202504172210;16.8;-;824.5;0.7;1.7;-;0.0
KENAI;202504172220;17.4;89.9;824.5;0.5;2.1;336;0.0
KENAI;202504172230;17.4;90.2;824.3;1.2;2.1;330;0.0
KENAI;202504172240;17.5;88.3;824.2;0.8;1.9;350;0.0
KENAI;202504172250;17.5;88.4;824.2;1.2;2.3;344;0.0
KENAI;202504172300;17.5;88.9;824.0;0.5;1.6;340;0.0
KENAI;202504172310;17.4;89.8;823.9;1.0;2.0;326;0.0
KENAI;202504172320;17.5;90.5;823.7;0.0;2.4;0;0.0
