191
VRXZ07 LSSW 142338
Station/Location;Date;tre200s0;uor200s0;prestas0;fkl010z0;fkl010z1;dkl010z0;rre150z0
KENAI;202503142140;19.7;62.4;823.2;1.2;3.5;51;0.0
KENAI;202503142150;19.5;63.9;823.0;1.0;3.2;43;0.0
KENAI;202503142200;19.6;63.9;823.1;1.5;3.5;63;0.0
KENAI;202503142210;19.6;64.6;823.1;0.8;4.3;30;0.0
KENAI;202503142220;19.8;63.7;823.1;1.1;4.4;41;0.0
KENAI;202503142230;19.6;64.4;823.0;1.9;4.2;15;0.0
KENAI;202503142240;19.4;64.8;822.9;2.4;3.9;49;0.0
KENAI;202503142250;19.4;65.0;822.9;1.2;3.4;33;0.0
KENAI;202503142300;19.3;65.2;822.9;1.3;3.3;19;0.0
KENAI;202503142310;19.0;65.8;822.9;1.2;3.6;14;0.0
KENAI;202503142320;18.9;66.0;822.9;0.6;2.5;25;0.0
KENAI;202503142330;18.7;66.7;822.7;0.4;2.4;29;0.0
