025
VRXZ07 LSSW 202238
Station/Location;Date;tre200s0;uor200s0;prestas0;fkl010z0;fkl010z1;dkl010z0;rre150z0
KENAI;202411202040;17.2;91.8;823.7;1.5;2.3;299;0.0
KENAI;202411202050;17.2;91.3;823.7;0.4;2.3;319;0.0
KENAI;202411202100;17.1;91.0;823.7;0.0;1.2;0;0.0
KENAI;202411202110;17.1;91.6;823.6;0.6;1.1;345;0.0
KENAI;202411202120;17.0;92.2;823.6;0.5;1.5;4;0.0
KENAI;202411202130;16.8;92.7;823.7;0.7;1.4;61;0.0
KENAI;202411202140;17.0;92.8;824.0;0.7;2.1;51;0.0
KENAI;202411202150;17.3;91.7;824.0;0.7;2.1;17;0.0
KENAI;202411202200;17.3;91.3;823.8;1.8;3.1;22;0.0
KENAI;202411202210;17.3;91.5;823.8;1.4;3.2;38;0.0
KENAI;202411202220;17.3;91.7;823.6;1.5;2.8;351;0.0
KENAI;202411202230;17.2;92.2;823.6;1.0;3.2;16;0.0
