254
VRXZ07 LSSW 061538
Station/Location;Date;tre200s0;uor200s0;prestas0;fkl010z0;fkl010z1;dkl010z0;rre150z0
KENAI;202412061340;24.7;47.9;820.6;3.2;5.9;42;0.0
KENAI;202412061350;24.7;48.2;820.6;1.9;5.3;54;0.0
KENAI;202412061400;24.7;49.8;820.6;2.4;7.2;62;0.0
KENAI;202412061410;24.0;49.9;820.8;3.5;6.8;77;0.0
KENAI;202412061420;23.4;52.0;820.9;2.8;5.4;60;0.0
KENAI;202412061430;23.1;52.5;821.0;2.6;5.4;74;0.0
KENAI;202412061440;22.8;53.6;821.2;3.4;7.1;63;0.0
KENAI;202412061450;22.7;52.6;821.2;3.9;6.5;49;0.0
KENAI;202412061500;22.6;53.6;821.3;2.7;6.1;20;0.0
KENAI;202412061510;22.2;54.8;821.4;3.4;5.5;20;0.0
KENAI;202412061520;21.7;55.8;821.7;4.0;5.6;55;0.0
KENAI;202412061530;21.4;57.1;821.8;2.2;6.8;81;0.0
