100
VRXZ07 LSSW 090728
Station/Location;Date;tre200s0;uor200s0;prestas0;fkl010z0;fkl010z1;dkl010z0;rre150z0
KENAI;202505090530;-;93.4;825.7;1.8;2.8;166;0.0
KENAI;202505090540;16.8;89.6;825.8;1.8;2.7;123;0.0
KENAI;202505090550;17.3;88.3;825.8;1.8;2.7;152;0.0
KENAI;202505090600;17.5;86.3;825.9;1.1;2.8;207;0.0
KENAI;202505090610;17.5;84.4;825.9;0.7;2.7;195;0.0
KENAI;202505090620;-;81.0;826.0;0.6;1.4;137;0.0
KENAI;202505090630;-;80.0;826.0;0.7;1.6;17;0.0
KENAI;202505090640;20.5;74.6;826.0;1.0;2.1;179;0.0
KENAI;202505090650;19.9;72.4;826.0;0.5;2.5;181;0.0
KENAI;202505090700;-;-;-;-;2.2;-;-
KENAI;202505090710;20.0;75.3;825.9;1.3;2.9;138;0.0
KENAI;202505090720;-;68.8;825.6;1.1;2.3;50;0.0
