850
VRXZ07 LSSW 230148
Station/Location;Date;tre200s0;uor200s0;prestas0;fkl010z0;fkl010z1;dkl010z0;rre150z0
KENAI;202504222350;16.4;98.5;823.2;1.4;2.9;58;0.0
KENAI;202504230000;16.4;98.5;823.2;1.5;2.8;41;0.0
KENAI;202504230010;16.4;98.3;823.2;1.5;4.7;12;0.0
KENAI;202504230020;16.3;98.1;823.1;2.6;4.0;72;0.0
KENAI;202504230030;16.4;98.1;823.1;1.1;2.7;37;0.0
KENAI;202504230040;16.3;97.7;823.1;1.2;2.5;10;0.0
KENAI;202504230050;16.3;97.6;823.1;0.4;3.0;35;0.0
KENAI;202504230100;16.2;97.0;823.1;1.5;3.2;30;0.0
KENAI;202504230110;16.1;96.7;823.0;1.6;4.8;6;0.0
KENAI;202504230120;16.1;96.9;823.0;1.2;4.2;348;0.0
KENAI;202504230130;16.1;97.0;823.3;1.7;3.7;11;0.0
KENAI;202504230140;16.1;97.3;823.3;1.4;3.0;44;0.0
