510
VRXZ07 LSSW 261308
Station/Location;Date;tre200s0;uor200s0;prestas0;fkl010z0;fkl010z1;dkl010z0;rre150z0
KENAI;202504261110;25.2;42.4;822.3;2.6;6.2;43;0.0
KENAI;202504261120;25.3;45.1;822.3;1.5;6.9;67;0.0
KENAI;202504261130;25.2;45.2;822.1;1.2;5.8;64;0.0
KENAI;202504261140;25.3;46.2;822.1;1.9;5.2;78;0.0
KENAI;202504261150;25.3;45.8;822.0;0.5;5.0;93;0.0
KENAI;202504261200;25.5;46.2;821.8;1.8;5.6;153;0.0
KENAI;202504261210;25.2;47.9;821.7;3.4;4.6;105;0.0
KENAI;202504261220;24.9;49.8;821.8;1.7;4.7;74;0.0
KENAI;202504261230;25.5;44.3;821.8;2.2;5.5;40;0.0
KENAI;202504261240;25.4;43.5;821.6;1.7;7.3;107;0.0
KENAI;202504261250;25.4;43.0;821.6;0.5;5.4;59;0.0
KENAI;202504261300;-;41.1;821.6;1.0;4.5;60;0.0
