911
VRXZ07 LSSW 310728
Station/Location;Date;tre200s0;uor200s0;prestas0;fkl010z0;fkl010z1;dkl010z0;rre150z0
KENAI;202503310530;17.3;91.3;825.0;3.0;3.8;70;0.0
KENAI;202503310540;17.3;91.5;825.0;1.0;3.8;81;0.0
KENAI;202503310550;17.3;91.7;825.1;1.8;3.0;45;0.0
KENAI;202503310600;16.6;95.8;825.2;1.1;3.2;49;1.4
KENAI;202503310610;16.5;98.0;825.2;1.7;2.9;82;1.1
KENAI;202503310620;16.5;98.5;825.2;1.3;3.3;90;1.3
KENAI;202503310630;16.7;98.9;825.3;0.9;2.4;109;0.8
KENAI;202503310640;16.8;99.1;825.2;2.9;3.4;76;0.1
KENAI;202503310650;17.1;99.1;825.0;1.9;4.5;64;0.0
KENAI;202503310700;17.2;98.1;825.1;2.4;4.4;32;0.0
KENAI;202503310710;17.3;97.6;825.1;2.9;4.8;33;0.0
KENAI;202503310720;17.7;97.5;825.1;2.1;5.0;54;0.0
