473
VRXZ07 LSSW 080928
Station/Location;Date;tre200s0;uor200s0;prestas0;fkl010z0;fkl010z1;dkl010z0;rre150z0
KENAI;202508080730;-;-;824.5;1.6;3.9;-;0.0
KENAI;202508080740;-;65.7;824.5;1.7;3.0;25;0.0
KENAI;202508080750;-;65.7;824.4;2.5;3.5;95;0.0
KENAI;202508080800;-;65.1;824.5;0.5;3.6;120;0.0
KENAI;202508080810;21.6;64.7;824.6;0.9;4.3;117;0.0
KENAI;202508080820;-;61.9;824.5;0.7;3.4;323;0.0
KENAI;202508080830;-;62.6;824.5;0.9;3.5;101;0.0
KENAI;202508080840;21.1;63.3;824.5;1.2;4.5;80;0.0
KENAI;202508080850;21.1;64.2;824.4;2.1;3.9;108;0.0
KENAI;202508080900;21.6;64.2;824.3;1.1;4.2;44;0.0
KENAI;202508080910;-;63.4;824.2;2.1;4.2;21;0.0
KENAI;202508080920;21.6;63.7;824.0;1.3;2.5;87;0.0
