427
VRXZ07 LSSW 102008
Station/Location;Date;tre200s0;uor200s0;prestas0;fkl010z0;fkl010z1;dkl010z0;rre150z0
KENAI;202502101810;22.1;51.6;822.0;3.0;5.9;34;0.0
KENAI;202502101820;22.0;52.6;822.1;2.0;4.9;36;0.0
KENAI;202502101830;21.8;54.1;822.3;0.7;7.4;25;0.0
KENAI;202502101840;21.6;55.6;822.5;1.5;6.2;18;0.0
KENAI;202502101850;21.3;57.1;822.3;0.9;5.0;30;0.0
KENAI;202502101900;21.0;57.9;822.3;2.6;5.2;19;0.0
KENAI;202502101910;20.8;58.8;822.3;2.5;4.4;1;0.0
KENAI;202502101920;20.6;59.7;822.4;2.0;5.2;44;0.0
KENAI;202502101930;20.5;60.0;822.4;3.2;5.5;16;0.0
KENAI;202502101940;20.3;60.7;822.3;2.7;6.4;32;0.0
KENAI;202502101950;20.1;61.5;822.4;1.8;6.2;32;0.0
KENAI;202502102000;19.9;62.3;822.4;3.8;4.8;34;0.0
