760
VRXZ07 LSSW 091048
Station/Location;Date;tre200s0;uor200s0;prestas0;fkl010z0;fkl010z1;dkl010z0;rre150z0
KENAI;202506090850;-;68.5;828.0;2.3;4.9;154;0.0
KENAI;202506090900;19.5;70.3;827.9;3.6;5.2;183;0.0
KENAI;202506090910;-;-;827.9;2.6;3.6;-;0.0
KENAI;202506090920;20.6;69.4;827.8;1.5;4.2;102;0.0
KENAI;202506090930;-;64.4;827.7;2.5;4.5;119;0.0
KENAI;202506090940;-;68.1;827.6;1.6;3.3;67;0.0
KENAI;202506090950;-;62.3;827.4;0.8;4.5;105;0.0
KENAI;202506091000;21.7;61.2;827.3;2.6;3.7;193;0.0
KENAI;202506091010;-;62.3;827.1;2.5;4.5;94;0.0
KENAI;202506091020;22.3;60.1;827.0;0.8;5.4;265;0.0
KENAI;202506091030;22.6;62.1;826.9;1.3;4.5;45;0.0
KENAI;202506091040;22.1;60.6;826.8;2.0;5.2;190;0.0
