386
VRXZ07 LSSW 080628
Station/Location;Date;tre200s0;uor200s0;prestas0;fkl010z0;fkl010z1;dkl010z0;rre150z0
KENAI;202503080430;18.6;84.8;822.8;0.8;3.5;43;0.0
KENAI;202503080440;18.8;83.8;822.8;1.3;3.8;37;0.0
KENAI;202503080450;18.9;84.0;822.9;1.3;3.8;13;0.0
KENAI;202503080500;19.0;82.8;823.0;0.9;3.8;38;0.0
KENAI;202503080510;19.0;81.5;823.1;1.3;3.8;39;0.0
KENAI;202503080520;19.9;78.9;823.1;1.2;5.5;40;0.0
KENAI;202503080530;20.4;76.5;823.1;2.8;5.4;50;0.0
KENAI;202503080540;20.2;76.5;823.4;3.1;5.4;56;0.0
KENAI;202503080550;19.7;78.0;823.3;2.0;4.9;17;0.0
KENAI;202503080600;19.6;79.9;823.3;2.0;4.9;20;0.0
KENAI;202503080610;19.7;78.1;823.3;1.6;5.3;34;0.0
KENAI;202503080620;20.6;75.3;823.1;1.3;5.1;45;0.0
