323
VRXZ07 LSSW 131158
Station/Location;Date;tre200s0;uor200s0;prestas0;fkl010z0;fkl010z1;dkl010z0;rre150z0
KENAI;202507131000;-;73.8;828.1;0.8;2.9;117;0.0
KENAI;202507131010;-;73.3;828.0;2.5;3.5;142;0.0
KENAI;202507131020;19.9;72.3;828.0;2.1;4.3;137;0.0
KENAI;202507131030;-;68.7;827.8;2.5;3.6;204;0.0
KENAI;202507131040;20.1;69.7;827.7;1.3;3.8;90;0.0
KENAI;202507131050;19.7;69.1;827.5;1.4;3.8;147;0.0
KENAI;202507131100;20.0;66.9;827.3;1.0;4.3;163;0.0
KENAI;202507131110;-;66.4;827.2;1.8;3.2;142;0.0
KENAI;202507131120;20.3;64.4;827.1;1.1;3.0;99;0.0
KENAI;202507131130;20.2;65.1;826.9;2.3;3.7;131;0.0
KENAI;202507131140;20.4;64.9;826.8;0.6;2.9;144;0.0
KENAI;202507131150;20.6;63.0;826.8;0.5;2.8;79;0.0
