531
VRXZ07 LSSW 021408
Station/Location;Date;tre200s0;uor200s0;prestas0;fkl010z0;fkl010z1;dkl010z0;rre150z0
KENAI;202504021210;25.7;48.4;821.4;2.2;5.4;84;0.0
KENAI;202504021220;25.3;-;821.3;2.6;5.4;-;0.0
KENAI;202504021230;25.1;51.5;821.3;2.5;6.5;46;0.0
KENAI;202504021240;25.7;51.4;821.3;0.6;4.7;113;0.0
KENAI;202504021250;26.1;49.0;821.3;1.9;5.3;65;0.0
KENAI;202504021300;26.3;49.1;821.3;2.8;6.0;54;0.0
KENAI;202504021310;26.4;46.0;821.2;2.6;5.3;54;0.0
KENAI;202504021320;26.3;48.5;821.2;3.8;5.4;67;0.0
KENAI;202504021330;26.0;48.4;821.2;2.3;5.5;9;0.0
KENAI;202504021340;24.9;49.7;821.3;2.0;4.4;70;0.0
KENAI;202504021350;25.6;49.2;821.5;3.2;4.9;61;0.0
KENAI;202504021400;25.4;50.0;821.6;1.0;6.1;62;0.0
