876
VRXZ07 LSSW 201328
Station/Location;Date;tre200s0;uor200s0;prestas0;fkl010z0;fkl010z1;dkl010z0;rre150z0
KENAI;202502201130;27.8;27.9;821.1;1.3;5.1;128;0.0
KENAI;202502201140;28.4;26.0;821.0;2.7;6.1;11;0.0
KENAI;202502201150;28.1;31.1;820.9;1.6;4.5;32;0.0
KENAI;202502201200;28.7;27.5;820.9;1.2;4.4;71;0.0
KENAI;202502201210;28.3;25.3;820.8;1.6;5.5;247;0.0
KENAI;202502201220;29.0;26.2;820.6;4.3;5.7;51;0.0
KENAI;202502201230;28.9;-;820.5;3.3;5.6;-;0.0
KENAI;202502201240;28.7;26.7;820.5;2.0;5.5;104;0.0
KENAI;202502201250;28.9;22.8;820.6;2.5;5.4;11;0.0
KENAI;202502201300;29.2;19.8;820.6;2.9;4.8;14;0.0
KENAI;202502201310;28.7;21.3;820.4;2.6;4.7;95;0.0
KENAI;202502201320;29.2;19.4;820.4;1.4;4.5;117;0.0
