970
VRXZ07 LSSW 010718
Station/Location;Date;tre200s0;uor200s0;prestas0;fkl010z0;fkl010z1;dkl010z0;rre150z0
KENAI;202507010520;-;87.0;827.7;1.8;2.2;225;0.0
KENAI;202507010530;-;-;827.8;1.5;2.1;-;0.0
KENAI;202507010540;14.8;85.6;827.8;1.1;1.9;137;0.0
KENAI;202507010550;-;85.6;827.7;1.5;3.7;128;0.0
KENAI;202507010600;-;85.3;827.7;0.5;2.8;207;0.0
KENAI;202507010610;-;83.1;827.6;1.9;3.3;157;0.0
KENAI;202507010620;-;82.0;827.5;1.0;3.0;148;0.0
KENAI;202507010630;15.8;81.7;827.6;0.7;3.0;138;0.0
KENAI;202507010640;-;80.5;827.7;1.0;2.9;110;0.0
KENAI;202507010650;-;78.6;827.7;1.1;3.0;140;0.0
KENAI;202507010700;17.2;76.7;827.6;1.3;2.9;27;0.0
KENAI;202507010710;-;71.1;827.6;1.2;3.1;27;0.0
