982
VRXZ07 LSSW 231318
Station/Location;Date;tre200s0;uor200s0;prestas0;fkl010z0;fkl010z1;dkl010z0;rre150z0
KENAI;202507231120;-;70.6;826.2;0.5;2.6;139;0.0
KENAI;202507231130;17.6;71.2;826.1;1.4;2.1;139;0.0
KENAI;202507231140;-;71.1;825.9;1.5;2.4;83;0.0
KENAI;202507231150;-;69.4;825.8;1.0;3.0;72;0.0
KENAI;202507231200;18.3;69.9;825.7;1.0;2.7;33;0.0
KENAI;202507231210;-;68.4;825.6;1.6;2.9;87;0.0
KENAI;202507231220;-;68.1;825.6;1.4;2.6;78;0.0
KENAI;202507231230;-;69.6;825.5;1.7;3.5;74;0.0
KENAI;202507231240;-;68.5;825.4;0.9;2.8;95;0.0
KENAI;202507231250;18.2;68.8;825.2;1.5;2.0;98;0.0
KENAI;202507231300;-;67.6;825.2;1.2;3.0;78;0.0
KENAI;202507231310;18.0;68.7;825.2;2.4;3.1;123;0.0
