154
VRXZ07 LSSW 271718
Station/Location;Date;tre200s0;uor200s0;prestas0;fkl010z0;fkl010z1;dkl010z0;rre150z0
KENAI;202507271520;-;46.1;825.5;1.6;2.9;91;0.0
KENAI;202507271530;21.4;48.0;825.7;0.7;2.9;116;0.0
KENAI;202507271540;20.8;48.8;825.7;0.8;2.5;118;0.0
KENAI;202507271550;-;49.0;825.8;0.6;2.1;127;0.0
KENAI;202507271600;20.2;49.0;825.8;0.7;2.0;120;0.0
KENAI;202507271610;-;51.1;825.9;0.0;0.7;0;0.0
KENAI;202507271620;-;56.3;826.0;0.0;0.7;0;0.0
KENAI;202507271630;-;56.6;826.2;1.3;1.4;31;0.0
KENAI;202507271640;-;57.7;826.4;1.3;4.9;62;0.0
KENAI;202507271650;-;57.8;826.6;0.7;1.8;74;0.0
KENAI;202507271700;18.4;64.2;826.6;0.5;1.2;50;0.0
KENAI;202507271710;-;68.5;826.7;1.8;2.8;27;0.0
