878
VRXZ07 LSSW 022228
Station/Location;Date;tre200s0;uor200s0;prestas0;fkl010z0;fkl010z1;dkl010z0;rre150z0
KENAI;202503022030;19.5;59.4;824.3;0.8;3.5;349;0.0
KENAI;202503022040;19.4;61.9;824.3;0.8;2.3;27;0.0
KENAI;202503022050;19.2;63.5;824.2;0.8;2.5;40;0.0
KENAI;202503022100;19.3;64.1;824.1;1.2;3.0;11;0.0
KENAI;202503022110;19.2;66.2;824.2;1.7;3.3;68;0.0
KENAI;202503022120;19.1;68.2;824.1;1.7;5.2;58;0.0
KENAI;202503022130;18.9;66.9;824.1;2.4;3.8;55;0.0
KENAI;202503022140;18.7;68.7;824.2;1.0;3.7;23;0.0
KENAI;202503022150;18.6;70.5;824.1;3.2;4.4;62;0.0
KENAI;202503022200;18.4;72.3;824.0;1.1;4.1;45;0.0
KENAI;202503022210;18.3;74.3;824.0;0.8;3.7;33;0.0
KENAI;202503022220;18.2;75.0;824.1;3.2;4.1;40;0.0
