671
VRXZ07 LSSW 060618
Station/Location;Date;tre200s0;uor200s0;prestas0;fkl010z0;fkl010z1;dkl010z0;rre150z0
KENAI;202506060420;-;92.8;827.9;0.8;3.4;165;0.0
KENAI;202506060430;-;92.8;828.1;0.5;2.3;171;0.0
KENAI;202506060440;-;92.6;828.1;2.1;2.5;162;0.0
KENAI;202506060450;-;92.9;828.2;0.7;3.1;131;0.0
KENAI;202506060500;-;91.5;828.3;3.5;4.5;163;0.0
KENAI;202506060510;-;90.7;828.3;2.3;4.2;137;0.0
KENAI;202506060520;-;90.2;828.4;1.0;3.3;187;0.0
KENAI;202506060530;15.4;88.5;828.5;2.4;3.2;179;0.0
KENAI;202506060540;-;88.1;828.5;3.0;4.1;128;0.0
KENAI;202506060550;-;87.8;828.6;1.4;4.9;156;0.0
KENAI;202506060600;-;86.2;828.5;1.1;4.1;138;0.0
KENAI;202506060610;-;86.0;828.5;1.9;4.5;154;0.0
