659
VRXZ07 LSSW 230638
Station/Location;Date;tre200s0;uor200s0;prestas0;fkl010z0;fkl010z1;dkl010z0;rre150z0
KENAI;202411230440;16.6;98.0;825.5;2.0;3.0;46;0.0
KENAI;202411230450;16.4;97.9;825.6;1.1;3.3;73;0.0
KENAI;202411230500;16.4;97.7;825.6;1.3;3.6;47;0.0
KENAI;202411230510;16.7;97.7;825.7;1.8;4.8;21;0.0
KENAI;202411230520;16.7;97.0;825.8;1.2;4.1;21;0.0
KENAI;202411230530;17.1;96.1;825.8;2.7;3.6;69;0.0
KENAI;202411230540;17.3;95.6;825.8;2.0;4.6;28;0.0
KENAI;202411230550;17.4;93.0;825.9;1.5;4.2;25;0.0
KENAI;202411230600;17.9;90.1;826.0;3.2;4.7;68;0.0
KENAI;202411230610;18.2;91.9;825.8;1.0;5.0;42;0.0
KENAI;202411230620;18.1;84.5;825.9;2.0;3.8;83;0.0
KENAI;202411230630;19.3;80.9;825.9;1.7;3.9;35;0.0
