080
VRXZ07 LSSW 280948
Station/Location;Date;tre200s0;uor200s0;prestas0;fkl010z0;fkl010z1;dkl010z0;rre150z0
KENAI;202503280750;16.0;95.8;825.5;0.8;5.8;14;0.0
KENAI;202503280800;16.0;95.0;825.3;1.8;5.5;23;0.0
KENAI;202503280810;16.1;93.2;825.1;2.6;4.3;81;0.0
KENAI;202503280820;16.3;91.4;825.0;2.1;4.7;38;0.0
KENAI;202503280830;16.5;90.7;824.8;2.8;4.2;59;0.0
KENAI;202503280840;16.8;91.3;824.5;3.1;4.3;82;0.0
KENAI;202503280850;17.7;90.1;824.4;2.4;4.8;65;0.0
KENAI;202503280900;17.4;86.1;824.4;3.2;6.7;56;0.0
KENAI;202503280910;17.7;87.9;824.1;2.4;6.3;28;0.0
KENAI;202503280920;17.6;85.4;824.0;1.1;5.9;20;0.0
KENAI;202503280930;18.1;86.0;823.7;2.6;6.9;18;0.0
KENAI;202503280940;19.6;82.0;823.7;1.1;4.1;18;0.0
