712
VRXZ07 LSSW 220208
Station/Location;Date;tre200s0;uor200s0;prestas0;fkl010z0;fkl010z1;dkl010z0;rre150z0
KENAI;202411220010;16.6;90.6;822.7;1.4;2.5;355;0.0
KENAI;202411220020;16.7;90.6;822.8;1.4;2.4;36;0.0
KENAI;202411220030;16.7;90.6;822.7;1.2;1.8;13;0.0
KENAI;202411220040;16.7;89.8;822.7;1.2;2.1;4;0.0
KENAI;202411220050;16.7;89.1;822.7;0.5;2.1;351;0.0
KENAI;202411220100;16.6;89.7;822.7;0.6;1.1;348;0.0
KENAI;202411220110;16.5;89.8;822.7;0.0;1.9;0;0.0
KENAI;202411220120;16.3;90.3;822.8;0.7;2.1;36;0.0
KENAI;202411220130;16.2;89.7;822.8;0.6;1.5;47;0.0
KENAI;202411220140;16.3;89.1;822.9;0.6;1.1;60;0.0
KENAI;202411220150;16.2;89.3;822.9;1.4;1.6;12;0.0
KENAI;202411220200;16.3;88.9;823.0;0.4;1.8;344;0.0
