303
VRXZ07 LSSW 030148
Station/Location;Date;tre200s0;uor200s0;prestas0;fkl010z0;fkl010z1;dkl010z0;rre150z0
KENAI;202504022350;16.9;97.9;823.1;0.4;1.9;30;0.0
KENAI;202504030000;16.8;97.9;822.9;1.0;1.3;11;0.0
KENAI;202504030010;16.9;97.5;823.1;0.8;1.5;2;0.0
KENAI;202504030020;16.8;97.1;823.1;0.5;1.7;335;0.0
KENAI;202504030030;16.9;97.1;823.1;0.3;0.8;50;0.0
KENAI;202504030040;16.8;97.2;823.2;0.4;1.1;27;0.0
KENAI;202504030050;16.8;97.3;823.2;0.6;1.0;119;0.0
KENAI;202504030100;16.8;97.5;823.2;0.8;0.9;73;0.0
KENAI;202504030110;16.8;97.4;823.2;0.7;1.6;90;0.0
KENAI;202504030120;17.0;97.1;823.4;0.8;1.5;103;0.0
KENAI;202504030130;17.0;97.0;823.4;0.8;2.1;66;0.0
KENAI;202504030140;17.0;97.1;823.5;1.4;2.6;61;0.0
