640
VRXZ07 LSSW 092228
Station/Location;Date;tre200s0;uor200s0;prestas0;fkl010z0;fkl010z1;dkl010z0;rre150z0
KENAI;202503092030;17.2;96.9;823.2;1.9;2.1;224;0.0
KENAI;202503092040;17.1;97.0;823.3;0.5;2.1;271;0.1
KENAI;202503092050;17.1;96.4;823.4;1.0;1.7;114;1.3
KENAI;202503092100;16.9;96.7;823.2;1.1;2.7;257;4.3
KENAI;202503092110;16.9;97.0;823.1;1.1;2.5;265;0.6
KENAI;202503092120;17.0;97.0;823.1;0.5;1.5;299;0.3
KENAI;202503092130;16.8;96.7;822.9;1.1;1.8;201;0.3
KENAI;202503092140;16.9;97.1;822.9;0.5;1.5;225;0.0
KENAI;202503092150;16.8;97.1;822.9;0.8;1.8;178;0.1
KENAI;202503092200;17.0;97.3;822.9;0.6;1.4;195;0.2
KENAI;202503092210;-;-;-;-;1.2;-;-
KENAI;202503092220;-;-;-;-;1.7;-;-
