735
VRXZ07 LSSW 181038
Station/Location;Date;tre200s0;uor200s0;prestas0;fkl010z0;fkl010z1;dkl010z0;rre150z0
KENAI;202505180840;22.1;59.4;824.7;1.1;4.1;18;0.0
KENAI;202505180850;22.3;62.0;824.6;1.6;4.1;152;0.0
KENAI;202505180900;22.8;59.3;824.5;1.5;3.5;57;0.0
KENAI;202505180910;23.9;56.8;824.4;1.4;4.0;94;0.0
KENAI;202505180920;22.3;59.8;824.3;1.7;4.1;44;0.0
KENAI;202505180930;23.7;57.9;824.2;2.0;3.6;99;0.0
KENAI;202505180940;23.8;56.6;824.0;0.9;4.1;274;0.0
KENAI;202505180950;24.4;55.1;823.8;1.1;4.0;111;0.0
KENAI;202505181000;23.4;56.4;823.7;1.3;3.7;76;0.0
KENAI;202505181010;23.0;58.4;823.5;0.6;2.7;117;0.0
KENAI;202505181020;22.8;59.6;823.5;1.7;2.9;107;0.0
KENAI;202505181030;22.8;57.3;823.2;2.6;3.4;137;0.0
