133
VRXZ07 LSSW 301408
Station/Location;Date;tre200s0;uor200s0;prestas0;fkl010z0;fkl010z1;dkl010z0;rre150z0
KENAI;202503301210;24.7;55.3;821.0;0.8;5.7;68;0.0
KENAI;202503301220;25.1;53.1;821.0;4.6;6.6;73;0.0
KENAI;202503301230;25.3;54.0;820.8;4.1;7.2;43;0.0
KENAI;202503301240;25.2;54.1;820.6;5.7;7.2;100;0.0
KENAI;202503301250;25.0;-;820.6;4.6;6.9;-;0.0
KENAI;202503301300;24.7;54.8;820.7;3.1;6.4;349;0.0
KENAI;202503301310;24.0;-;820.6;2.9;7.8;-;0.0
KENAI;202503301320;23.3;58.7;820.6;2.8;6.3;67;0.0
KENAI;202503301330;23.5;57.8;820.7;2.5;4.3;38;0.0
KENAI;202503301340;24.3;55.2;820.7;2.4;5.9;31;0.0
KENAI;202503301350;24.0;57.5;820.8;3.5;7.2;39;0.0
KENAI;202503301400;23.9;59.0;820.8;2.4;7.1;25;0.0
