983
VRXZ07 LSSW 012138
Station/Location;Date;tre200s0;uor200s0;prestas0;fkl010z0;fkl010z1;dkl010z0;rre150z0
KENAI;202507011940;-;71.5;827.3;1.7;2.6;125;0.0
KENAI;202507011950;-;70.7;827.4;1.4;3.4;109;0.0
KENAI;202507012000;-;72.1;827.7;0.8;4.4;146;0.0
KENAI;202507012010;-;72.7;827.6;1.0;2.9;145;0.0
KENAI;202507012020;-;73.6;827.4;1.0;2.4;172;0.0
KENAI;202507012030;-;74.8;827.3;0.5;2.1;147;0.0
KENAI;202507012040;-;76.0;827.3;0.5;2.3;168;0.0
KENAI;202507012050;-;76.2;827.3;0.7;1.3;132;0.0
KENAI;202507012100;15.7;76.7;827.2;1.2;1.6;127;0.0
KENAI;202507012110;-;77.4;827.3;0.5;1.4;82;0.0
KENAI;202507012120;-;76.7;827.2;0.5;1.2;75;0.0
KENAI;202507012130;-;76.7;827.2;0.8;2.7;193;0.0
