984
VRXZ07 LSSW 140948
Station/Location;Date;tre200s0;uor200s0;prestas0;fkl010z0;fkl010z1;dkl010z0;rre150z0
KENAI;202507140750;-;62.3;829.0;1.7;3.7;202;0.0
KENAI;202507140800;-;61.5;828.8;2.0;4.1;116;0.0
KENAI;202507140810;-;63.3;828.8;1.8;3.7;212;0.0
KENAI;202507140820;20.7;61.3;828.8;1.0;3.6;162;0.0
KENAI;202507140830;-;60.5;828.7;1.4;3.3;151;0.0
KENAI;202507140840;-;58.3;828.6;1.7;4.0;169;0.0
KENAI;202507140850;-;60.3;828.6;0.9;3.5;43;0.0
KENAI;202507140900;20.7;59.5;828.7;2.3;3.7;169;0.0
KENAI;202507140910;21.0;59.9;828.5;1.8;3.3;105;0.0
KENAI;202507140920;-;60.4;828.4;2.0;3.6;117;0.0
KENAI;202507140930;20.7;58.5;828.3;3.1;4.6;145;0.0
KENAI;202507140940;21.0;60.6;828.2;1.6;3.3;122;0.0
