838
VRXZ07 LSSW 090358
Station/Location;Date;tre200s0;uor200s0;prestas0;fkl010z0;fkl010z1;dkl010z0;rre150z0
KENAI;202506090200;-;91.9;825.9;0.7;1.2;217;0.0
KENAI;202506090210;-;91.4;826.0;0.7;1.5;221;0.0
KENAI;202506090220;-;90.9;826.2;0.5;1.0;238;0.0
KENAI;202506090230;-;90.5;826.2;0.4;1.0;266;0.0
KENAI;202506090240;-;89.7;826.4;0.0;0.5;0;0.0
KENAI;202506090250;-;89.9;826.4;0.4;0.8;262;0.0
KENAI;202506090300;15.0;90.1;826.3;0.7;0.9;240;0.0
KENAI;202506090310;15.1;90.1;826.4;0.0;1.0;0;0.0
KENAI;202506090320;-;90.3;826.4;0.5;0.9;294;0.0
KENAI;202506090330;-;90.3;826.6;0.4;0.7;187;0.0
KENAI;202506090340;-;91.3;826.6;0.7;0.9;287;0.0
KENAI;202506090350;-;91.5;826.7;0.5;0.7;84;0.0
