610
VRXZ07 LSSW 191208
Station/Location;Date;tre200s0;uor200s0;prestas0;fkl010z0;fkl010z1;dkl010z0;rre150z0
KENAI;202506191010;-;62.6;826.8;1.2;5.2;36;0.0
KENAI;202506191020;-;-;826.7;0.9;4.1;-;0.0
KENAI;202506191030;-;56.5;826.6;0.7;3.7;133;0.0
KENAI;202506191040;22.8;60.3;826.4;1.4;3.7;122;0.0
KENAI;202506191050;-;63.0;826.3;1.2;3.3;201;0.0
KENAI;202506191100;22.9;60.5;826.2;1.4;4.0;179;0.0
KENAI;202506191110;22.6;59.6;826.0;0.0;4.3;0;0.0
KENAI;202506191120;23.3;57.4;825.8;2.4;4.8;222;0.0
KENAI;202506191130;-;56.3;825.7;2.9;4.2;107;0.0
KENAI;202506191140;22.5;56.0;825.5;1.4;4.5;162;0.0
KENAI;202506191150;-;58.7;825.2;2.3;4.0;252;0.0
KENAI;202506191200;-;59.2;825.1;1.0;4.4;202;0.0
