043
VRXZ07 LSSW 090118
Station/Location;Date;tre200s0;uor200s0;prestas0;fkl010z0;fkl010z1;dkl010z0;rre150z0
KENAI;202506082320;-;87.9;826.4;0.6;0.7;265;0.0
KENAI;202506082330;-;87.9;826.1;0.0;0.9;0;0.0
KENAI;202506082340;-;88.3;826.0;0.4;0.7;234;0.0
KENAI;202506082350;-;88.7;825.8;0.3;0.8;99;0.0
KENAI;202506090000;-;90.3;825.8;0.0;0.6;0;0.0
KENAI;202506090010;-;90.4;825.7;0.4;0.6;188;0.0
KENAI;202506090020;-;91.2;825.6;0.5;0.8;212;0.0
KENAI;202506090030;14.9;90.9;825.7;0.6;1.1;225;0.0
KENAI;202506090040;-;91.8;825.6;0.3;0.6;119;0.0
KENAI;202506090050;14.4;92.0;825.6;0.0;0.7;0;0.0
KENAI;202506090100;-;92.2;825.6;0.6;1.7;203;0.0
KENAI;202506090110;-;92.4;825.6;0.9;1.0;145;0.0
