995
VRXZ07 LSSW 111718
Station/Location;Date;tre200s0;uor200s0;prestas0;fkl010z0;fkl010z1;dkl010z0;rre150z0
KENAI;202508111520;18.9;65.5;823.5;1.5;5.6;69;0.0
KENAI;202508111530;-;66.6;823.7;2.9;5.0;77;0.0
KENAI;202508111540;-;67.4;823.7;3.3;4.3;95;0.0
KENAI;202508111550;-;67.8;823.9;2.4;4.9;6;0.0
KENAI;202508111600;-;68.2;824.0;2.3;5.4;109;0.0
KENAI;202508111610;-;68.6;824.0;3.3;3.9;71;0.0
KENAI;202508111620;-;69.2;824.1;1.5;4.4;36;0.0
KENAI;202508111630;-;69.4;824.2;2.7;4.6;62;0.0
KENAI;202508111640;-;70.5;824.3;0.8;4.0;41;0.0
KENAI;202508111650;-;70.7;824.5;0.8;3.7;35;0.0
KENAI;202508111700;-;71.5;824.6;1.5;3.2;16;0.0
KENAI;202508111710;-;71.7;824.7;0.9;4.3;44;0.0
