333
VRXZ07 LSSW 031808
Station/Location;Date;tre200s0;uor200s0;prestas0;fkl010z0;fkl010z1;dkl010z0;rre150z0
KENAI;202504031610;21.0;68.8;822.5;2.0;4.2;60;0.0
KENAI;202504031620;20.8;-;822.6;1.7;4.5;-;0.0
KENAI;202504031630;20.5;76.1;822.8;1.2;4.7;21;0.0
KENAI;202504031640;20.3;78.0;823.1;1.2;4.2;104;0.0
KENAI;202504031650;20.2;79.2;823.2;1.7;4.4;35;0.0
KENAI;202504031700;20.1;79.7;823.5;1.9;4.3;24;0.0
KENAI;202504031710;19.9;80.2;823.5;1.6;3.4;11;0.0
KENAI;202504031720;19.9;80.1;823.8;1.6;3.5;57;0.0
KENAI;202504031730;19.9;80.6;824.0;2.4;4.3;78;0.0
KENAI;202504031740;19.9;80.7;824.1;1.5;4.2;35;0.0
KENAI;202504031750;20.0;80.9;824.1;1.1;2.8;25;0.0
KENAI;202504031800;20.1;80.2;824.2;1.3;4.1;85;0.0
