349
VRXZ07 LSSW 220748
Station/Location;Date;tre200s0;uor200s0;prestas0;fkl010z0;fkl010z1;dkl010z0;rre150z0
KENAI;202502220550;20.2;54.6;825.0;2.7;4.7;32;0.0
KENAI;202502220600;20.6;55.3;825.1;2.5;5.5;39;0.0
KENAI;202502220610;20.9;51.2;825.1;2.4;5.8;339;0.0
KENAI;202502220620;21.7;50.1;825.2;1.4;3.9;48;0.0
KENAI;202502220630;21.7;47.4;825.2;3.1;6.4;31;0.0
KENAI;202502220640;21.7;49.8;825.2;1.6;5.3;65;0.0
KENAI;202502220650;22.3;45.6;825.2;2.4;6.4;13;0.0
KENAI;202502220700;22.4;45.5;825.2;2.3;5.4;8;0.0
KENAI;202502220710;-;-;-;-;6.2;-;-
KENAI;202502220720;22.8;45.2;825.1;3.1;9.0;49;0.0
KENAI;202502220730;23.0;45.0;825.0;2.1;7.9;43;0.0
KENAI;202502220740;23.5;43.8;825.1;2.3;6.8;80;0.0
