724
VRXZ07 LSSW 232148
Station/Location;Date;tre200s0;uor200s0;prestas0;fkl010z0;fkl010z1;dkl010z0;rre150z0
KENAI;202502231950;19.2;60.2;825.7;0.8;3.3;9;0.0
KENAI;202502232000;19.0;61.5;825.6;0.8;3.7;60;0.0
KENAI;202502232010;18.8;62.7;825.7;1.2;2.6;55;0.0
KENAI;202502232020;18.4;64.6;825.6;0.7;2.0;72;0.0
KENAI;202502232030;18.4;64.4;825.6;0.8;1.8;29;0.0
KENAI;202502232040;18.3;64.5;825.6;1.3;2.9;21;0.0
KENAI;202502232050;18.0;65.8;825.6;0.9;2.4;51;0.0
KENAI;202502232100;18.0;65.9;825.4;1.3;3.7;32;0.0
KENAI;202502232110;18.0;65.8;825.3;1.0;3.1;28;0.0
KENAI;202502232120;17.7;67.0;825.3;1.2;2.7;5;0.0
KENAI;202502232130;17.3;69.0;825.2;3.2;3.8;21;0.0
KENAI;202502232140;17.2;70.0;825.0;1.1;2.3;18;0.0
