747
VRXZ07 LSSW 190238
Station/Location;Date;tre200s0;uor200s0;prestas0;fkl010z0;fkl010z1;dkl010z0;rre150z0
KENAI;202502190040;15.7;68.1;823.0;1.2;2.4;344;0.0
KENAI;202502190050;15.8;68.3;822.9;1.9;2.6;328;0.0
KENAI;202502190100;15.7;68.7;822.8;0.8;2.5;317;0.0
KENAI;202502190110;15.7;69.2;823.1;0.0;1.2;0;0.0
KENAI;202502190120;15.7;69.3;823.1;0.5;1.0;17;0.0
KENAI;202502190130;15.5;69.8;823.2;0.7;1.8;355;0.0
KENAI;202502190140;15.5;70.3;823.3;0.0;1.4;0;0.0
KENAI;202502190150;15.5;70.7;823.3;0.3;1.9;65;0.0
KENAI;202502190200;15.4;70.7;823.4;0.0;0.9;0;0.0
KENAI;202502190210;14.6;74.3;823.5;0.6;0.9;219;0.0
KENAI;202502190220;14.5;74.5;823.6;0.0;0.9;0;0.0
KENAI;202502190230;15.0;72.6;823.6;0.0;1.0;0;0.0
