261
VRXZ07 LSSW 041958
Station/Location;Date;tre200s0;uor200s0;prestas0;fkl010z0;fkl010z1;dkl010z0;rre150z0
KENAI;202507041800;18.2;72.0;826.3;2.3;4.0;135;0.0
KENAI;202507041810;18.1;72.3;826.4;0.9;4.6;134;0.0
KENAI;202507041820;-;72.5;826.3;1.0;3.3;175;0.0
KENAI;202507041830;18.0;72.4;826.5;0.9;3.2;120;0.0
KENAI;202507041840;-;74.0;826.6;1.4;2.6;178;0.0
KENAI;202507041850;-;75.1;826.7;0.9;2.6;75;0.0
KENAI;202507041900;-;74.6;826.7;0.5;1.2;152;0.0
KENAI;202507041910;17.5;74.8;826.7;1.1;2.1;134;0.0
KENAI;202507041920;17.3;75.0;826.6;0.6;1.0;18;0.0
KENAI;202507041930;-;74.7;826.6;0.5;0.8;17;0.0
KENAI;202507041940;-;74.7;826.5;0.0;0.6;0;0.0
KENAI;202507041950;-;75.9;826.5;0.7;0.9;168;0.0
