602
VRXZ07 LSSW 280238
Station/Location;Date;tre200s0;uor200s0;prestas0;fkl010z0;fkl010z1;dkl010z0;rre150z0
KENAI;202507280040;-;82.6;826.8;0.5;0.7;188;0.0
KENAI;202507280050;-;84.8;826.8;0.6;1.0;227;0.0
KENAI;202507280100;11.1;85.5;826.8;0.4;0.7;184;0.0
KENAI;202507280110;11.0;86.3;826.8;0.6;0.7;199;0.0
KENAI;202507280120;-;87.0;826.7;0.4;1.2;336;0.0
KENAI;202507280130;-;86.7;826.9;0.5;0.7;246;0.0
KENAI;202507280140;-;86.6;826.9;0.0;0.8;0;0.0
KENAI;202507280150;-;87.4;827.2;0.3;1.0;123;0.0
KENAI;202507280200;-;87.6;827.2;0.8;0.9;189;0.0
KENAI;202507280210;-;88.5;827.3;0.0;1.0;0;0.0
KENAI;202507280220;-;88.5;827.3;1.0;1.2;185;0.0
KENAI;202507280230;9.9;89.1;827.3;0.5;1.0;216;0.0
