595
VRXZ07 LSSW 120448
Station/Location;Date;tre200s0;uor200s0;prestas0;fkl010z0;fkl010z1;dkl010z0;rre150z0
KENAI;202502120250;16.5;82.3;823.3;2.1;3.7;65;0.0
KENAI;202502120300;16.4;83.0;823.5;1.6;4.7;51;0.0
KENAI;202502120310;16.4;83.9;823.5;1.8;4.2;41;0.0
KENAI;202502120320;16.1;85.7;823.6;1.5;5.5;68;0.0
KENAI;202502120330;15.9;86.6;823.8;2.9;5.4;63;0.0
KENAI;202502120340;15.9;87.7;823.9;2.0;4.5;21;0.0
KENAI;202502120350;15.9;87.7;824.1;2.7;4.1;57;0.0
KENAI;202502120400;15.8;88.0;824.1;2.4;4.3;24;0.0
KENAI;202502120410;15.7;88.7;824.2;1.5;4.3;78;0.0
KENAI;202502120420;15.6;89.8;824.2;4.0;5.3;64;0.0
KENAI;202502120430;15.5;91.5;824.3;1.2;5.3;67;0.0
KENAI;202502120440;-;-;-;-;4.9;-;-
