776
VRXZ07 LSSW 271038
Station/Location;Date;tre200s0;uor200s0;prestas0;fkl010z0;fkl010z1;dkl010z0;rre150z0
KENAI;202507270840;16.1;72.1;828.5;1.0;3.5;134;0.0
KENAI;202507270850;16.5;70.7;828.5;1.9;4.1;144;0.0
KENAI;202507270900;-;71.3;828.2;0.4;2.6;347;0.0
KENAI;202507270910;17.7;67.7;828.2;1.3;3.6;66;0.0
KENAI;202507270920;-;67.8;828.1;2.9;4.0;140;0.0
KENAI;202507270930;18.3;68.0;828.0;2.3;4.3;82;0.0
KENAI;202507270940;-;66.7;827.9;2.6;4.1;152;0.0
KENAI;202507270950;-;68.9;827.6;0.6;3.1;280;0.0
KENAI;202507271000;-;62.2;827.5;2.4;4.1;117;0.0
KENAI;202507271010;19.9;61.5;827.4;1.8;5.5;192;0.0
KENAI;202507271020;19.6;59.4;827.1;2.8;4.3;163;0.0
KENAI;202507271030;-;59.5;827.1;1.4;4.8;179;0.0
