682
VRXZ07 LSSW 271418
Station/Location;Date;tre200s0;uor200s0;prestas0;fkl010z0;fkl010z1;dkl010z0;rre150z0
KENAI;202507271220;22.9;46.9;825.7;2.7;4.0;142;0.0
KENAI;202507271230;-;46.9;825.6;0.5;3.4;198;0.0
KENAI;202507271240;23.3;44.9;825.6;1.3;4.6;131;0.0
KENAI;202507271250;-;45.2;825.6;2.0;3.6;107;0.0
KENAI;202507271300;23.9;43.9;825.5;1.4;5.4;135;0.0
KENAI;202507271310;-;43.0;825.4;2.1;3.0;182;0.0
KENAI;202507271320;23.4;44.2;825.3;2.0;3.9;109;0.0
KENAI;202507271330;23.6;43.6;825.3;2.0;3.4;97;0.0
KENAI;202507271340;-;43.6;825.2;0.5;3.7;43;0.0
KENAI;202507271350;23.8;44.5;825.2;0.8;3.0;107;0.0
KENAI;202507271400;23.9;42.5;825.2;1.1;3.1;84;0.0
KENAI;202507271410;-;41.7;825.2;0.9;3.3;117;0.0
