811
VRXZ07 LSSW 051528
Station/Location;Date;tre200s0;uor200s0;prestas0;fkl010z0;fkl010z1;dkl010z0;rre150z0
KENAI;202507051330;-;74.9;824.7;0.0;1.4;0;0.0
KENAI;202507051340;19.1;74.6;824.7;0.9;1.6;173;0.0
KENAI;202507051350;19.1;73.1;824.7;0.8;1.3;74;0.0
KENAI;202507051400;-;72.9;824.8;1.0;1.4;162;0.0
KENAI;202507051410;19.1;71.1;824.7;0.5;1.4;189;0.0
KENAI;202507051420;-;73.9;824.8;0.3;1.1;103;0.0
KENAI;202507051430;-;72.6;824.7;1.0;1.3;112;0.0
KENAI;202507051440;-;72.6;824.7;0.4;1.4;153;0.0
KENAI;202507051450;19.0;73.0;824.8;0.6;1.0;74;0.0
KENAI;202507051500;-;74.9;824.9;1.0;1.9;87;0.0
KENAI;202507051510;-;76.2;824.9;0.4;1.6;79;0.0
KENAI;202507051520;18.6;77.7;824.9;0.5;1.4;57;0.0
