041
VRXZ07 LSSW 070058
Station/Location;Date;tre200s0;uor200s0;prestas0;fkl010z0;fkl010z1;dkl010z0;rre150z0
KENAI;202508062300;-;83.0;823.8;0.7;1.7;77;0.0
KENAI;202508062310;-;83.9;823.7;1.0;1.9;160;0.0
KENAI;202508062320;-;84.4;823.7;0.4;0.8;16;0.0
KENAI;202508062330;15.4;85.3;823.6;1.3;2.0;172;0.0
KENAI;202508062340;15.3;85.9;823.6;0.7;2.1;122;0.0
KENAI;202508062350;-;86.2;823.4;0.4;1.5;135;0.0
KENAI;202508070000;-;86.6;823.4;0.7;2.1;165;0.0
KENAI;202508070010;15.2;87.2;823.3;1.0;1.9;211;0.0
KENAI;202508070020;-;87.9;823.3;1.0;2.4;162;0.0
KENAI;202508070030;15.0;88.3;823.3;1.2;2.4;118;0.0
KENAI;202508070040;-;88.8;823.3;1.0;2.2;123;0.0
KENAI;202508070050;-;88.8;823.4;1.5;2.0;126;0.0
