967
VRXZ07 LSSW 110428
Station/Location;Date;tre200s0;uor200s0;prestas0;fkl010z0;fkl010z1;dkl010z0;rre150z0
KENAI;202502110230;16.2;81.3;821.3;0.7;2.3;357;0.0
KENAI;202502110240;16.1;80.9;821.5;2.7;3.5;30;0.0
KENAI;202502110250;16.4;79.3;821.5;2.1;4.3;14;0.0
KENAI;202502110300;16.7;77.6;821.7;1.1;4.4;39;0.0
KENAI;202502110310;16.6;77.6;821.8;1.4;3.9;39;0.0
KENAI;202502110320;16.7;77.7;822.0;1.1;5.5;55;0.0
KENAI;202502110330;16.6;78.6;822.1;2.3;6.3;78;0.0
KENAI;202502110340;16.2;81.6;822.1;1.3;3.1;88;0.0
KENAI;202502110350;16.0;84.1;822.4;2.1;3.6;51;0.0
KENAI;202502110400;16.5;83.7;822.5;0.8;3.5;48;0.0
KENAI;202502110410;16.5;84.2;822.5;1.0;3.3;65;0.0
KENAI;202502110420;16.6;84.1;822.7;2.0;3.3;23;0.0
