242
VRXZ07 LSSW 250748
Station/Location;Date;tre200s0;uor200s0;prestas0;fkl010z0;fkl010z1;dkl010z0;rre150z0
KENAI;202507250550;-;93.8;826.9;0.9;2.6;174;0.0
KENAI;202507250600;12.5;93.5;827.0;0.8;2.2;101;0.0
KENAI;202507250610;-;-;827.1;1.0;2.7;-;0.0
KENAI;202507250620;-;90.3;827.2;1.3;2.2;107;0.0
KENAI;202507250630;-;89.5;827.2;1.3;2.7;76;0.0
KENAI;202507250640;-;88.8;827.3;0.6;2.8;191;0.0
KENAI;202507250650;-;87.7;827.3;0.0;2.9;0;0.0
KENAI;202507250700;14.6;84.1;827.3;0.8;1.8;245;0.0
KENAI;202507250710;-;82.2;827.1;1.8;2.6;88;0.0
KENAI;202507250720;-;75.5;827.1;1.1;2.8;60;0.0
KENAI;202507250730;-;72.7;827.0;2.0;3.2;44;0.0
KENAI;202507250740;-;72.3;826.9;2.0;2.8;176;0.0
