096
VRXZ07 LSSW 170358
Station/Location;Date;tre200s0;uor200s0;prestas0;fkl010z0;fkl010z1;dkl010z0;rre150z0
KENAI;202502170200;17.3;80.2;822.3;0.5;2.5;322;0.0
KENAI;202502170210;17.3;80.6;822.4;0.9;2.4;4;0.0
KENAI;202502170220;17.3;80.5;822.5;1.2;2.2;12;0.0
KENAI;202502170230;17.2;81.2;822.6;0.9;2.2;10;0.0
KENAI;202502170240;17.3;81.0;822.6;0.9;2.1;11;0.0
KENAI;202502170250;17.4;80.1;822.7;1.3;2.7;40;0.0
KENAI;202502170300;17.3;80.4;822.6;2.1;3.2;9;0.0
KENAI;202502170310;17.3;80.5;822.6;0.9;3.1;57;0.0
KENAI;202502170320;17.2;80.9;822.8;0.6;3.7;75;0.0
KENAI;202502170330;16.9;82.1;822.8;2.4;3.4;33;0.0
KENAI;202502170340;16.8;82.9;823.0;1.2;3.5;53;0.0
KENAI;202502170350;16.6;84.0;823.0;2.2;3.1;55;0.0
