641
VRXZ07 LSSW 171018
Station/Location;Date;tre200s0;uor200s0;prestas0;fkl010z0;fkl010z1;dkl010z0;rre150z0
KENAI;202505170820;20.2;67.9;825.5;1.8;5.2;169;0.0
KENAI;202505170830;22.2;63.0;825.4;1.1;4.2;103;0.0
KENAI;202505170840;21.7;65.1;825.4;1.0;4.8;156;0.0
KENAI;202505170850;21.7;65.4;825.2;3.3;4.8;154;0.0
KENAI;202505170900;21.7;68.1;824.9;1.0;4.1;130;0.0
KENAI;202505170910;23.0;59.6;824.8;3.0;5.5;22;0.0
KENAI;202505170920;21.9;63.7;824.8;1.3;5.5;71;0.0
KENAI;202505170930;22.0;67.3;824.6;1.5;4.6;214;0.0
KENAI;202505170940;21.6;64.4;824.5;1.0;5.2;134;0.0
KENAI;202505170950;22.0;63.7;824.4;1.9;5.6;160;0.0
KENAI;202505171000;-;62.0;824.2;2.4;6.1;112;0.0
KENAI;202505171010;23.0;60.2;824.1;2.5;5.0;88;0.0
