488
VRXZ07 LSSW 282158
Station/Location;Date;tre200s0;uor200s0;prestas0;fkl010z0;fkl010z1;dkl010z0;rre150z0
KENAI;202411282000;18.1;89.1;825.9;1.0;3.2;55;0.0
KENAI;202411282010;18.0;88.7;826.1;1.8;3.3;68;0.0
KENAI;202411282020;18.0;89.3;825.9;0.7;3.5;30;0.0
KENAI;202411282030;18.0;90.0;826.0;1.2;3.2;28;0.0
KENAI;202411282040;18.1;90.3;825.8;1.0;3.4;83;0.0
KENAI;202411282050;18.1;89.9;825.9;0.9;3.7;35;0.0
KENAI;202411282100;18.2;90.1;825.9;1.9;3.3;37;0.0
KENAI;202411282110;18.2;90.4;825.8;2.3;3.9;60;0.0
KENAI;202411282120;18.1;90.5;825.7;2.4;4.5;79;0.0
KENAI;202411282130;18.1;90.2;825.6;1.6;3.8;64;0.0
KENAI;202411282140;18.1;90.0;825.6;0.4;2.9;37;0.0
KENAI;202411282150;18.2;90.0;825.5;1.2;3.8;101;0.0
