419
VRXZ07 LSSW 052208
Station/Location;Date;tre200s0;uor200s0;prestas0;fkl010z0;fkl010z1;dkl010z0;rre150z0
KENAI;202503052010;20.1;53.6;824.1;2.2;5.4;45;0.0
KENAI;202503052020;19.9;54.1;824.0;2.4;4.6;51;0.0
KENAI;202503052030;19.8;54.3;824.0;1.6;5.5;55;0.0
KENAI;202503052040;19.7;54.3;824.0;2.0;7.8;71;0.0
KENAI;202503052050;19.5;55.2;823.9;1.8;4.6;42;0.0
KENAI;202503052100;19.3;56.1;823.8;2.5;3.2;72;0.0
KENAI;202503052110;19.1;56.7;823.7;1.4;5.3;36;0.0
KENAI;202503052120;19.1;56.8;823.7;2.3;3.7;59;0.0
KENAI;202503052130;19.0;57.2;823.6;2.3;4.7;42;0.0
KENAI;202503052140;18.8;58.3;823.6;0.9;4.5;17;0.0
KENAI;202503052150;18.4;59.8;823.5;1.2;3.5;33;0.0
KENAI;202503052200;18.3;60.6;823.3;1.3;4.2;52;0.0
