062
VRXZ07 LSSW 170258
Station/Location;Date;tre200s0;uor200s0;prestas0;fkl010z0;fkl010z1;dkl010z0;rre150z0
KENAI;202506170100;-;87.9;825.6;0.6;3.0;158;0.0
KENAI;202506170110;-;88.5;825.8;0.3;2.5;224;0.0
KENAI;202506170120;-;88.7;826.0;0.7;0.9;33;0.0
KENAI;202506170130;-;88.5;826.1;0.7;0.9;171;0.0
KENAI;202506170140;-;88.3;826.2;0.5;1.2;201;0.0
KENAI;202506170150;14.7;88.9;826.1;0.8;1.1;84;0.0
KENAI;202506170200;-;88.5;826.3;0.7;1.2;122;0.0
KENAI;202506170210;-;88.8;826.3;0.5;1.8;131;0.0
KENAI;202506170220;-;88.7;826.3;0.9;1.9;124;0.0
KENAI;202506170230;14.6;88.9;826.3;0.9;1.6;116;0.0
KENAI;202506170240;-;89.2;826.4;1.1;1.4;96;0.0
KENAI;202506170250;-;89.5;826.5;0.6;1.5;144;0.0
