582
VRXZ07 LSSW 081548
Station/Location;Date;tre200s0;uor200s0;prestas0;fkl010z0;fkl010z1;dkl010z0;rre150z0
KENAI;202504081350;24.9;53.5;823.2;2.3;5.1;71;0.0
KENAI;202504081400;24.5;54.4;823.2;1.0;4.2;91;0.0
KENAI;202504081410;24.4;53.7;823.2;2.5;3.8;110;0.0
KENAI;202504081420;23.9;55.2;823.2;1.7;3.8;105;0.0
KENAI;202504081430;23.5;56.7;823.5;2.3;4.2;131;0.0
KENAI;202504081440;23.3;56.5;823.6;1.3;4.7;105;0.0
KENAI;202504081450;22.9;58.5;823.8;2.4;5.4;68;0.0
KENAI;202504081500;22.6;60.7;823.9;1.3;4.2;153;0.0
KENAI;202504081510;22.2;59.1;824.3;0.8;4.4;149;0.1
KENAI;202504081520;21.6;63.7;824.3;0.6;2.7;175;1.6
KENAI;202504081530;17.7;82.3;824.3;0.9;2.1;254;2.4
KENAI;202504081540;17.5;88.0;824.3;0.7;1.4;187;0.0
