798
VRXZ07 LSSW 071818
Station/Location;Date;tre200s0;uor200s0;prestas0;fkl010z0;fkl010z1;dkl010z0;rre150z0
KENAI;202503071620;25.3;42.5;821.3;2.6;4.4;14;0.0
KENAI;202503071630;25.2;42.9;821.5;3.1;6.8;25;0.0
KENAI;202503071640;25.1;43.4;821.6;3.0;6.5;17;0.0
KENAI;202503071650;25.1;43.4;821.9;1.8;5.7;22;0.0
KENAI;202503071700;24.9;43.9;822.0;2.8;5.4;54;0.0
KENAI;202503071710;24.8;44.3;822.2;3.5;6.4;19;0.0
KENAI;202503071720;24.7;44.5;822.3;1.2;6.1;14;0.0
KENAI;202503071730;24.6;44.8;822.5;1.0;5.0;56;0.0
KENAI;202503071740;24.5;45.1;822.6;1.3;4.2;340;0.0
KENAI;202503071750;24.4;45.4;822.6;2.9;5.9;36;0.0
KENAI;202503071800;24.2;46.3;822.7;2.9;4.8;54;0.0
KENAI;202503071810;24.1;46.9;822.7;2.9;5.3;18;0.0
