376
VRXZ07 LSSW 161928
Station/Location;Date;tre200s0;uor200s0;prestas0;fkl010z0;fkl010z1;dkl010z0;rre150z0
KENAI;202504161730;19.8;78.2;824.4;0.5;1.7;80;0.0
KENAI;202504161740;19.7;77.7;824.7;2.3;4.1;51;0.0
KENAI;202504161750;19.7;76.7;824.6;1.6;4.2;69;0.0
KENAI;202504161800;19.6;77.8;824.9;1.5;3.7;58;0.0
KENAI;202504161810;19.3;79.8;824.8;2.2;3.7;58;0.0
KENAI;202504161820;19.1;81.8;824.9;2.3;3.3;46;0.0
KENAI;202504161830;19.0;82.3;825.1;0.8;3.2;4;0.0
KENAI;202504161840;18.8;83.0;825.1;1.2;2.9;55;0.0
KENAI;202504161850;18.8;83.4;825.0;1.2;4.0;78;0.0
KENAI;202504161900;18.8;83.6;825.2;0.7;1.5;41;0.0
KENAI;202504161910;19.0;83.9;825.3;1.4;3.0;63;0.0
KENAI;202504161920;18.9;85.1;825.2;2.3;5.0;56;0.0
