083
VRXZ07 LSSW 071228
Station/Location;Date;tre200s0;uor200s0;prestas0;fkl010z0;fkl010z1;dkl010z0;rre150z0
KENAI;202506071030;21.6;58.4;826.6;2.0;2.7;87;0.0
KENAI;202506071040;22.5;58.3;826.4;1.3;3.4;41;0.0
KENAI;202506071050;-;58.3;826.2;2.5;4.3;69;0.0
KENAI;202506071100;22.8;56.9;826.1;2.2;4.3;96;0.0
KENAI;202506071110;-;-;826.0;2.1;4.8;-;0.0
KENAI;202506071120;23.3;53.9;825.9;2.0;4.8;149;0.0
KENAI;202506071130;23.3;54.6;825.7;1.5;5.2;23;0.0
KENAI;202506071140;-;58.0;825.6;2.9;7.3;128;0.0
KENAI;202506071150;21.9;58.4;825.6;0.8;3.7;52;0.0
KENAI;202506071200;-;57.9;825.4;0.8;4.1;146;0.0
KENAI;202506071210;22.5;56.8;825.4;0.0;3.4;0;0.0
KENAI;202506071220;-;60.1;825.2;2.7;4.3;79;0.0
