012
VRXZ07 LSSW 210018
Station/Location;Date;tre200s0;uor200s0;prestas0;fkl010z0;fkl010z1;dkl010z0;rre150z0
KENAI;202506202220;-;91.7;825.8;0.4;0.7;213;0.0
KENAI;202506202230;-;93.0;825.5;0.0;0.8;0;0.0
KENAI;202506202240;-;94.4;825.5;0.0;0.6;0;0.0
KENAI;202506202250;-;94.1;825.5;0.6;1.4;238;0.0
KENAI;202506202300;-;94.5;825.4;0.3;0.5;188;0.0
KENAI;202506202310;-;94.8;825.3;0.5;0.8;211;0.0
KENAI;202506202320;-;94.7;825.1;0.0;0.5;0;0.0
KENAI;202506202330;-;94.9;825.0;0.4;0.6;233;0.0
KENAI;202506202340;-;94.3;825.0;1.7;2.3;130;0.0
KENAI;202506202350;-;93.7;825.0;0.0;2.1;0;0.0
KENAI;202506210000;-;93.7;825.0;0.0;1.2;0;0.0
KENAI;202506210010;-;94.2;824.8;0.0;0.7;0;0.0
