641
VRXZ07 LSSW 300918
Station/Location;Date;tre200s0;uor200s0;prestas0;fkl010z0;fkl010z1;dkl010z0;rre150z0
KENAI;202503300720;20.6;75.3;824.7;3.6;4.7;94;0.0
KENAI;202503300730;20.8;76.2;824.5;2.0;4.5;34;0.0
KENAI;202503300740;21.6;71.7;824.5;2.5;4.4;104;0.0
KENAI;202503300750;22.0;70.7;824.5;2.8;4.9;59;0.0
KENAI;202503300800;22.1;71.2;824.4;2.1;4.7;34;0.0
KENAI;202503300810;21.8;69.9;824.4;3.0;4.7;26;0.0
KENAI;202503300820;22.1;69.6;824.4;1.5;3.6;87;0.0
KENAI;202503300830;22.0;70.0;824.2;1.6;4.9;71;0.0
KENAI;202503300840;22.4;68.8;824.1;2.5;5.0;91;0.0
KENAI;202503300850;22.8;66.6;824.0;2.7;4.2;50;0.0
KENAI;202503300900;22.7;66.3;823.8;2.4;5.6;81;0.0
KENAI;202503300910;23.0;65.0;823.6;1.6;4.3;97;0.0
