858
VRXZ07 LSSW 082058
Station/Location;Date;tre200s0;uor200s0;prestas0;fkl010z0;fkl010z1;dkl010z0;rre150z0
KENAI;202505081900;17.4;90.8;825.6;0.0;0.5;0;0.0
KENAI;202505081910;17.5;90.6;825.6;0.3;0.6;39;0.0
KENAI;202505081920;17.5;90.2;825.7;0.5;0.8;162;0.0
KENAI;202505081930;-;90.1;825.7;0.6;0.8;134;0.0
KENAI;202505081940;17.7;88.6;825.9;0.3;2.0;95;0.0
KENAI;202505081950;-;88.8;825.8;0.5;2.4;122;0.0
KENAI;202505082000;-;89.5;825.8;0.7;2.4;153;0.0
KENAI;202505082010;17.5;89.9;825.8;0.7;2.1;149;0.0
KENAI;202505082020;-;90.0;825.8;0.8;2.3;187;0.0
KENAI;202505082030;-;90.0;825.7;0.7;1.6;148;0.0
KENAI;202505082040;17.5;90.1;825.7;0.4;0.8;347;0.0
KENAI;202505082050;-;89.3;825.8;0.9;1.4;102;0.0
