204
VRXZ07 LSSW 080048
Station/Location;Date;tre200s0;uor200s0;prestas0;fkl010z0;fkl010z1;dkl010z0;rre150z0
KENAI;202504072250;17.7;89.8;825.0;1.9;2.7;41;0.0
KENAI;202504072300;17.7;89.7;824.9;1.3;2.5;101;0.0
KENAI;202504072310;17.5;90.5;824.9;0.7;2.5;128;0.0
KENAI;202504072320;17.4;91.3;824.9;1.0;2.4;69;0.0
KENAI;202504072330;17.4;91.5;824.8;1.1;1.5;133;0.0
KENAI;202504072340;17.4;91.0;824.8;1.2;1.3;57;0.0
KENAI;202504072350;17.4;91.0;824.5;0.5;1.9;69;0.0
KENAI;202504080000;17.6;90.6;824.5;1.0;1.5;357;0.0
KENAI;202504080010;17.4;91.3;824.3;1.1;2.7;76;0.0
KENAI;202504080020;17.2;91.7;824.3;0.4;2.0;248;0.0
KENAI;202504080030;17.2;91.9;824.5;0.0;0.8;0;0.0
KENAI;202504080040;17.3;91.7;824.6;1.4;2.1;45;0.0
