430
VRXZ07 LSSW 260228
Station/Location;Date;tre200s0;uor200s0;prestas0;fkl010z0;fkl010z1;dkl010z0;rre150z0
KENAI;202506260030;-;88.7;825.4;1.0;2.5;88;0.0
KENAI;202506260040;15.7;89.2;825.4;0.9;2.5;118;0.0
KENAI;202506260050;15.8;89.2;825.4;0.5;0.9;134;0.0
KENAI;202506260100;-;88.5;825.2;0.4;1.7;120;0.0
KENAI;202506260110;-;88.8;825.3;0.0;1.4;0;0.0
KENAI;202506260120;-;89.0;825.4;1.1;1.9;89;0.0
KENAI;202506260130;-;89.1;825.4;0.7;1.4;137;0.0
KENAI;202506260140;-;88.9;825.4;0.0;0.7;0;0.0
KENAI;202506260150;-;88.4;825.5;0.3;0.4;251;0.0
KENAI;202506260200;-;88.8;825.4;0.3;0.8;185;0.0
KENAI;202506260210;-;88.4;825.4;0.8;1.6;255;0.0
KENAI;202506260220;-;88.7;825.5;0.8;1.3;133;0.0
