593
VRXZ07 LSSW 220308
Station/Location;Date;tre200s0;uor200s0;prestas0;fkl010z0;fkl010z1;dkl010z0;rre150z0
KENAI;202506220110;-;89.7;825.0;1.1;1.8;130;0.0
KENAI;202506220120;-;89.0;825.1;1.9;2.6;168;0.0
KENAI;202506220130;-;89.3;825.2;0.7;2.8;131;0.0
KENAI;202506220140;-;89.8;825.2;1.7;2.2;123;0.0
KENAI;202506220150;-;90.2;825.3;1.1;2.0;127;0.0
KENAI;202506220200;-;90.5;825.3;1.0;1.8;104;0.0
KENAI;202506220210;-;90.6;825.4;0.7;1.5;144;0.0
KENAI;202506220220;-;90.7;825.6;0.7;1.5;178;0.0
KENAI;202506220230;-;90.8;825.5;0.8;2.0;127;0.0
KENAI;202506220240;-;90.7;825.7;1.1;2.1;120;0.0
KENAI;202506220250;-;91.1;825.8;0.7;2.1;139;0.0
KENAI;202506220300;-;91.8;825.8;0.6;2.1;143;0.0
