231
VRXZ07 LSSW 262348
Station/Location;Date;tre200s0;uor200s0;prestas0;fkl010z0;fkl010z1;dkl010z0;rre150z0
KENAI;202507262150;-;73.7;826.7;0.7;1.2;86;0.0
KENAI;202507262200;-;77.8;826.7;0.5;1.1;182;0.0
KENAI;202507262210;-;77.9;826.5;0.4;1.0;235;0.0
KENAI;202507262220;-;78.6;826.5;0.8;0.9;180;0.0
KENAI;202507262230;-;80.3;826.4;0.5;1.0;225;0.0
KENAI;202507262240;-;81.3;826.4;0.5;0.8;228;0.0
KENAI;202507262250;12.6;82.4;826.2;0.5;0.7;200;0.0
KENAI;202507262300;-;83.3;826.1;0.4;0.7;194;0.0
KENAI;202507262310;12.5;83.8;826.0;0.0;0.7;0;0.0
KENAI;202507262320;-;84.1;825.9;0.0;0.5;0;0.0
KENAI;202507262330;-;84.5;825.8;0.4;0.7;198;0.0
KENAI;202507262340;-;85.0;825.7;0.3;0.6;214;0.0
