665
VRXZ07 LSSW 200558
Station/Location;Date;tre200s0;uor200s0;prestas0;fkl010z0;fkl010z1;dkl010z0;rre150z0
KENAI;202502200400;13.8;82.1;823.8;0.4;0.7;227;0.0
KENAI;202502200410;14.2;80.9;823.8;0.6;0.7;208;0.0
KENAI;202502200420;15.3;77.2;823.8;0.4;0.7;228;0.0
KENAI;202502200430;16.1;74.8;823.9;0.6;0.8;200;0.0
KENAI;202502200440;17.6;71.3;823.9;0.0;1.3;0;0.0
KENAI;202502200450;19.1;63.6;824.0;0.6;2.2;294;0.0
KENAI;202502200500;19.6;61.3;824.1;0.8;1.8;46;0.0
KENAI;202502200510;-;-;-;-;2.3;-;-
KENAI;202502200520;20.2;57.9;824.3;0.6;3.0;348;0.0
KENAI;202502200530;20.9;59.7;824.3;2.3;3.3;41;0.0
KENAI;202502200540;21.4;56.2;824.4;1.7;3.0;29;0.0
KENAI;202502200550;21.5;56.2;824.5;1.2;3.4;92;0.0
