216
VRXZ07 LSSW 231218
Station/Location;Date;tre200s0;uor200s0;prestas0;fkl010z0;fkl010z1;dkl010z0;rre150z0
KENAI;202507231020;17.3;73.6;826.8;0.8;2.5;83;0.0
KENAI;202507231030;17.4;72.6;826.7;0.8;2.5;57;0.0
KENAI;202507231040;-;71.9;826.6;0.9;2.1;125;0.0
KENAI;202507231050;17.7;71.1;826.3;1.7;2.6;70;0.0
KENAI;202507231100;-;70.7;826.3;1.8;2.4;80;0.0
KENAI;202507231110;17.6;70.6;826.3;0.4;1.7;299;0.0
KENAI;202507231120;-;70.6;826.2;0.5;2.6;139;0.0
KENAI;202507231130;17.6;71.2;826.1;1.4;2.1;139;0.0
KENAI;202507231140;-;71.1;825.9;1.5;2.4;83;0.0
KENAI;202507231150;-;69.4;825.8;1.0;3.0;72;0.0
KENAI;202507231200;18.3;69.9;825.7;1.0;2.7;33;0.0
KENAI;202507231210;-;68.4;825.6;1.6;2.9;87;0.0
