642
VRXZ07 LSSW 181208
Station/Location;Date;tre200s0;uor200s0;prestas0;fkl010z0;fkl010z1;dkl010z0;rre150z0
KENAI;202506181010;-;55.6;825.9;3.5;4.1;133;0.0
KENAI;202506181020;22.0;57.1;825.9;2.3;5.1;175;0.0
KENAI;202506181030;-;57.3;825.9;1.1;3.8;165;0.0
KENAI;202506181040;-;57.5;825.7;2.3;4.8;148;0.0
KENAI;202506181050;-;58.8;825.7;0.4;3.9;152;0.0
KENAI;202506181100;22.9;58.3;825.5;1.4;4.8;190;0.0
KENAI;202506181110;22.9;53.8;825.5;2.1;3.2;163;0.0
KENAI;202506181120;23.1;56.0;825.3;1.5;4.7;148;0.0
KENAI;202506181130;24.1;53.1;825.2;2.2;3.8;138;0.0
KENAI;202506181140;-;53.2;825.1;0.9;3.3;45;0.0
KENAI;202506181150;24.2;49.5;824.9;1.2;4.0;23;0.0
KENAI;202506181200;24.5;47.2;824.7;0.9;3.4;114;0.0
