860
VRXZ07 LSSW 071038
Station/Location;Date;tre200s0;uor200s0;prestas0;fkl010z0;fkl010z1;dkl010z0;rre150z0
KENAI;202508070840;-;68.1;824.5;1.8;3.1;106;0.0
KENAI;202508070850;20.6;66.0;824.3;2.7;4.2;194;0.0
KENAI;202508070900;-;63.9;824.2;1.1;3.1;261;0.0
KENAI;202508070910;-;62.2;824.1;3.4;4.5;207;0.0
KENAI;202508070920;21.6;64.0;823.8;0.8;4.9;188;0.0
KENAI;202508070930;22.4;59.8;823.7;1.2;3.4;131;0.0
KENAI;202508070940;22.4;61.4;823.5;0.8;4.0;193;0.0
KENAI;202508070950;22.6;55.3;823.4;0.0;3.8;0;0.0
KENAI;202508071000;-;57.7;823.3;1.6;3.9;219;0.0
KENAI;202508071010;23.2;57.0;823.2;2.1;4.7;208;0.0
KENAI;202508071020;24.0;52.8;822.9;3.2;5.2;144;0.0
KENAI;202508071030;24.7;52.4;822.8;0.7;4.5;151;0.0
