729
VRXZ07 LSSW 200248
Station/Location;Date;tre200s0;uor200s0;prestas0;fkl010z0;fkl010z1;dkl010z0;rre150z0
KENAI;202502200050;15.5;73.6;823.2;0.4;0.9;193;0.0
KENAI;202502200100;15.1;75.1;823.2;0.4;0.6;130;0.0
KENAI;202502200110;15.4;75.1;823.2;0.0;0.5;0;0.0
KENAI;202502200120;16.0;72.8;823.2;0.5;0.8;252;0.0
KENAI;202502200130;16.0;73.4;823.2;0.7;1.3;11;0.0
KENAI;202502200140;15.7;74.8;823.3;0.5;0.9;230;0.0
KENAI;202502200150;14.9;77.9;823.4;0.6;1.0;217;0.0
KENAI;202502200200;15.0;77.5;823.2;0.5;1.0;231;0.0
KENAI;202502200210;14.7;78.1;823.3;0.5;0.7;205;0.0
KENAI;202502200220;14.6;79.3;823.3;0.3;0.9;228;0.0
KENAI;202502200230;14.4;79.4;823.3;0.0;0.7;0;0.0
KENAI;202502200240;14.1;81.0;823.3;0.3;0.6;213;0.0
