499
VRXZ07 LSSW 180548
Station/Location;Date;tre200s0;uor200s0;prestas0;fkl010z0;fkl010z1;dkl010z0;rre150z0
KENAI;202411180350;16.7;81.2;824.0;1.9;3.1;7;0.0
KENAI;202411180400;16.8;81.1;824.2;2.3;2.8;10;0.0
KENAI;202411180410;16.9;80.4;824.3;1.3;2.9;357;0.0
KENAI;202411180420;17.1;81.6;824.4;0.6;3.6;58;0.0
KENAI;202411180430;17.2;81.5;824.4;0.8;3.1;42;0.0
KENAI;202411180440;17.4;81.6;824.7;0.9;3.1;18;0.0
KENAI;202411180450;17.6;80.0;824.8;0.7;3.5;20;0.0
KENAI;202411180500;18.6;77.8;824.8;1.9;3.5;4;0.0
KENAI;202411180510;19.0;74.3;824.8;1.1;3.3;97;0.0
KENAI;202411180520;19.0;74.7;825.0;2.2;4.4;6;0.0
KENAI;202411180530;19.3;75.3;825.0;3.3;4.1;55;0.0
KENAI;202411180540;19.5;73.2;825.1;1.2;5.2;2;0.0
