735
VRXZ07 LSSW 100358
Station/Location;Date;tre200s0;uor200s0;prestas0;fkl010z0;fkl010z1;dkl010z0;rre150z0
KENAI;202503100200;15.9;97.3;822.5;2.1;3.3;320;2.0
KENAI;202503100210;15.9;97.5;822.5;1.1;2.9;261;0.4
KENAI;202503100220;15.9;97.8;822.6;1.7;3.1;232;0.9
KENAI;202503100230;15.9;97.9;822.5;1.0;3.1;238;0.4
KENAI;202503100240;15.9;98.0;822.5;0.0;3.6;0;0.9
KENAI;202503100250;15.9;97.8;822.8;1.1;2.1;208;0.8
KENAI;202503100300;15.6;97.4;822.8;0.9;4.6;301;0.6
KENAI;202503100310;15.5;97.2;823.1;1.2;3.9;189;0.3
KENAI;202503100320;15.5;97.4;823.3;1.6;2.3;193;0.8
KENAI;202503100330;15.4;97.4;823.7;0.7;3.3;218;1.4
KENAI;202503100340;15.2;96.9;823.9;1.4;4.5;243;1.3
KENAI;202503100350;15.2;97.3;824.1;1.0;2.9;217;1.2
