334
VRXZ07 LSSW 091338
Station/Location;Date;tre200s0;uor200s0;prestas0;fkl010z0;fkl010z1;dkl010z0;rre150z0
KENAI;202412091140;24.5;46.9;822.3;2.1;5.8;67;0.0
KENAI;202412091150;24.5;48.2;822.2;1.2;5.5;62;0.0
KENAI;202412091200;24.3;48.7;822.2;1.5;4.6;343;0.0
KENAI;202412091210;24.8;44.9;822.1;2.6;5.2;86;0.0
KENAI;202412091220;25.0;-;822.0;2.0;5.6;-;0.0
KENAI;202412091230;25.1;-;821.8;1.1;5.3;-;0.0
KENAI;202412091240;25.2;46.4;821.7;0.8;3.6;92;0.0
KENAI;202412091250;25.1;41.4;821.8;3.1;6.0;120;0.0
KENAI;202412091300;25.2;41.5;821.7;1.6;4.5;58;0.0
KENAI;202412091310;25.3;42.3;821.9;1.7;3.6;42;0.0
KENAI;202412091320;-;-;-;-;3.9;-;-
KENAI;202412091330;25.3;42.0;821.8;1.2;4.5;25;0.0
