058
VRXZ07 LSSW 170648
Station/Location;Date;tre200s0;uor200s0;prestas0;fkl010z0;fkl010z1;dkl010z0;rre150z0
KENAI;202411170450;17.8;85.8;824.2;1.6;5.0;12;0.0
KENAI;202411170500;18.8;80.8;824.2;1.7;4.1;31;0.0
KENAI;202411170510;18.9;80.4;824.5;2.9;6.1;18;0.0
KENAI;202411170520;18.5;80.0;824.6;1.7;6.8;85;0.0
KENAI;202411170530;19.0;80.1;824.6;3.3;6.0;14;0.0
KENAI;202411170540;19.2;80.9;824.6;0.9;4.9;15;0.0
KENAI;202411170550;19.4;78.8;824.7;2.2;4.3;11;0.0
KENAI;202411170600;20.0;77.0;824.7;3.0;5.1;17;0.0
KENAI;202411170610;19.3;76.4;824.7;1.1;5.6;56;0.0
KENAI;202411170620;19.3;76.6;824.7;2.9;6.0;44;0.0
KENAI;202411170630;19.7;79.2;824.7;2.4;5.4;61;0.0
KENAI;202411170640;20.2;76.8;824.7;1.4;4.5;81;0.0
