184
VRXZ07 LSSW 291738
Station/Location;Date;tre200s0;uor200s0;prestas0;fkl010z0;fkl010z1;dkl010z0;rre150z0
KENAI;202506291540;-;70.2;824.5;0.7;1.7;132;0.0
KENAI;202506291550;-;71.1;824.7;0.5;2.1;167;0.0
KENAI;202506291600;-;71.6;824.7;0.0;2.1;0;0.0
KENAI;202506291610;-;71.8;824.8;0.0;1.3;0;0.0
KENAI;202506291620;-;73.9;824.8;0.4;0.7;27;0.0
KENAI;202506291630;-;73.0;824.7;0.4;0.6;149;0.0
KENAI;202506291640;-;74.7;824.8;0.0;0.5;0;0.0
KENAI;202506291650;-;75.4;824.9;0.4;0.5;296;0.0
KENAI;202506291700;-;74.7;825.0;0.4;0.8;212;0.0
KENAI;202506291710;-;73.8;825.0;0.4;1.0;218;0.0
KENAI;202506291720;16.6;73.1;825.1;0.4;0.6;174;0.0
KENAI;202506291730;-;73.1;825.0;0.5;1.3;220;0.0
