804
VRXZ07 LSSW 072128
Station/Location;Date;tre200s0;uor200s0;prestas0;fkl010z0;fkl010z1;dkl010z0;rre150z0
KENAI;202502071930;19.3;68.9;824.0;3.1;4.8;45;0.0
KENAI;202502071940;19.2;69.7;824.1;1.6;5.2;61;0.0
KENAI;202502071950;19.0;70.5;824.1;2.0;5.7;48;0.0
KENAI;202502072000;18.8;71.4;824.1;1.9;5.9;82;0.0
KENAI;202502072010;18.7;72.0;824.3;2.3;5.1;91;0.0
KENAI;202502072020;18.8;72.1;824.3;2.4;6.4;62;0.0
KENAI;202502072030;18.6;72.6;824.3;2.4;5.0;56;0.0
KENAI;202502072040;18.4;73.0;824.2;0.9;3.5;58;0.0
KENAI;202502072050;18.2;73.4;824.1;0.7;3.2;41;0.0
KENAI;202502072100;17.8;74.5;824.1;1.3;2.4;40;0.0
KENAI;202502072110;17.7;75.4;824.0;2.9;3.7;57;0.0
KENAI;202502072120;17.6;75.7;824.0;0.6;3.4;39;0.0
