265
VRXZ07 LSSW 141348
Station/Location;Date;tre200s0;uor200s0;prestas0;fkl010z0;fkl010z1;dkl010z0;rre150z0
KENAI;202504141150;25.6;51.3;822.9;2.7;4.8;137;0.0
KENAI;202504141200;25.7;50.4;822.7;2.2;6.0;132;0.0
KENAI;202504141210;25.5;50.9;822.6;2.4;5.5;129;0.0
KENAI;202504141220;24.7;-;822.6;1.7;6.1;-;0.0
KENAI;202504141230;24.1;51.3;822.5;1.1;4.5;126;0.0
KENAI;202504141240;24.8;52.4;822.4;1.7;3.9;29;0.0
KENAI;202504141250;24.2;54.0;822.3;1.1;4.0;114;0.0
KENAI;202504141300;23.8;55.8;822.4;2.5;4.2;68;0.0
KENAI;202504141310;23.6;56.3;822.3;1.3;6.1;107;0.0
KENAI;202504141320;23.7;55.6;822.3;0.7;3.3;112;0.0
KENAI;202504141330;23.7;54.0;822.1;2.4;4.4;75;0.0
KENAI;202504141340;23.9;55.2;822.1;1.6;3.6;85;0.0
