650
VRXZ07 LSSW 121008
Station/Location;Date;tre200s0;uor200s0;prestas0;fkl010z0;fkl010z1;dkl010z0;rre150z0
KENAI;202507120810;-;69.6;827.6;1.6;2.8;76;0.0
KENAI;202507120820;-;68.7;827.4;0.8;2.2;34;0.0
KENAI;202507120830;20.3;67.7;827.3;1.9;2.8;336;0.0
KENAI;202507120840;20.5;63.0;827.1;1.0;2.5;95;0.0
KENAI;202507120850;-;66.6;827.0;1.0;2.5;27;0.0
KENAI;202507120900;-;65.5;826.8;0.4;2.2;296;0.0
KENAI;202507120910;19.9;66.7;826.9;0.9;2.1;84;0.0
KENAI;202507120920;-;62.4;826.8;0.4;2.6;346;0.0
KENAI;202507120930;21.6;60.0;826.8;1.2;3.2;54;0.0
KENAI;202507120940;21.9;59.8;826.6;0.7;2.2;63;0.0
KENAI;202507120950;21.8;59.8;826.4;1.4;3.1;7;0.0
KENAI;202507121000;22.0;62.2;826.4;2.2;3.4;19;0.0
