884
VRXZ07 LSSW 031858
Station/Location;Date;tre200s0;uor200s0;prestas0;fkl010z0;fkl010z1;dkl010z0;rre150z0
KENAI;202508031700;-;64.9;825.6;0.4;1.4;65;0.0
KENAI;202508031710;-;68.9;825.7;0.9;3.0;98;0.0
KENAI;202508031720;17.7;73.4;825.9;1.3;3.3;350;0.0
KENAI;202508031730;-;78.8;825.9;1.7;3.7;311;0.0
KENAI;202508031740;-;81.2;826.0;1.2;3.9;337;0.0
KENAI;202508031750;-;82.7;826.1;0.0;3.5;0;0.0
KENAI;202508031800;-;83.3;826.3;0.9;3.0;48;0.0
KENAI;202508031810;-;83.8;826.3;0.7;3.2;307;0.0
KENAI;202508031820;-;84.1;826.4;0.7;2.2;11;0.0
KENAI;202508031830;-;84.4;826.6;0.5;1.8;61;0.0
KENAI;202508031840;-;84.6;826.8;0.7;1.7;352;0.0
KENAI;202508031850;-;85.1;826.8;1.3;2.1;347;0.0
