633
VRXZ07 LSSW 080218
Station/Location;Date;tre200s0;uor200s0;prestas0;fkl010z0;fkl010z1;dkl010z0;rre150z0
KENAI;202504080020;17.2;91.7;824.3;0.4;2.0;248;0.0
KENAI;202504080030;17.2;91.9;824.5;0.0;0.8;0;0.0
KENAI;202504080040;17.3;91.7;824.6;1.4;2.1;45;0.0
KENAI;202504080050;17.3;91.4;824.6;0.5;1.8;75;0.0
KENAI;202504080100;17.1;92.3;824.7;0.7;1.2;95;0.0
KENAI;202504080110;16.8;91.9;824.7;0.9;2.7;88;0.0
KENAI;202504080120;17.1;91.5;824.7;0.9;2.4;25;0.0
KENAI;202504080130;17.1;92.3;824.9;0.6;2.5;63;0.0
KENAI;202504080140;17.0;92.4;824.9;0.8;1.5;45;0.0
KENAI;202504080150;16.9;92.4;824.8;0.7;1.6;332;0.0
KENAI;202504080200;16.9;92.7;824.9;0.7;1.6;342;0.0
KENAI;202504080210;17.0;92.4;825.1;0.8;1.1;82;0.0
