859
VRXZ07 LSSW 181728
Station/Location;Date;tre200s0;uor200s0;prestas0;fkl010z0;fkl010z1;dkl010z0;rre150z0
KENAI;202504181530;22.6;61.8;820.8;1.4;2.7;64;0.0
KENAI;202504181540;22.5;64.3;821.0;1.7;2.8;118;0.0
KENAI;202504181550;22.3;65.4;821.3;0.7;3.5;92;0.0
KENAI;202504181600;22.3;66.4;821.3;1.1;2.0;134;0.0
KENAI;202504181610;22.2;66.1;821.4;1.4;1.7;54;0.0
KENAI;202504181620;22.2;67.0;821.5;1.5;2.7;116;0.1
KENAI;202504181630;21.8;68.6;821.6;1.6;4.3;69;0.0
KENAI;202504181640;21.8;69.2;821.8;1.7;4.5;92;0.0
KENAI;202504181650;21.7;70.6;821.9;2.0;6.3;45;0.0
KENAI;202504181700;-;-;-;-;5.1;-;-
KENAI;202504181710;-;-;-;-;5.7;-;-
KENAI;202504181720;19.0;84.3;822.5;0.9;4.0;127;0.0
