303
VRXZ07 LSSW 041518
Station/Location;Date;tre200s0;uor200s0;prestas0;fkl010z0;fkl010z1;dkl010z0;rre150z0
KENAI;202503041320;28.0;32.2;820.8;3.3;6.7;33;0.0
KENAI;202503041330;28.2;33.4;820.8;2.2;6.2;116;0.0
KENAI;202503041340;27.6;32.1;820.7;3.6;7.1;68;0.0
KENAI;202503041350;27.7;31.4;820.7;2.9;7.1;125;0.0
KENAI;202503041400;28.0;31.3;820.8;2.1;5.5;21;0.0
KENAI;202503041410;27.6;31.7;820.8;1.8;6.3;92;0.0
KENAI;202503041420;27.4;32.4;820.8;4.0;5.9;39;0.0
KENAI;202503041430;27.0;31.8;820.9;4.2;7.2;88;0.0
KENAI;202503041440;26.7;32.2;820.9;3.4;5.6;62;0.0
KENAI;202503041450;26.6;33.2;820.8;3.4;5.5;30;0.0
KENAI;202503041500;26.3;33.0;820.9;2.8;5.8;24;0.0
KENAI;202503041510;26.0;34.7;821.1;1.5;5.4;32;0.0
