388
VRXZ07 LSSW 102258
Station/Location;Date;tre200s0;uor200s0;prestas0;fkl010z0;fkl010z1;dkl010z0;rre150z0
KENAI;202508102100;15.6;73.3;825.2;0.6;2.2;114;0.0
KENAI;202508102110;-;74.5;825.2;0.5;2.6;47;0.0
KENAI;202508102120;15.1;75.8;825.2;0.8;1.1;120;0.0
KENAI;202508102130;-;76.9;825.2;0.9;1.1;103;0.0
KENAI;202508102140;-;77.3;825.0;0.4;0.7;188;0.0
KENAI;202508102150;-;79.7;824.8;0.5;0.7;341;0.0
KENAI;202508102200;-;80.6;824.9;0.0;0.4;0;0.0
KENAI;202508102210;-;80.4;825.0;0.0;0.7;0;0.0
KENAI;202508102220;-;80.5;824.8;0.0;1.0;0;0.0
KENAI;202508102230;13.8;81.2;824.7;0.0;0.9;0;0.0
KENAI;202508102240;-;82.3;824.7;1.0;1.0;169;0.0
KENAI;202508102250;-;82.0;824.6;0.9;1.4;177;0.0
