830
VRXZ07 LSSW 041048
Station/Location;Date;tre200s0;uor200s0;prestas0;fkl010z0;fkl010z1;dkl010z0;rre150z0
KENAI;202508040850;19.8;53.3;827.6;3.0;4.0;75;0.0
KENAI;202508040900;19.5;54.7;827.3;0.7;3.1;36;0.0
KENAI;202508040910;-;-;827.1;0.4;3.9;-;0.0
KENAI;202508040920;-;52.4;827.0;0.5;5.8;153;0.0
KENAI;202508040930;19.4;54.2;827.1;0.9;3.6;152;0.0
KENAI;202508040940;-;53.6;827.0;1.0;4.5;131;0.0
KENAI;202508040950;20.6;51.0;826.6;0.0;2.3;0;0.0
KENAI;202508041000;21.2;51.2;826.5;2.0;3.4;161;0.0
KENAI;202508041010;21.2;50.3;826.5;1.2;3.5;236;0.0
KENAI;202508041020;20.7;50.7;826.3;1.2;5.4;197;0.0
KENAI;202508041030;21.7;49.4;826.0;1.4;4.2;106;0.0
KENAI;202508041040;21.6;47.8;825.9;1.8;3.7;216;0.0
