624
VRXZ07 LSSW 110938
Station/Location;Date;tre200s0;uor200s0;prestas0;fkl010z0;fkl010z1;dkl010z0;rre150z0
KENAI;202502110740;21.6;62.5;824.0;4.1;6.9;32;0.0
KENAI;202502110750;21.5;63.2;823.9;3.6;8.9;30;0.0
KENAI;202502110800;21.9;60.4;823.8;3.6;8.6;63;0.0
KENAI;202502110810;22.0;59.0;823.7;4.5;8.5;66;0.0
KENAI;202502110820;22.8;59.5;823.6;2.3;8.8;357;0.0
KENAI;202502110830;22.1;59.7;823.6;4.0;8.9;348;0.0
KENAI;202502110840;22.5;55.2;823.6;2.3;8.7;351;0.0
KENAI;202502110850;22.7;58.0;823.5;5.0;7.6;46;0.0
KENAI;202502110900;22.3;57.6;823.4;5.3;8.7;31;0.0
KENAI;202502110910;23.1;56.1;823.1;1.8;7.6;75;0.0
KENAI;202502110920;23.2;51.1;823.1;2.2;8.3;350;0.0
KENAI;202502110930;23.2;51.9;823.0;3.8;8.8;60;0.0
