302
VRXZ07 LSSW 301128
Station/Location;Date;tre200s0;uor200s0;prestas0;fkl010z0;fkl010z1;dkl010z0;rre150z0
KENAI;202503300930;22.8;69.0;823.5;2.0;4.2;32;0.0
KENAI;202503300940;23.5;62.0;823.6;2.5;5.1;64;0.0
KENAI;202503300950;23.0;62.8;823.4;2.6;5.4;5;0.0
KENAI;202503301000;24.1;60.8;823.2;2.8;6.1;34;0.0
KENAI;202503301010;23.7;61.8;823.0;1.8;6.3;50;0.0
KENAI;202503301020;24.1;61.6;822.8;2.7;6.1;46;0.0
KENAI;202503301030;-;-;-;-;5.6;-;-
KENAI;202503301040;-;-;-;-;5.0;-;-
KENAI;202503301050;24.3;58.1;822.3;4.7;6.6;71;0.0
KENAI;202503301100;24.5;60.4;822.1;2.9;7.5;34;0.0
KENAI;202503301110;25.3;54.1;822.0;1.5;5.1;65;0.0
KENAI;202503301120;24.7;55.0;821.7;2.4;6.1;45;0.0
