559
VRXZ07 LSSW 280718
Station/Location;Date;tre200s0;uor200s0;prestas0;fkl010z0;fkl010z1;dkl010z0;rre150z0
KENAI;202504280520;17.9;82.9;824.5;0.6;2.5;26;0.0
KENAI;202504280530;18.7;79.0;824.5;0.6;2.6;29;0.0
KENAI;202504280540;18.0;82.2;824.6;0.8;2.6;83;0.0
KENAI;202504280550;18.9;77.5;824.4;0.4;2.3;220;0.0
KENAI;202504280600;20.0;74.7;824.5;0.8;2.9;29;0.0
KENAI;202504280610;20.3;76.4;824.5;0.6;2.8;321;0.0
KENAI;202504280620;20.6;71.0;824.6;0.8;3.6;116;0.0
KENAI;202504280630;21.6;66.0;824.6;1.9;3.7;70;0.0
KENAI;202504280640;21.5;67.5;824.8;1.4;3.3;64;0.0
KENAI;202504280650;21.2;68.6;824.8;1.0;3.2;80;0.0
KENAI;202504280700;-;68.2;824.7;1.5;3.1;150;0.0
KENAI;202504280710;20.7;69.9;824.7;2.0;3.2;152;0.0
