637
VRXZ07 LSSW 012228
Station/Location;Date;tre200s0;uor200s0;prestas0;fkl010z0;fkl010z1;dkl010z0;rre150z0
KENAI;202507012030;-;74.8;827.3;0.5;2.1;147;0.0
KENAI;202507012040;-;76.0;827.3;0.5;2.3;168;0.0
KENAI;202507012050;-;76.2;827.3;0.7;1.3;132;0.0
KENAI;202507012100;15.7;76.7;827.2;1.2;1.6;127;0.0
KENAI;202507012110;-;77.4;827.3;0.5;1.4;82;0.0
KENAI;202507012120;-;76.7;827.2;0.5;1.2;75;0.0
KENAI;202507012130;-;76.7;827.2;0.8;2.7;193;0.0
KENAI;202507012140;-;76.2;827.1;2.1;2.8;179;0.0
KENAI;202507012150;-;76.1;827.0;0.8;3.1;114;0.0
KENAI;202507012200;-;76.3;826.8;1.4;3.0;122;0.0
KENAI;202507012210;-;76.3;826.8;0.9;4.2;140;0.0
KENAI;202507012220;-;77.0;826.6;1.9;4.2;146;0.0
