573
VRXZ07 LSSW 260938
Station/Location;Date;tre200s0;uor200s0;prestas0;fkl010z0;fkl010z1;dkl010z0;rre150z0
KENAI;202502260740;22.4;49.2;826.7;2.6;6.5;16;0.0
KENAI;202502260750;22.8;47.4;826.6;1.8;6.4;96;0.0
KENAI;202502260800;23.2;46.6;826.6;3.2;9.8;0;0.0
KENAI;202502260810;23.1;45.8;826.6;2.5;6.9;23;0.0
KENAI;202502260820;23.6;45.2;826.5;1.5;6.7;52;0.0
KENAI;202502260830;23.8;40.3;826.4;3.2;7.2;45;0.0
KENAI;202502260840;23.6;40.1;826.2;5.3;8.8;82;0.0
KENAI;202502260850;24.7;38.0;826.0;5.4;8.8;13;0.0
KENAI;202502260900;24.1;38.4;825.9;4.9;8.5;10;0.0
KENAI;202502260910;24.1;41.0;825.7;3.7;9.8;27;0.0
KENAI;202502260920;24.0;40.6;825.6;3.5;7.6;43;0.0
KENAI;202502260930;25.0;41.4;825.5;2.2;8.2;10;0.0
