307
VRXZ07 LSSW 052248
Station/Location;Date;tre200s0;uor200s0;prestas0;fkl010z0;fkl010z1;dkl010z0;rre150z0
KENAI;202506052050;-;88.7;827.4;2.6;4.7;132;0.0
KENAI;202506052100;-;88.8;827.4;2.5;5.7;149;0.0
KENAI;202506052110;-;89.2;827.4;1.8;4.4;149;0.0
KENAI;202506052120;-;89.3;827.5;1.1;4.8;140;0.0
KENAI;202506052130;-;88.5;827.5;2.9;5.7;168;0.0
KENAI;202506052140;-;89.0;827.4;0.7;4.5;139;0.0
KENAI;202506052150;-;89.6;827.3;0.6;3.6;130;0.0
KENAI;202506052200;-;90.4;827.3;1.9;4.8;130;0.0
KENAI;202506052210;16.1;90.8;827.2;2.1;4.1;138;0.0
KENAI;202506052220;-;91.0;827.2;1.4;4.1;85;0.0
KENAI;202506052230;-;91.8;827.0;1.4;4.1;61;0.1
KENAI;202506052240;-;92.4;827.0;1.5;3.8;81;0.1
