406
VRXZ07 LSSW 281828
Station/Location;Date;tre200s0;uor200s0;prestas0;fkl010z0;fkl010z1;dkl010z0;rre150z0
KENAI;202411281630;20.6;73.2;823.4;1.1;6.7;21;0.0
KENAI;202411281640;20.3;75.0;823.6;1.6;4.4;43;0.0
KENAI;202411281650;20.1;76.7;823.8;0.9;4.0;49;0.0
KENAI;202411281700;20.0;77.7;824.0;1.2;4.1;62;0.0
KENAI;202411281710;19.8;78.6;824.3;1.0;4.2;46;0.0
KENAI;202411281720;19.7;79.5;824.6;1.4;4.1;49;0.0
KENAI;202411281730;19.7;80.1;824.7;2.4;3.7;10;0.0
KENAI;202411281740;19.6;80.2;825.0;1.7;4.8;45;0.0
KENAI;202411281750;19.5;81.3;825.1;2.3;4.3;56;0.0
KENAI;202411281800;19.3;82.1;825.3;2.2;5.5;6;0.0
KENAI;202411281810;19.1;82.9;825.4;1.8;3.8;72;0.0
KENAI;202411281820;19.2;82.2;825.4;3.0;4.8;15;0.0
