934
VRXZ07 LSSW 280558
Station/Location;Date;tre200s0;uor200s0;prestas0;fkl010z0;fkl010z1;dkl010z0;rre150z0
KENAI;202503280400;16.5;94.8;823.6;0.3;2.3;61;0.0
KENAI;202503280410;16.4;95.4;823.6;0.9;2.4;63;0.0
KENAI;202503280420;16.4;95.2;823.9;0.8;1.6;72;0.0
KENAI;202503280430;16.4;94.9;824.0;1.5;2.2;79;0.0
KENAI;202503280440;16.4;95.0;824.1;0.5;2.3;90;0.0
KENAI;202503280450;16.3;94.2;824.2;1.9;2.7;6;0.0
KENAI;202503280500;16.3;93.3;824.3;2.0;3.4;14;0.0
KENAI;202503280510;16.3;92.9;824.5;1.3;3.2;54;0.0
KENAI;202503280520;16.4;92.9;824.4;1.5;2.8;38;0.0
KENAI;202503280530;16.4;93.4;824.6;0.9;2.4;77;0.0
KENAI;202503280540;16.5;94.0;824.7;1.2;2.4;58;0.0
KENAI;202503280550;16.4;92.4;824.8;1.6;3.2;125;0.0
