217
VRXZ07 LSSW 091858
Station/Location;Date;tre200s0;uor200s0;prestas0;fkl010z0;fkl010z1;dkl010z0;rre150z0
KENAI;202412091700;19.5;68.8;824.0;1.0;4.4;50;0.0
KENAI;202412091710;19.2;69.6;824.2;1.2;3.1;57;0.0
KENAI;202412091720;19.1;70.7;824.3;1.4;3.9;66;0.0
KENAI;202412091730;19.0;72.5;824.5;1.2;6.1;27;0.0
KENAI;202412091740;18.8;74.1;824.7;1.8;4.3;23;0.0
KENAI;202412091750;18.6;76.1;824.9;1.9;3.8;67;0.0
KENAI;202412091800;18.4;79.6;824.9;4.2;5.2;67;0.0
KENAI;202412091810;18.4;82.3;825.1;2.4;6.0;17;0.0
KENAI;202412091820;18.4;83.2;825.2;3.0;6.4;21;0.0
KENAI;202412091830;18.4;84.5;825.2;2.7;6.6;39;0.0
KENAI;202412091840;18.3;85.1;825.3;1.5;5.8;16;0.0
KENAI;202412091850;18.1;86.3;825.4;3.5;5.0;355;0.0
