184
VRXZ07 LSSW 111808
Station/Location;Date;tre200s0;uor200s0;prestas0;fkl010z0;fkl010z1;dkl010z0;rre150z0
KENAI;202503111610;21.8;58.2;821.5;1.2;1.8;329;0.0
KENAI;202503111620;21.6;60.2;821.5;0.9;1.9;37;0.0
KENAI;202503111630;21.4;61.3;821.6;0.9;1.2;28;0.0
KENAI;202503111640;21.6;61.4;821.9;2.3;2.8;13;0.0
KENAI;202503111650;21.4;62.5;822.0;0.6;1.7;352;0.0
KENAI;202503111700;21.3;62.8;822.1;1.6;2.5;38;0.0
KENAI;202503111710;21.3;64.0;822.2;1.1;2.9;18;0.0
KENAI;202503111720;20.9;66.2;822.4;0.5;1.7;52;0.0
KENAI;202503111730;20.7;67.0;822.4;0.0;1.2;0;0.0
KENAI;202503111740;20.5;68.5;822.5;0.4;1.4;62;0.0
KENAI;202503111750;20.5;68.6;822.7;0.7;1.4;47;0.0
KENAI;202503111800;20.7;68.4;822.6;1.6;2.3;37;0.0
