600
VRXZ07 LSSW 171348
Station/Location;Date;tre200s0;uor200s0;prestas0;fkl010z0;fkl010z1;dkl010z0;rre150z0
KENAI;202504171150;26.2;45.1;822.3;1.5;4.8;172;0.0
KENAI;202504171200;26.4;45.5;822.1;3.0;4.4;109;0.0
KENAI;202504171210;26.2;44.0;822.1;2.1;4.7;67;0.0
KENAI;202504171220;26.6;-;822.1;2.0;3.4;-;0.0
KENAI;202504171230;26.8;45.8;822.0;2.0;5.3;172;0.0
KENAI;202504171240;25.0;47.1;821.9;1.3;4.1;164;0.0
KENAI;202504171250;26.2;46.0;821.8;1.0;2.6;166;0.0
KENAI;202504171300;26.7;47.0;821.8;2.3;3.6;51;0.0
KENAI;202504171310;25.5;47.6;821.7;2.3;3.9;86;0.0
KENAI;202504171320;24.7;50.5;821.8;0.7;2.5;146;0.0
KENAI;202504171330;24.7;50.9;821.8;1.1;2.1;129;0.0
KENAI;202504171340;24.8;50.3;821.6;1.0;2.3;67;0.0
