349
VRXZ07 LSSW 202258
Station/Location;Date;tre200s0;uor200s0;prestas0;fkl010z0;fkl010z1;dkl010z0;rre150z0
KENAI;202504202100;17.3;91.9;824.3;0.6;1.3;52;0.0
KENAI;202504202110;17.3;92.4;824.3;0.6;0.8;77;0.1
KENAI;202504202120;17.2;93.0;824.4;1.4;1.6;102;0.2
KENAI;202504202130;17.1;94.0;824.3;0.5;1.4;41;0.2
KENAI;202504202140;16.5;95.7;824.2;0.4;1.3;340;0.1
KENAI;202504202150;16.5;97.1;824.1;0.8;1.1;106;0.0
KENAI;202504202200;16.4;97.4;824.0;0.8;1.3;131;0.0
KENAI;202504202210;16.4;97.7;823.9;0.6;1.4;167;0.0
KENAI;202504202220;16.3;97.7;823.9;0.9;1.6;190;0.1
KENAI;202504202230;16.3;97.9;823.7;0.7;1.5;209;0.9
KENAI;202504202240;16.1;97.9;823.7;0.9;1.7;190;0.3
KENAI;202504202250;16.2;98.0;823.6;0.5;1.4;183;0.1
