676
VRXZ07 LSSW 040148
Station/Location;Date;tre200s0;uor200s0;prestas0;fkl010z0;fkl010z1;dkl010z0;rre150z0
KENAI;202506032350;-;88.3;825.3;0.0;2.2;0;0.0
KENAI;202506040000;-;88.1;825.2;1.4;1.8;186;0.0
KENAI;202506040010;-;88.5;825.2;1.7;3.4;160;0.0
KENAI;202506040020;-;89.4;825.2;2.6;3.8;95;0.0
KENAI;202506040030;-;90.4;825.2;1.6;4.0;148;0.0
KENAI;202506040040;-;90.9;825.1;1.2;2.8;130;0.0
KENAI;202506040050;-;91.0;825.2;0.5;3.2;135;0.0
KENAI;202506040100;-;91.3;825.3;0.8;3.4;197;0.0
KENAI;202506040110;-;91.3;825.3;1.8;3.0;168;0.0
KENAI;202506040120;-;91.7;825.3;1.6;3.9;167;0.0
KENAI;202506040130;-;91.8;825.5;1.3;2.8;174;0.0
KENAI;202506040140;-;91.7;825.6;2.1;3.9;158;0.0
