481
VRXZ07 LSSW 070148
Station/Location;Date;tre200s0;uor200s0;prestas0;fkl010z0;fkl010z1;dkl010z0;rre150z0
KENAI;202504062350;15.7;98.4;823.3;1.6;2.6;63;0.0
KENAI;202504070000;15.7;98.3;823.3;1.0;2.9;7;0.0
KENAI;202504070010;15.6;98.1;823.3;1.1;3.1;17;0.0
KENAI;202504070020;15.5;97.8;823.4;1.7;4.3;21;0.0
KENAI;202504070030;15.5;97.7;823.3;1.3;3.6;21;0.0
KENAI;202504070040;15.5;97.5;823.2;1.0;4.7;61;0.0
KENAI;202504070050;15.6;97.5;823.3;1.0;2.3;39;0.0
KENAI;202504070100;15.6;97.6;823.4;1.4;2.9;76;0.0
KENAI;202504070110;15.6;97.5;823.4;0.9;3.0;52;0.0
KENAI;202504070120;15.7;97.4;823.4;0.9;2.3;26;0.0
KENAI;202504070130;15.6;97.2;823.4;0.8;3.6;350;0.0
KENAI;202504070140;15.6;96.5;823.3;0.9;3.3;24;0.0
