778
VRXZ07 LSSW 081238
Station/Location;Date;tre200s0;uor200s0;prestas0;fkl010z0;fkl010z1;dkl010z0;rre150z0
KENAI;202412081040;24.5;42.4;823.4;1.6;5.4;88;0.0
KENAI;202412081050;25.4;41.3;823.3;1.2;5.1;65;0.0
KENAI;202412081100;25.2;34.6;823.2;0.6;4.7;340;0.0
KENAI;202412081110;25.7;36.9;823.0;2.1;4.5;349;0.0
KENAI;202412081120;25.8;37.9;822.8;1.6;4.3;86;0.0
KENAI;202412081130;25.9;36.1;822.7;1.9;5.5;67;0.0
KENAI;202412081140;25.3;40.2;822.5;0.5;3.7;360;0.0
KENAI;202412081150;24.3;40.9;822.4;0.4;4.2;110;0.0
KENAI;202412081200;24.7;40.3;822.4;3.4;5.2;70;0.0
KENAI;202412081210;24.9;47.0;822.2;1.4;4.5;318;0.0
KENAI;202412081220;25.2;40.9;822.2;1.9;5.3;49;0.0
KENAI;202412081230;25.0;39.3;822.1;2.6;4.8;338;0.0
