185
VRXZ07 LSSW 290528
Station/Location;Date;tre200s0;uor200s0;prestas0;fkl010z0;fkl010z1;dkl010z0;rre150z0
KENAI;202503290330;15.5;98.2;823.9;0.5;1.0;203;0.1
KENAI;202503290340;15.6;98.3;823.9;0.6;1.6;193;0.1
KENAI;202503290350;15.7;-;823.9;0.5;1.7;-;0.1
KENAI;202503290400;15.7;98.2;824.0;0.4;1.6;225;0.1
KENAI;202503290410;15.8;98.1;824.1;0.4;1.1;230;0.0
KENAI;202503290420;15.9;97.9;824.2;0.6;1.4;304;0.0
KENAI;202503290430;15.9;97.6;824.3;0.8;2.7;283;0.0
KENAI;202503290440;16.1;97.2;824.4;1.1;2.1;261;0.0
KENAI;202503290450;16.3;96.8;824.4;2.2;3.2;264;0.0
KENAI;202503290500;16.6;96.1;824.4;1.3;3.1;286;0.0
KENAI;202503290510;16.9;94.0;824.3;2.7;4.6;281;0.0
KENAI;202503290520;17.2;89.8;824.4;1.9;4.6;288;0.0
