225
VRXZ07 LSSW 030708
Station/Location;Date;tre200s0;uor200s0;prestas0;fkl010z0;fkl010z1;dkl010z0;rre150z0
KENAI;202506030510;-;90.2;826.9;0.7;1.8;174;0.0
KENAI;202506030520;-;87.6;827.1;0.0;1.5;0;0.0
KENAI;202506030530;-;86.8;827.0;0.6;0.9;142;0.0
KENAI;202506030540;-;84.2;827.1;1.0;1.4;72;0.0
KENAI;202506030550;-;81.9;827.1;1.1;1.6;184;0.0
KENAI;202506030600;-;81.0;827.2;0.6;1.8;62;0.0
KENAI;202506030610;-;81.2;827.3;0.7;2.4;89;0.0
KENAI;202506030620;-;79.8;827.1;0.9;2.4;72;0.0
KENAI;202506030630;19.3;73.4;827.1;0.7;2.8;41;0.0
KENAI;202506030640;-;74.2;827.1;1.2;2.9;129;0.0
KENAI;202506030650;-;74.7;827.2;1.3;3.0;65;0.0
KENAI;202506030700;-;76.1;827.0;1.3;3.3;120;0.0
