721
VRXZ07 LSSW 051218
Station/Location;Date;tre200s0;uor200s0;prestas0;fkl010z0;fkl010z1;dkl010z0;rre150z0
KENAI;202506051020;-;56.3;826.5;2.4;5.3;181;0.0
KENAI;202506051030;-;56.8;826.5;1.5;4.9;155;0.0
KENAI;202506051040;23.1;55.8;826.3;1.0;5.5;176;0.0
KENAI;202506051050;-;52.1;826.3;1.6;5.2;170;0.0
KENAI;202506051100;23.9;52.3;826.2;1.6;5.0;138;0.0
KENAI;202506051110;-;52.6;826.0;2.5;5.3;193;0.0
KENAI;202506051120;23.5;54.5;825.8;1.7;5.1;192;0.0
KENAI;202506051130;-;52.1;825.7;1.0;4.3;36;0.0
KENAI;202506051140;-;50.3;825.5;0.8;3.6;58;0.0
KENAI;202506051150;-;51.0;825.4;1.0;5.4;91;0.0
KENAI;202506051200;-;52.5;825.2;0.9;2.8;135;0.0
KENAI;202506051210;23.2;50.4;824.9;1.8;4.4;123;0.0
