380
VRXZ07 LSSW 230008
Station/Location;Date;tre200s0;uor200s0;prestas0;fkl010z0;fkl010z1;dkl010z0;rre150z0
KENAI;202507222210;-;82.8;826.1;0.6;1.3;182;0.0
KENAI;202507222220;-;82.7;826.1;0.0;1.9;0;0.0
KENAI;202507222230;-;82.9;826.1;0.4;1.3;135;0.0
KENAI;202507222240;-;82.1;825.9;1.7;2.6;165;0.0
KENAI;202507222250;-;82.6;825.9;1.5;2.9;171;0.0
KENAI;202507222300;-;83.3;825.8;1.2;3.7;187;0.0
KENAI;202507222310;-;83.9;825.8;0.7;2.7;174;0.0
KENAI;202507222320;-;83.6;825.8;1.0;2.4;173;0.0
KENAI;202507222330;-;83.6;825.7;0.9;2.8;159;0.0
KENAI;202507222340;-;83.9;825.6;1.5;1.7;175;0.0
KENAI;202507222350;-;83.8;825.3;1.1;2.5;185;0.0
KENAI;202507230000;-;84.1;825.3;1.2;2.0;188;0.0
