661
VRXZ07 LSSW 201938
Station/Location;Date;tre200s0;uor200s0;prestas0;fkl010z0;fkl010z1;dkl010z0;rre150z0
KENAI;202502201740;22.7;47.0;822.2;1.5;4.3;16;0.0
KENAI;202502201750;22.6;46.9;822.3;1.9;6.1;51;0.0
KENAI;202502201800;22.3;48.1;822.5;2.2;4.2;59;0.0
KENAI;202502201810;22.1;49.1;822.6;0.8;2.7;44;0.0
KENAI;202502201820;22.1;49.3;822.7;1.1;2.8;26;0.0
KENAI;202502201830;21.8;50.2;822.8;1.4;5.8;23;0.0
KENAI;202502201840;21.7;50.7;823.0;1.6;4.8;7;0.0
KENAI;202502201850;21.8;50.6;823.2;2.1;5.6;8;0.0
KENAI;202502201900;21.5;51.6;823.3;0.7;3.3;341;0.0
KENAI;202502201910;21.5;51.7;823.4;1.4;4.0;59;0.0
KENAI;202502201920;21.4;51.6;823.4;2.1;4.3;25;0.0
KENAI;202502201930;21.3;51.6;823.5;1.2;3.5;31;0.0
