799
VRXZ07 LSSW 021128
Station/Location;Date;tre200s0;uor200s0;prestas0;fkl010z0;fkl010z1;dkl010z0;rre150z0
KENAI;202503020930;25.5;49.3;823.9;4.6;7.0;41;0.0
KENAI;202503020940;25.2;49.4;823.7;3.5;6.4;79;0.0
KENAI;202503020950;26.8;42.6;823.5;1.8;7.7;31;0.0
KENAI;202503021000;26.2;46.2;823.4;2.4;7.5;355;0.0
KENAI;202503021010;25.9;44.6;823.0;3.0;9.4;109;0.0
KENAI;202503021020;26.7;44.0;822.9;3.1;5.8;27;0.0
KENAI;202503021030;26.1;42.8;822.7;1.7;6.6;10;0.0
KENAI;202503021040;27.1;42.0;822.5;3.4;5.7;68;0.0
KENAI;202503021050;27.0;39.7;822.4;4.0;6.8;73;0.0
KENAI;202503021100;26.2;43.6;822.2;1.6;8.0;355;0.0
KENAI;202503021110;26.6;40.9;822.2;1.9;7.6;39;0.0
KENAI;202503021120;27.5;38.3;822.0;2.3;8.0;10;0.0
