178
VRXZ07 LSSW 110508
Station/Location;Date;tre200s0;uor200s0;prestas0;fkl010z0;fkl010z1;dkl010z0;rre150z0
KENAI;202508110310;-;89.7;824.7;0.6;2.0;233;0.0
KENAI;202508110320;12.9;90.0;824.7;1.1;1.3;204;0.0
KENAI;202508110330;13.0;90.2;824.8;0.6;1.6;175;0.0
KENAI;202508110340;13.0;90.3;824.8;0.7;1.3;187;0.0
KENAI;202508110350;-;90.0;824.8;0.9;1.5;150;0.0
KENAI;202508110400;-;89.7;825.0;0.5;1.4;94;0.0
KENAI;202508110410;13.1;89.5;825.1;0.9;1.7;173;0.0
KENAI;202508110420;-;89.3;825.3;0.4;1.3;120;0.0
KENAI;202508110430;-;89.2;825.4;0.5;1.0;68;0.0
KENAI;202508110440;13.3;88.8;825.4;1.0;1.4;75;0.0
KENAI;202508110450;-;88.4;825.5;1.3;1.8;134;0.0
KENAI;202508110500;13.4;87.3;825.7;1.7;2.6;110;0.0
