191
VRXZ07 LSSW 092328
Station/Location;Date;tre200s0;uor200s0;prestas0;fkl010z0;fkl010z1;dkl010z0;rre150z0
KENAI;202505092130;-;92.4;825.4;1.1;2.7;168;0.0
KENAI;202505092140;-;92.4;825.4;0.4;2.2;164;0.0
KENAI;202505092150;-;92.2;825.3;0.9;1.9;149;0.0
KENAI;202505092200;-;92.0;825.3;1.0;1.6;163;0.0
KENAI;202505092210;-;92.4;825.1;0.4;1.4;135;0.0
KENAI;202505092220;17.4;92.6;824.9;0.0;1.9;0;0.0
KENAI;202505092230;-;92.9;824.9;0.4;2.0;55;0.0
KENAI;202505092240;-;93.2;824.8;0.7;1.1;118;0.0
KENAI;202505092250;17.1;93.0;824.7;0.9;1.3;161;0.0
KENAI;202505092300;17.1;93.2;824.7;0.5;1.6;138;0.0
KENAI;202505092310;17.2;93.0;824.7;0.7;1.2;145;0.0
KENAI;202505092320;-;93.2;824.8;0.7;2.0;105;0.0
