466
VRXZ07 LSSW 100428
Station/Location;Date;tre200s0;uor200s0;prestas0;fkl010z0;fkl010z1;dkl010z0;rre150z0
KENAI;202502100230;17.9;80.5;822.3;2.0;4.7;4;0.0
KENAI;202502100240;17.9;80.5;822.4;0.3;3.2;83;0.0
KENAI;202502100250;17.7;81.1;822.4;1.7;2.9;57;0.0
KENAI;202502100300;17.7;81.2;822.5;1.2;3.0;54;0.0
KENAI;202502100310;17.7;81.5;822.5;1.4;3.2;11;0.0
KENAI;202502100320;17.6;81.8;822.6;2.1;3.1;7;0.0
KENAI;202502100330;17.5;82.5;822.6;1.1;2.6;34;0.0
KENAI;202502100340;17.2;83.7;822.6;1.7;3.9;17;0.0
KENAI;202502100350;17.1;84.4;822.7;0.8;2.3;48;0.0
KENAI;202502100400;17.2;84.5;822.8;0.9;3.0;359;0.0
KENAI;202502100410;17.3;84.1;822.8;0.4;2.7;12;0.0
KENAI;202502100420;17.7;82.5;822.8;1.6;2.7;342;0.0
