436
VRXZ07 LSSW 090538
Station/Location;Date;tre200s0;uor200s0;prestas0;fkl010z0;fkl010z1;dkl010z0;rre150z0
KENAI;202508090340;-;87.9;824.5;1.0;2.9;16;0.0
KENAI;202508090350;13.8;88.5;824.8;0.9;3.0;358;0.0
KENAI;202508090400;-;89.4;824.8;0.8;3.0;33;0.0
KENAI;202508090410;-;91.4;825.0;1.6;2.2;29;0.0
KENAI;202508090420;13.4;92.1;825.1;0.8;2.1;19;0.0
KENAI;202508090430;-;92.4;825.2;1.1;2.0;13;0.0
KENAI;202508090440;-;92.1;825.3;0.0;1.5;0;0.0
KENAI;202508090450;-;90.5;825.4;0.9;1.9;36;0.0
KENAI;202508090500;-;89.8;825.6;0.7;2.1;36;0.0
KENAI;202508090510;-;89.1;825.6;1.1;2.1;62;0.0
KENAI;202508090520;-;89.0;825.8;0.8;3.0;83;0.0
KENAI;202508090530;-;88.2;826.0;1.0;2.3;56;0.0
