536
VRXZ07 LSSW 101958
Station/Location;Date;tre200s0;uor200s0;prestas0;fkl010z0;fkl010z1;dkl010z0;rre150z0
KENAI;202508101800;-;69.4;825.3;0.9;3.3;4;0.0
KENAI;202508101810;18.8;69.9;825.4;0.9;2.7;7;0.0
KENAI;202508101820;-;71.7;825.4;1.5;2.0;16;0.0
KENAI;202508101830;-;73.9;825.6;0.4;2.4;266;0.0
KENAI;202508101840;18.2;73.8;825.3;1.1;1.9;0;0.0
KENAI;202508101850;18.2;73.6;825.4;0.7;1.8;355;0.0
KENAI;202508101900;18.1;74.0;825.4;0.7;1.6;318;0.0
KENAI;202508101910;-;75.6;825.3;0.0;1.3;0;0.0
KENAI;202508101920;17.7;76.7;825.3;0.0;0.6;0;0.0
KENAI;202508101930;-;78.5;825.5;0.0;0.6;0;0.0
KENAI;202508101940;-;78.5;825.5;0.4;1.5;360;0.0
KENAI;202508101950;17.2;75.9;825.5;0.5;1.8;121;0.0
