714
VRXZ07 LSSW 212138
Station/Location;Date;tre200s0;uor200s0;prestas0;fkl010z0;fkl010z1;dkl010z0;rre150z0
KENAI;202504211940;15.6;-;824.9;1.3;2.3;-;1.2
KENAI;202504211950;15.7;98.2;824.9;1.3;2.7;348;2.1
KENAI;202504212000;15.9;98.5;824.9;0.4;1.2;66;0.0
KENAI;202504212010;15.9;98.5;824.8;0.5;1.8;317;0.0
KENAI;202504212020;15.9;98.5;824.9;0.8;1.5;3;0.0
KENAI;202504212030;16.1;98.4;825.0;0.5;1.2;8;0.0
KENAI;202504212040;16.1;98.3;824.8;0.6;1.2;17;0.0
KENAI;202504212050;16.0;98.2;824.7;1.0;1.6;6;0.0
KENAI;202504212100;16.1;98.1;824.6;0.5;2.1;340;0.0
KENAI;202504212110;16.2;98.0;824.6;0.0;1.0;0;0.0
KENAI;202504212120;16.2;98.0;824.4;0.9;1.7;4;0.0
KENAI;202504212130;16.2;98.1;824.3;1.3;2.1;346;0.0
