420
VRXZ07 LSSW 081658
Station/Location;Date;tre200s0;uor200s0;prestas0;fkl010z0;fkl010z1;dkl010z0;rre150z0
KENAI;202503081500;25.6;46.4;819.1;3.5;5.7;37;0.0
KENAI;202503081510;25.3;47.6;819.3;2.9;6.3;56;0.0
KENAI;202503081520;25.0;48.6;819.2;2.9;5.4;46;0.0
KENAI;202503081530;24.8;-;819.3;2.4;6.2;-;0.0
KENAI;202503081540;24.7;49.2;819.4;2.0;5.2;34;0.0
KENAI;202503081550;24.6;49.8;819.6;2.3;4.7;5;0.0
KENAI;202503081600;24.4;50.5;819.8;4.3;5.0;8;0.0
KENAI;202503081610;24.3;50.7;820.1;1.9;5.6;40;0.0
KENAI;202503081620;24.3;51.2;820.2;2.3;8.9;357;0.0
KENAI;202503081630;-;-;-;-;6.0;-;-
KENAI;202503081640;24.0;52.5;820.7;2.5;5.1;13;0.0
KENAI;202503081650;23.9;53.3;820.8;1.6;5.0;26;0.0
