675
VRXZ07 LSSW 150108
Station/Location;Date;tre200s0;uor200s0;prestas0;fkl010z0;fkl010z1;dkl010z0;rre150z0
KENAI;202503142310;19.0;65.8;822.9;1.2;3.6;14;0.0
KENAI;202503142320;18.9;66.0;822.9;0.6;2.5;25;0.0
KENAI;202503142330;18.7;66.7;822.7;0.4;2.4;29;0.0
KENAI;202503142340;18.4;67.9;822.5;0.5;0.8;48;0.0
KENAI;202503142350;18.1;68.9;822.6;0.0;0.8;0;0.0
KENAI;202503150000;18.1;69.1;822.7;0.4;0.7;348;0.0
KENAI;202503150010;18.1;68.9;822.6;0.5;1.2;358;0.0
KENAI;202503150020;18.3;68.6;822.5;0.0;1.5;0;0.0
KENAI;202503150030;18.0;70.2;822.5;0.5;1.6;261;0.0
KENAI;202503150040;17.4;72.2;822.6;0.3;0.8;224;0.0
KENAI;202503150050;16.8;75.2;822.5;0.0;1.0;0;0.0
KENAI;202503150100;17.4;72.0;822.5;0.4;1.1;311;0.0
