115
VRXZ07 LSSW 181718
Station/Location;Date;tre200s0;uor200s0;prestas0;fkl010z0;fkl010z1;dkl010z0;rre150z0
KENAI;202503181520;22.1;-;821.8;1.8;5.4;-;0.0
KENAI;202503181530;21.8;65.9;821.8;2.2;5.9;20;0.0
KENAI;202503181540;21.5;67.3;821.9;1.5;5.5;23;0.0
KENAI;202503181550;21.4;67.4;821.9;3.0;4.0;39;0.0
KENAI;202503181600;21.1;68.8;822.0;2.4;4.7;14;0.0
KENAI;202503181610;21.1;69.2;822.1;2.1;4.9;10;0.0
KENAI;202503181620;21.0;70.3;822.1;2.2;3.7;31;0.0
KENAI;202503181630;20.8;71.4;822.3;1.1;2.8;40;0.0
KENAI;202503181640;20.7;72.4;822.2;0.5;2.1;42;0.0
KENAI;202503181650;20.6;72.7;822.4;0.0;3.7;0;0.0
KENAI;202503181700;20.5;73.1;822.4;1.3;3.5;10;0.0
KENAI;202503181710;20.4;73.4;822.4;0.7;2.6;43;0.0
