713
VRXZ07 LSSW 091908
Station/Location;Date;tre200s0;uor200s0;prestas0;fkl010z0;fkl010z1;dkl010z0;rre150z0
KENAI;202502091710;22.6;49.4;822.1;0.9;4.5;11;0.0
KENAI;202502091720;22.4;49.9;822.2;1.0;4.7;6;0.0
KENAI;202502091730;22.3;49.9;822.2;0.9;2.7;26;0.0
KENAI;202502091740;22.1;50.0;822.4;1.2;2.5;19;0.0
KENAI;202502091750;22.0;49.7;822.7;0.8;2.6;84;0.0
KENAI;202502091800;21.8;50.6;822.9;0.9;2.2;83;0.0
KENAI;202502091810;21.9;50.0;823.2;0.7;2.6;43;0.0
KENAI;202502091820;21.6;51.1;823.4;2.2;3.0;46;0.0
KENAI;202502091830;21.3;51.4;823.4;0.6;2.9;64;0.0
KENAI;202502091840;21.3;51.1;823.4;1.0;4.0;17;0.0
KENAI;202502091850;21.4;50.7;823.6;0.8;3.2;26;0.0
KENAI;202502091900;21.3;50.6;823.7;1.0;3.5;46;0.0
