752
VRXZ07 LSSW 120908
Station/Location;Date;tre200s0;uor200s0;prestas0;fkl010z0;fkl010z1;dkl010z0;rre150z0
KENAI;202508120710;-;81.6;826.7;0.3;3.0;61;0.0
KENAI;202508120720;-;80.6;826.7;0.6;2.3;171;0.0
KENAI;202508120730;-;78.0;826.7;0.5;2.6;350;0.0
KENAI;202508120740;16.4;76.8;826.7;0.9;2.3;143;0.0
KENAI;202508120750;-;76.5;826.6;1.0;2.0;113;0.0
KENAI;202508120800;-;75.7;826.5;1.7;2.4;91;0.0
KENAI;202508120810;16.6;74.9;826.4;1.2;2.5;137;0.0
KENAI;202508120820;-;74.5;826.4;1.2;2.1;18;0.0
KENAI;202508120830;17.1;72.9;826.3;1.1;2.2;120;0.0
KENAI;202508120840;-;73.1;826.1;1.1;2.0;52;0.0
KENAI;202508120850;-;71.9;826.1;0.8;2.1;147;0.0
KENAI;202508120900;-;70.4;826.0;0.9;2.3;115;0.0
