645
VRXZ07 LSSW 102048
Station/Location;Date;tre200s0;uor200s0;prestas0;fkl010z0;fkl010z1;dkl010z0;rre150z0
KENAI;202502101850;21.3;57.1;822.3;0.9;5.0;30;0.0
KENAI;202502101900;21.0;57.9;822.3;2.6;5.2;19;0.0
KENAI;202502101910;20.8;58.8;822.3;2.5;4.4;1;0.0
KENAI;202502101920;20.6;59.7;822.4;2.0;5.2;44;0.0
KENAI;202502101930;20.5;60.0;822.4;3.2;5.5;16;0.0
KENAI;202502101940;20.3;60.7;822.3;2.7;6.4;32;0.0
KENAI;202502101950;20.1;61.5;822.4;1.8;6.2;32;0.0
KENAI;202502102000;19.9;62.3;822.4;3.8;4.8;34;0.0
KENAI;202502102010;19.7;62.9;822.4;2.4;4.5;23;0.0
KENAI;202502102020;19.5;63.5;822.4;0.8;3.8;40;0.0
KENAI;202502102030;19.3;63.9;822.5;2.7;4.1;43;0.0
KENAI;202502102040;19.1;64.5;822.4;1.4;2.9;5;0.0
