188
VRXZ07 LSSW 040258
Station/Location;Date;tre200s0;uor200s0;prestas0;fkl010z0;fkl010z1;dkl010z0;rre150z0
KENAI;202508040100;-;86.9;825.4;1.0;2.5;118;0.0
KENAI;202508040110;-;86.5;825.5;1.2;3.2;146;0.0
KENAI;202508040120;-;86.6;825.4;0.8;2.1;127;0.0
KENAI;202508040130;-;86.8;825.5;1.5;2.2;151;0.0
KENAI;202508040140;-;87.5;825.6;0.9;1.5;96;0.0
KENAI;202508040150;-;87.3;825.7;0.7;1.8;142;0.0
KENAI;202508040200;-;86.8;826.0;1.0;1.9;171;0.0
KENAI;202508040210;-;86.6;826.0;0.6;2.3;141;0.0
KENAI;202508040220;-;86.7;826.0;0.7;1.4;183;0.0
KENAI;202508040230;-;86.6;826.1;1.0;1.8;214;0.0
KENAI;202508040240;12.8;86.5;826.1;0.5;1.4;148;0.0
KENAI;202508040250;-;86.7;826.1;0.5;0.9;139;0.0
