853
VRXZ07 LSSW 081458
Station/Location;Date;tre200s0;uor200s0;prestas0;fkl010z0;fkl010z1;dkl010z0;rre150z0
KENAI;202503081300;28.8;38.8;818.7;3.8;6.7;94;0.0
KENAI;202503081310;27.9;39.3;818.8;2.3;7.2;25;0.0
KENAI;202503081320;28.2;40.5;818.8;0.9;5.4;53;0.0
KENAI;202503081330;27.2;42.2;818.7;2.6;7.2;108;0.0
KENAI;202503081340;27.9;39.9;818.8;3.5;7.1;20;0.0
KENAI;202503081350;28.1;39.7;818.6;3.7;6.3;76;0.0
KENAI;202503081400;28.2;40.2;818.7;4.0;6.3;74;0.0
KENAI;202503081410;27.0;41.8;818.8;2.0;5.2;91;0.0
KENAI;202503081420;27.0;41.5;818.9;1.5;5.7;44;0.0
KENAI;202503081430;26.5;43.1;818.9;3.2;6.3;61;0.0
KENAI;202503081440;26.0;44.5;819.1;1.9;6.2;51;0.0
KENAI;202503081450;25.9;46.0;819.3;1.4;3.8;20;0.0
