298
VRXZ07 LSSW 090748
Station/Location;Date;tre200s0;uor200s0;prestas0;fkl010z0;fkl010z1;dkl010z0;rre150z0
KENAI;202412090550;19.8;70.8;825.5;3.0;5.5;63;0.0
KENAI;202412090600;19.6;72.3;825.5;1.3;5.6;43;0.0
KENAI;202412090610;20.2;71.7;825.4;2.2;5.0;74;0.0
KENAI;202412090620;20.8;68.3;825.4;3.6;4.4;60;0.0
KENAI;202412090630;21.9;63.3;825.4;2.6;4.9;48;0.0
KENAI;202412090640;20.9;66.8;825.5;2.9;5.5;57;0.0
KENAI;202412090650;21.0;69.9;825.4;2.7;5.8;9;0.0
KENAI;202412090700;21.8;64.5;825.4;4.4;7.6;34;0.0
KENAI;202412090710;21.9;65.4;825.4;3.0;6.4;23;0.0
KENAI;202412090720;20.8;66.4;825.3;2.6;5.4;43;0.0
KENAI;202412090730;21.2;67.3;825.3;2.1;4.2;156;0.0
KENAI;202412090740;20.8;63.8;825.4;1.8;6.4;19;0.0
