328
VRXZ07 LSSW 170638
Station/Location;Date;tre200s0;uor200s0;prestas0;fkl010z0;fkl010z1;dkl010z0;rre150z0
KENAI;202506170440;-;88.4;826.9;1.0;1.6;177;0.0
KENAI;202506170450;-;88.1;827.0;0.9;1.9;198;0.0
KENAI;202506170500;-;87.5;827.0;1.0;2.2;207;0.0
KENAI;202506170510;-;86.8;827.1;2.3;2.8;206;0.0
KENAI;202506170520;15.7;85.2;827.5;1.2;2.0;190;0.0
KENAI;202506170530;-;-;827.6;0.8;1.9;-;0.0
KENAI;202506170540;-;82.1;827.6;0.6;2.1;176;0.0
KENAI;202506170550;-;81.3;827.7;1.0;1.6;123;0.0
KENAI;202506170600;-;79.3;827.7;0.0;2.0;0;0.0
KENAI;202506170610;-;78.5;827.7;1.0;2.6;141;0.0
KENAI;202506170620;-;77.4;827.6;1.4;2.3;217;0.0
KENAI;202506170630;-;75.8;827.5;0.9;2.9;148;0.0
