657
VRXZ07 LSSW 210338
Station/Location;Date;tre200s0;uor200s0;prestas0;fkl010z0;fkl010z1;dkl010z0;rre150z0
KENAI;202411210140;17.3;90.8;823.1;1.3;2.6;11;0.0
KENAI;202411210150;17.3;90.6;823.4;0.4;3.0;344;0.0
KENAI;202411210200;17.3;90.7;823.4;0.6;3.5;41;0.0
KENAI;202411210210;17.2;90.1;823.5;1.6;4.1;27;0.0
KENAI;202411210220;17.3;90.3;823.6;1.3;3.1;30;0.0
KENAI;202411210230;17.2;90.2;823.7;0.8;3.0;63;0.0
KENAI;202411210240;17.3;90.3;823.8;0.8;2.7;39;0.0
KENAI;202411210250;17.3;90.0;823.9;0.8;2.7;40;0.0
KENAI;202411210300;17.3;90.3;824.0;1.0;2.7;39;0.0
KENAI;202411210310;17.3;90.3;824.0;0.9;2.9;43;0.0
KENAI;202411210320;17.2;90.0;824.2;0.9;2.7;18;0.0
KENAI;202411210330;17.3;90.1;824.2;1.3;2.7;50;0.0
