451
VRXZ07 LSSW 111018
Station/Location;Date;tre200s0;uor200s0;prestas0;fkl010z0;fkl010z1;dkl010z0;rre150z0
KENAI;202507110820;-;63.9;827.0;1.4;2.9;155;0.0
KENAI;202507110830;-;64.2;827.0;0.7;4.0;175;0.0
KENAI;202507110840;19.6;63.0;826.9;0.5;4.6;160;0.0
KENAI;202507110850;-;64.2;826.9;0.8;3.5;177;0.0
KENAI;202507110900;-;63.3;826.8;0.9;3.6;223;0.0
KENAI;202507110910;-;62.4;826.8;0.4;3.5;198;0.0
KENAI;202507110920;19.7;62.6;826.7;1.7;3.1;172;0.0
KENAI;202507110930;-;60.5;826.5;2.0;3.4;130;0.0
KENAI;202507110940;-;60.6;826.4;1.2;2.5;173;0.0
KENAI;202507110950;20.2;60.8;826.3;1.5;2.4;183;0.0
KENAI;202507111000;-;60.2;826.3;0.5;2.5;17;0.0
KENAI;202507111010;20.6;60.7;826.1;1.0;3.3;158;0.0
