969
VRXZ07 LSSW 090508
Station/Location;Date;tre200s0;uor200s0;prestas0;fkl010z0;fkl010z1;dkl010z0;rre150z0
KENAI;202503090310;18.8;83.7;821.9;0.6;3.3;2;0.0
KENAI;202503090320;18.7;83.7;822.0;1.9;3.2;35;0.0
KENAI;202503090330;18.8;83.8;822.1;0.8;3.1;53;0.0
KENAI;202503090340;18.8;83.9;822.2;1.2;3.7;15;0.0
KENAI;202503090350;18.7;84.1;822.3;1.1;4.0;18;0.0
KENAI;202503090400;18.7;84.3;822.5;1.5;3.1;19;0.0
KENAI;202503090410;18.7;84.4;822.5;2.7;3.6;20;0.0
KENAI;202503090420;18.6;85.1;822.7;2.6;4.3;12;0.0
KENAI;202503090430;18.6;86.5;822.8;0.6;2.9;30;0.0
KENAI;202503090440;18.6;85.7;822.7;1.8;3.8;11;0.0
KENAI;202503090450;19.0;85.3;822.7;2.2;3.9;85;0.0
KENAI;202503090500;19.2;85.0;822.9;1.2;5.8;77;0.0
