677
VRXZ07 LSSW 300558
Station/Location;Date;tre200s0;uor200s0;prestas0;fkl010z0;fkl010z1;dkl010z0;rre150z0
KENAI;202506300400;-;87.6;825.9;0.5;1.1;154;0.0
KENAI;202506300410;-;87.5;826.1;0.9;1.4;82;0.0
KENAI;202506300420;-;87.7;826.2;0.8;2.3;99;0.0
KENAI;202506300430;-;87.5;826.2;0.5;1.8;235;0.0
KENAI;202506300440;-;87.4;826.4;0.7;1.5;122;0.0
KENAI;202506300450;-;87.7;826.5;0.6;2.1;163;0.0
KENAI;202506300500;-;87.8;826.6;1.6;2.3;170;0.0
KENAI;202506300510;-;86.4;826.7;1.0;1.6;116;0.0
KENAI;202506300520;-;85.8;826.8;0.9;2.0;95;0.0
KENAI;202506300530;-;85.3;826.9;1.5;2.0;143;0.0
KENAI;202506300540;-;85.0;826.9;1.3;2.5;158;0.0
KENAI;202506300550;-;85.2;827.0;0.3;2.9;211;0.0
