135
VRXZ07 LSSW 200458
Station/Location;Date;tre200s0;uor200s0;prestas0;fkl010z0;fkl010z1;dkl010z0;rre150z0
KENAI;202504200300;15.4;95.8;823.5;0.7;1.8;84;0.0
KENAI;202504200310;15.6;96.6;823.6;1.5;2.4;47;0.0
KENAI;202504200320;15.9;97.2;823.7;1.0;3.0;32;0.0
KENAI;202504200330;15.8;96.7;823.9;1.2;4.1;86;0.0
KENAI;202504200340;15.8;97.0;824.0;1.4;3.7;41;0.0
KENAI;202504200350;15.8;96.5;824.1;1.5;2.4;69;0.0
KENAI;202504200400;15.8;96.1;824.2;0.9;2.8;56;0.0
KENAI;202504200410;-;-;-;-;2.9;-;-
KENAI;202504200420;15.7;95.5;824.4;0.9;3.0;32;0.0
KENAI;202504200430;15.7;94.4;824.5;0.8;3.5;78;0.0
KENAI;202504200440;16.2;91.8;824.5;0.5;1.8;11;0.0
KENAI;202504200450;16.4;89.7;824.5;0.0;1.3;0;0.0
