207
VRXZ07 LSSW 202028
Station/Location;Date;tre200s0;uor200s0;prestas0;fkl010z0;fkl010z1;dkl010z0;rre150z0
KENAI;202506201830;-;95.1;826.8;0.4;1.1;249;0.0
KENAI;202506201840;14.3;94.1;826.8;0.6;1.2;270;0.0
KENAI;202506201850;14.2;93.4;827.0;0.0;1.2;0;0.0
KENAI;202506201900;14.3;94.6;827.0;0.4;0.7;224;0.0
KENAI;202506201910;-;93.8;827.0;0.0;1.2;0;0.0
KENAI;202506201920;-;94.7;827.2;0.4;0.5;188;0.0
KENAI;202506201930;-;94.6;827.0;0.8;1.2;103;0.0
KENAI;202506201940;-;94.8;827.0;0.5;0.8;206;0.0
KENAI;202506201950;-;92.7;827.0;0.3;0.7;249;0.0
KENAI;202506202000;-;93.2;826.8;0.0;0.7;0;0.0
KENAI;202506202010;-;93.2;826.7;0.4;0.6;162;0.0
KENAI;202506202020;-;94.0;826.7;0.7;0.8;273;0.0
