991
VRXZ07 LSSW 041048
Station/Location;Date;tre200s0;uor200s0;prestas0;fkl010z0;fkl010z1;dkl010z0;rre150z0
KENAI;202503040850;25.7;40.1;823.8;3.7;6.2;28;0.0
KENAI;202503040900;25.0;44.8;823.7;2.5;6.9;81;0.0
KENAI;202503040910;26.1;41.5;823.6;2.9;5.2;14;0.0
KENAI;202503040920;26.1;40.3;823.4;2.8;5.4;5;0.0
KENAI;202503040930;26.4;37.9;823.2;3.2;6.2;126;0.0
KENAI;202503040940;25.6;40.5;823.1;2.8;6.6;129;0.0
KENAI;202503040950;26.2;38.5;823.1;4.3;7.4;30;0.0
KENAI;202503041000;26.2;39.9;823.0;2.4;6.6;86;0.0
KENAI;202503041010;26.4;37.6;822.8;5.6;8.3;107;0.0
KENAI;202503041020;26.9;35.0;822.6;2.2;6.1;61;0.0
KENAI;202503041030;27.7;33.7;822.5;0.0;5.1;0;0.0
KENAI;202503041040;26.9;35.0;822.3;3.7;7.4;110;0.0
