383
VRXZ07 LSSW 041508
Station/Location;Date;tre200s0;uor200s0;prestas0;fkl010z0;fkl010z1;dkl010z0;rre150z0
KENAI;202504041310;25.1;52.2;820.6;1.0;6.1;81;0.0
KENAI;202504041320;25.8;51.3;820.4;2.7;4.9;28;0.0
KENAI;202504041330;25.7;54.2;820.5;2.1;6.8;31;0.0
KENAI;202504041340;24.3;58.1;820.4;2.4;6.8;23;0.0
KENAI;202504041350;24.1;58.9;820.4;2.0;5.6;46;0.0
KENAI;202504041400;24.7;59.7;820.4;2.9;7.3;78;0.0
KENAI;202504041410;24.7;59.9;820.7;3.4;7.3;83;0.0
KENAI;202504041420;23.8;61.5;820.8;3.6;7.5;78;0.0
KENAI;202504041430;23.3;63.9;820.9;2.8;5.3;69;0.0
KENAI;202504041440;22.6;67.6;821.1;2.3;5.7;78;0.0
KENAI;202504041450;22.3;68.4;821.3;2.8;5.9;77;0.0
KENAI;202504041500;22.2;68.1;821.4;1.9;6.5;83;0.0
