219
VRXZ07 LSSW 071948
Station/Location;Date;tre200s0;uor200s0;prestas0;fkl010z0;fkl010z1;dkl010z0;rre150z0
KENAI;202503071750;24.4;45.4;822.6;2.9;5.9;36;0.0
KENAI;202503071800;24.2;46.3;822.7;2.9;4.8;54;0.0
KENAI;202503071810;24.1;46.9;822.7;2.9;5.3;18;0.0
KENAI;202503071820;23.9;48.1;822.9;3.0;7.1;51;0.0
KENAI;202503071830;23.8;48.7;822.9;2.9;4.8;56;0.0
KENAI;202503071840;23.8;49.8;823.1;2.4;4.5;39;0.0
KENAI;202503071850;23.7;52.2;823.1;0.8;6.0;45;0.0
KENAI;202503071900;23.5;53.8;823.2;2.6;5.0;45;0.0
KENAI;202503071910;23.4;54.3;823.4;2.3;6.7;20;0.0
KENAI;202503071920;23.3;54.9;823.3;2.4;7.2;82;0.0
KENAI;202503071930;22.4;60.5;823.4;1.7;7.4;72;0.3
KENAI;202503071940;22.4;59.0;823.5;3.3;7.3;74;0.0
