486
VRXZ07 LSSW 051938
Station/Location;Date;tre200s0;uor200s0;prestas0;fkl010z0;fkl010z1;dkl010z0;rre150z0
KENAI;202502051740;20.0;61.3;822.2;2.1;4.3;20;0.0
KENAI;202502051750;19.9;61.3;822.1;2.1;4.4;17;0.0
KENAI;202502051800;19.7;62.6;822.2;1.6;3.7;56;0.0
KENAI;202502051810;19.6;63.5;822.3;1.0;3.1;23;0.0
KENAI;202502051820;19.3;64.3;822.4;0.7;3.2;7;0.0
KENAI;202502051830;19.2;64.5;822.5;1.4;4.2;59;0.0
KENAI;202502051840;19.3;63.6;822.5;1.2;2.9;356;0.0
KENAI;202502051850;19.2;63.7;822.6;1.0;3.3;27;0.0
KENAI;202502051900;19.1;64.2;822.8;1.4;3.1;353;0.0
KENAI;202502051910;19.0;64.9;822.9;0.0;2.4;0;0.0
KENAI;202502051920;18.8;65.6;822.9;1.2;2.4;9;0.0
KENAI;202502051930;18.7;65.9;822.9;0.5;2.8;69;0.0
