717
VRXZ07 LSSW 161958
Station/Location;Date;tre200s0;uor200s0;prestas0;fkl010z0;fkl010z1;dkl010z0;rre150z0
KENAI;202507161800;-;78.9;826.2;2.3;4.2;113;0.1
KENAI;202507161810;-;80.0;826.4;0.6;2.6;109;0.0
KENAI;202507161820;16.7;80.2;826.5;2.4;3.4;157;0.1
KENAI;202507161830;-;80.4;826.6;0.6;4.3;108;0.0
KENAI;202507161840;-;81.0;826.7;0.9;3.0;113;0.0
KENAI;202507161850;16.4;81.7;826.8;0.6;2.3;166;0.0
KENAI;202507161900;-;82.1;826.8;0.8;1.4;196;0.0
KENAI;202507161910;-;82.8;826.9;1.1;1.8;159;0.0
KENAI;202507161920;-;80.4;827.0;1.5;3.3;128;0.0
KENAI;202507161930;-;78.2;827.0;2.1;3.8;117;0.0
KENAI;202507161940;-;77.8;827.0;1.0;2.6;111;0.0
KENAI;202507161950;-;77.9;827.0;0.8;1.7;121;0.0
