397
VRXZ07 LSSW 051518
Station/Location;Date;tre200s0;uor200s0;prestas0;fkl010z0;fkl010z1;dkl010z0;rre150z0
KENAI;202504051320;25.5;55.3;820.2;1.8;4.9;14;0.0
KENAI;202504051330;24.7;55.5;820.2;4.5;5.8;92;0.0
KENAI;202504051340;24.5;56.0;820.4;1.7;6.4;102;0.0
KENAI;202504051350;23.9;56.5;820.5;0.8;6.1;60;0.0
KENAI;202504051400;23.7;57.4;820.5;2.1;5.6;76;0.0
KENAI;202504051410;23.5;59.7;820.6;2.5;5.8;64;0.0
KENAI;202504051420;23.2;62.8;820.6;1.1;5.6;69;0.0
KENAI;202504051430;23.1;66.0;820.6;4.7;6.6;44;0.0
KENAI;202504051440;22.4;68.1;820.7;2.9;7.3;58;0.0
KENAI;202504051450;22.0;70.9;821.0;1.7;6.9;74;0.1
KENAI;202504051500;22.1;69.3;821.1;2.1;5.6;7;0.0
KENAI;202504051510;21.7;71.7;821.3;2.3;4.5;24;0.0
