903
VRXZ07 LSSW 181308
Station/Location;Date;tre200s0;uor200s0;prestas0;fkl010z0;fkl010z1;dkl010z0;rre150z0
KENAI;202502181110;26.3;34.0;822.3;2.2;6.2;116;0.0
KENAI;202502181120;26.2;32.6;822.3;4.0;7.6;98;0.0
KENAI;202502181130;26.1;33.9;822.2;3.7;7.1;53;0.0
KENAI;202502181140;26.4;33.7;822.2;2.1;6.3;82;0.0
KENAI;202502181150;27.0;32.8;822.1;3.5;6.6;9;0.0
KENAI;202502181200;26.7;28.6;822.0;3.9;8.8;57;0.0
KENAI;202502181210;26.8;30.3;822.1;2.6;8.0;108;0.0
KENAI;202502181220;26.9;32.0;821.9;2.0;5.8;10;0.0
KENAI;202502181230;27.0;33.4;821.8;3.8;7.1;4;0.0
KENAI;202502181240;27.1;32.0;821.8;3.1;7.6;64;0.0
KENAI;202502181250;27.1;32.1;821.8;2.4;6.2;15;0.0
KENAI;202502181300;27.1;31.9;821.9;0.5;6.5;47;0.0
