539
VRXZ07 LSSW 271808
Station/Location;Date;tre200s0;uor200s0;prestas0;fkl010z0;fkl010z1;dkl010z0;rre150z0
KENAI;202503271610;19.4;79.2;821.3;1.0;2.5;43;0.0
KENAI;202503271620;19.4;79.3;821.5;1.6;2.8;42;0.0
KENAI;202503271630;19.6;79.0;821.6;1.9;2.7;49;0.0
KENAI;202503271640;19.5;79.6;821.7;0.6;3.6;73;0.0
KENAI;202503271650;19.5;80.1;821.8;1.2;4.1;31;0.0
KENAI;202503271700;19.4;81.0;822.0;0.8;3.4;31;0.0
KENAI;202503271710;19.4;81.7;821.9;1.1;4.1;41;0.0
KENAI;202503271720;19.4;82.1;822.1;2.2;3.0;24;0.0
KENAI;202503271730;19.4;82.5;822.2;1.2;3.4;2;0.0
KENAI;202503271740;19.2;83.8;822.3;0.4;3.3;49;0.0
KENAI;202503271750;19.0;85.2;822.6;1.2;3.3;33;0.0
KENAI;202503271800;19.0;85.6;822.9;1.0;3.4;24;0.0
