380
VRXZ07 LSSW 132038
Station/Location;Date;tre200s0;uor200s0;prestas0;fkl010z0;fkl010z1;dkl010z0;rre150z0
KENAI;202508131840;18.7;67.0;825.9;1.3;2.3;25;0.0
KENAI;202508131850;-;67.2;826.0;0.8;2.3;54;0.0
KENAI;202508131900;-;67.5;825.8;1.8;2.2;52;0.0
KENAI;202508131910;-;68.5;826.1;0.0;2.0;0;0.0
KENAI;202508131920;-;68.1;826.1;1.1;1.9;54;0.0
KENAI;202508131930;-;67.7;826.1;1.0;2.0;49;0.0
KENAI;202508131940;-;64.8;826.1;1.8;3.0;69;0.0
KENAI;202508131950;18.1;61.6;826.1;1.0;3.9;43;0.0
KENAI;202508132000;-;60.5;826.1;1.6;3.6;20;0.0
KENAI;202508132010;-;60.4;826.0;1.4;3.5;69;0.0
KENAI;202508132020;-;58.7;826.1;2.1;5.1;67;0.0
KENAI;202508132030;-;58.7;826.1;1.2;3.6;80;0.0
