518
VRXZ07 LSSW 220208
Station/Location;Date;tre200s0;uor200s0;prestas0;fkl010z0;fkl010z1;dkl010z0;rre150z0
KENAI;202502220010;15.6;65.5;822.9;0.4;0.8;8;0.0
KENAI;202502220020;16.0;64.8;822.7;0.4;2.4;320;0.0
KENAI;202502220030;15.9;65.3;822.7;0.6;1.4;343;0.0
KENAI;202502220040;15.9;65.7;822.7;0.7;1.6;346;0.0
KENAI;202502220050;15.8;66.7;822.8;0.4;1.2;297;0.0
KENAI;202502220100;15.6;67.2;822.7;0.0;0.9;0;0.0
KENAI;202502220110;15.2;69.0;822.8;0.0;1.3;0;0.0
KENAI;202502220120;15.4;68.9;822.8;1.0;1.8;344;0.0
KENAI;202502220130;15.4;68.8;822.7;0.7;1.3;20;0.0
KENAI;202502220140;15.4;68.8;822.9;0.0;1.3;0;0.0
KENAI;202502220150;15.3;69.8;822.9;0.0;0.9;0;0.0
KENAI;202502220200;15.0;70.8;823.0;0.5;1.6;227;0.0
