586
VRXZ07 LSSW 051628
Station/Location;Date;tre200s0;uor200s0;prestas0;fkl010z0;fkl010z1;dkl010z0;rre150z0
KENAI;202507051430;-;72.6;824.7;1.0;1.3;112;0.0
KENAI;202507051440;-;72.6;824.7;0.4;1.4;153;0.0
KENAI;202507051450;19.0;73.0;824.8;0.6;1.0;74;0.0
KENAI;202507051500;-;74.9;824.9;1.0;1.9;87;0.0
KENAI;202507051510;-;76.2;824.9;0.4;1.6;79;0.0
KENAI;202507051520;18.6;77.7;824.9;0.5;1.4;57;0.0
KENAI;202507051530;-;78.9;824.9;0.6;1.0;55;0.0
KENAI;202507051540;18.3;78.8;825.0;0.7;0.9;3;0.0
KENAI;202507051550;-;78.2;825.1;0.6;2.9;42;0.0
KENAI;202507051600;-;78.7;825.0;0.8;2.5;64;0.0
KENAI;202507051610;-;79.3;824.9;1.4;1.9;87;0.0
KENAI;202507051620;17.6;80.7;825.1;0.8;2.3;103;0.0
