197
VRXZ07 LSSW 060448
Station/Location;Date;tre200s0;uor200s0;prestas0;fkl010z0;fkl010z1;dkl010z0;rre150z0
KENAI;202506060250;-;93.1;827.3;1.0;4.6;120;0.0
KENAI;202506060300;-;92.8;827.4;0.8;3.3;121;0.0
KENAI;202506060310;-;92.7;827.4;2.4;4.5;134;0.0
KENAI;202506060320;-;92.8;827.4;0.5;3.0;90;0.0
KENAI;202506060330;-;92.8;827.5;2.8;3.6;134;0.0
KENAI;202506060340;-;92.9;827.5;1.1;2.9;103;0.0
KENAI;202506060350;-;92.9;827.6;2.6;3.3;134;0.0
KENAI;202506060400;14.9;93.0;827.7;1.0;3.8;159;0.0
KENAI;202506060410;-;92.7;827.8;1.6;3.1;185;0.0
KENAI;202506060420;-;92.8;827.9;0.8;3.4;165;0.0
KENAI;202506060430;-;92.8;828.1;0.5;2.3;171;0.0
KENAI;202506060440;-;92.6;828.1;2.1;2.5;162;0.0
