105
VRXZ07 LSSW 062108
Station/Location;Date;tre200s0;uor200s0;prestas0;fkl010z0;fkl010z1;dkl010z0;rre150z0
KENAI;202506061910;-;78.4;828.1;1.1;1.6;151;0.0
KENAI;202506061920;-;77.0;828.1;2.5;4.7;118;0.0
KENAI;202506061930;-;78.1;828.2;0.6;3.7;117;0.0
KENAI;202506061940;-;78.2;828.1;1.6;4.1;156;0.0
KENAI;202506061950;-;78.8;828.2;1.6;3.5;152;0.0
KENAI;202506062000;-;79.3;828.2;1.3;3.1;141;0.0
KENAI;202506062010;-;79.9;828.2;1.2;2.4;131;0.0
KENAI;202506062020;-;80.8;828.1;0.7;2.1;131;0.0
KENAI;202506062030;-;81.0;828.1;0.4;2.7;94;0.0
KENAI;202506062040;-;81.1;828.2;0.0;1.9;0;0.0
KENAI;202506062050;16.7;81.6;828.0;1.6;1.9;137;0.0
KENAI;202506062100;-;82.6;828.0;0.5;1.8;112;0.0
