170
VRXZ07 LSSW 140048
Station/Location;Date;tre200s0;uor200s0;prestas0;fkl010z0;fkl010z1;dkl010z0;rre150z0
KENAI;202508132250;-;74.6;825.7;0.0;0.8;0;0.0
KENAI;202508132300;12.8;77.1;825.7;0.0;0.6;0;0.0
KENAI;202508132310;-;76.6;825.7;0.0;0.9;0;0.0
KENAI;202508132320;-;78.1;825.6;0.0;0.6;0;0.0
KENAI;202508132330;-;78.1;825.5;0.0;0.5;0;0.0
KENAI;202508132340;-;76.7;825.5;0.0;0.5;0;0.0
KENAI;202508132350;-;76.8;825.5;0.4;1.5;97;0.0
KENAI;202508140000;-;76.7;825.5;0.0;1.8;0;0.0
KENAI;202508140010;-;76.7;825.5;0.4;1.2;176;0.0
KENAI;202508140020;-;77.1;825.5;0.6;1.3;181;0.0
KENAI;202508140030;-;77.3;825.6;0.6;2.1;157;0.0
KENAI;202508140040;-;76.6;825.6;0.8;1.3;199;0.0
