280
VRXZ07 LSSW 101528
Station/Location;Date;tre200s0;uor200s0;prestas0;fkl010z0;fkl010z1;dkl010z0;rre150z0
KENAI;202503101330;23.8;59.5;821.1;4.2;6.6;272;0.0
KENAI;202503101340;23.6;61.5;821.0;2.6;5.7;286;0.0
KENAI;202503101350;23.3;62.4;821.0;2.5;6.2;266;0.0
KENAI;202503101400;22.8;63.1;821.0;2.6;5.8;203;0.0
KENAI;202503101410;22.7;63.4;821.2;2.8;4.6;258;0.0
KENAI;202503101420;22.7;63.9;821.4;1.2;4.9;275;0.0
KENAI;202503101430;22.1;64.7;821.5;2.7;5.3;223;0.0
KENAI;202503101440;22.1;66.9;821.6;1.6;4.7;290;0.0
KENAI;202503101450;21.8;68.8;821.7;1.9;4.0;246;0.0
KENAI;202503101500;21.6;71.5;821.8;2.1;4.9;240;0.0
KENAI;202503101510;21.2;72.7;821.9;1.3;5.0;261;0.0
KENAI;202503101520;20.8;70.1;822.0;1.6;4.7;276;0.0
