826
VRXZ07 LSSW 132008
Station/Location;Date;tre200s0;uor200s0;prestas0;fkl010z0;fkl010z1;dkl010z0;rre150z0
KENAI;202507131810;-;72.2;827.9;0.6;2.0;147;0.0
KENAI;202507131820;-;72.0;828.0;0.0;2.5;0;0.0
KENAI;202507131830;-;72.2;828.1;1.1;2.0;137;0.0
KENAI;202507131840;16.9;72.0;828.1;1.0;2.5;134;0.0
KENAI;202507131850;16.9;72.4;828.1;1.3;3.6;93;0.0
KENAI;202507131900;16.8;72.2;828.2;1.1;3.0;86;0.0
KENAI;202507131910;-;72.6;828.2;0.7;2.6;126;0.0
KENAI;202507131920;16.7;72.6;828.3;0.7;2.3;122;0.0
KENAI;202507131930;-;72.7;828.3;1.0;2.7;149;0.0
KENAI;202507131940;-;73.5;828.2;0.7;1.5;101;0.0
KENAI;202507131950;-;74.1;828.3;0.7;1.3;179;0.0
KENAI;202507132000;16.4;74.0;828.3;0.6;1.5;204;0.0
