278
VRXZ07 LSSW 260258
Station/Location;Date;tre200s0;uor200s0;prestas0;fkl010z0;fkl010z1;dkl010z0;rre150z0
KENAI;202507260100;-;86.3;825.2;0.0;0.5;0;0.0
KENAI;202507260110;-;87.2;825.1;0.0;0.4;0;0.0
KENAI;202507260120;-;87.5;825.2;0.5;0.9;229;0.0
KENAI;202507260130;12.5;87.7;825.2;0.3;0.7;225;0.0
KENAI;202507260140;-;87.7;825.3;0.4;0.6;203;0.0
KENAI;202507260150;-;86.4;825.2;0.4;0.9;196;0.0
KENAI;202507260200;-;86.4;825.3;0.5;0.8;189;0.0
KENAI;202507260210;-;86.7;825.3;0.7;0.8;152;0.0
KENAI;202507260220;-;88.5;825.5;0.3;0.7;86;0.0
KENAI;202507260230;-;89.0;825.6;0.7;0.9;223;0.0
KENAI;202507260240;-;89.4;825.7;0.4;0.9;226;0.0
KENAI;202507260250;-;89.9;825.6;0.0;0.8;0;0.0
