754
VRXZ07 LSSW 151758
Station/Location;Date;tre200s0;uor200s0;prestas0;fkl010z0;fkl010z1;dkl010z0;rre150z0
KENAI;202411151600;19.7;76.6;822.0;2.1;2.7;11;0.0
KENAI;202411151610;19.7;76.4;822.0;1.4;3.0;29;0.0
KENAI;202411151620;19.6;77.4;822.2;1.4;3.0;4;0.0
KENAI;202411151630;19.5;75.3;822.2;2.3;5.2;48;0.0
KENAI;202411151640;19.2;75.5;822.5;2.1;4.8;41;0.0
KENAI;202411151650;19.2;76.0;822.6;1.6;4.4;16;0.0
KENAI;202411151700;19.1;76.5;822.8;1.9;5.0;18;0.0
KENAI;202411151710;18.9;78.5;823.0;1.9;4.5;20;0.0
KENAI;202411151720;18.7;79.7;823.1;1.1;4.0;22;0.0
KENAI;202411151730;18.6;80.5;823.2;1.2;3.4;39;0.0
KENAI;202411151740;18.4;81.6;823.3;1.3;3.5;29;0.0
KENAI;202411151750;18.3;82.3;823.5;1.8;4.4;34;0.0
