809
VRXZ07 LSSW 290538
Station/Location;Date;tre200s0;uor200s0;prestas0;fkl010z0;fkl010z1;dkl010z0;rre150z0
KENAI;202411290340;16.5;90.1;825.5;0.6;0.7;173;0.0
KENAI;202411290350;16.7;90.0;825.6;0.3;0.6;172;0.0
KENAI;202411290400;17.2;86.5;825.8;0.5;1.3;314;0.0
KENAI;202411290410;17.5;85.1;825.8;1.1;1.4;300;0.0
KENAI;202411290420;17.7;83.7;826.1;0.7;1.7;345;0.0
KENAI;202411290430;18.2;81.5;826.1;0.8;1.5;321;0.0
KENAI;202411290440;18.7;79.9;826.3;0.9;1.8;335;0.0
KENAI;202411290450;19.2;77.4;826.4;0.4;2.1;20;0.0
KENAI;202411290500;19.6;74.5;826.4;1.0;2.0;55;0.0
KENAI;202411290510;19.7;73.9;826.4;1.3;2.1;97;0.0
KENAI;202411290520;20.2;74.6;826.4;2.0;2.4;57;0.0
KENAI;202411290530;20.2;72.6;826.5;0.7;3.2;86;0.0
