907
VRXZ07 LSSW 140338
Station/Location;Date;tre200s0;uor200s0;prestas0;fkl010z0;fkl010z1;dkl010z0;rre150z0
KENAI;202504140140;16.9;95.8;824.6;0.8;2.9;153;0.0
KENAI;202504140150;16.9;95.7;824.6;1.7;2.2;128;0.0
KENAI;202504140200;17.0;95.9;824.7;0.5;2.1;100;0.0
KENAI;202504140210;16.9;95.8;824.6;1.2;2.1;135;0.0
KENAI;202504140220;16.9;95.6;824.7;0.0;2.3;0;0.0
KENAI;202504140230;16.9;95.1;824.8;0.4;2.3;81;0.0
KENAI;202504140240;16.9;95.0;824.8;0.8;1.9;88;0.0
KENAI;202504140250;16.9;94.9;824.8;1.4;2.2;176;0.0
KENAI;202504140300;16.8;94.1;824.9;0.4;1.6;183;0.0
KENAI;202504140310;16.8;93.6;824.9;0.8;2.1;135;0.0
KENAI;202504140320;16.8;93.5;825.1;0.9;2.2;144;0.0
KENAI;202504140330;16.7;93.5;825.1;0.7;1.9;161;0.0
