237
VRXZ07 LSSW 081228
Station/Location;Date;tre200s0;uor200s0;prestas0;fkl010z0;fkl010z1;dkl010z0;rre150z0
KENAI;202502081030;25.7;38.2;822.7;1.8;5.7;33;0.0
KENAI;202502081040;26.6;31.5;822.6;1.6;5.2;104;0.0
KENAI;202502081050;26.9;-;822.4;1.8;5.4;-;0.0
KENAI;202502081100;27.0;35.0;822.3;2.0;6.6;359;0.0
KENAI;202502081110;26.5;32.4;822.2;1.2;4.1;326;0.0
KENAI;202502081120;27.0;31.4;822.0;1.7;4.9;33;0.0
KENAI;202502081130;27.5;34.9;821.8;2.8;6.0;46;0.0
KENAI;202502081140;27.2;33.8;821.8;2.0;5.2;68;0.0
KENAI;202502081150;27.4;35.4;821.7;2.1;5.8;58;0.0
KENAI;202502081200;27.4;32.0;821.5;0.8;5.6;82;0.0
KENAI;202502081210;27.1;30.6;821.5;1.3;4.6;107;0.0
KENAI;202502081220;27.4;33.2;821.4;2.8;6.0;74;0.0
