527
VRXZ07 LSSW 151708
Station/Location;Date;tre200s0;uor200s0;prestas0;fkl010z0;fkl010z1;dkl010z0;rre150z0
KENAI;202411151510;19.9;75.0;821.0;0.9;1.8;85;0.0
KENAI;202411151520;19.9;75.3;821.2;2.2;3.0;3;0.0
KENAI;202411151530;19.9;76.2;821.4;1.9;2.9;48;0.0
KENAI;202411151540;19.7;76.7;821.6;1.7;3.0;46;0.0
KENAI;202411151550;19.7;76.5;821.8;1.1;2.8;58;0.0
KENAI;202411151600;19.7;76.6;822.0;2.1;2.7;11;0.0
KENAI;202411151610;19.7;76.4;822.0;1.4;3.0;29;0.0
KENAI;202411151620;19.6;77.4;822.2;1.4;3.0;4;0.0
KENAI;202411151630;19.5;75.3;822.2;2.3;5.2;48;0.0
KENAI;202411151640;19.2;75.5;822.5;2.1;4.8;41;0.0
KENAI;202411151650;19.2;76.0;822.6;1.6;4.4;16;0.0
KENAI;202411151700;19.1;76.5;822.8;1.9;5.0;18;0.0
