807
VRXZ07 LSSW 292228
Station/Location;Date;tre200s0;uor200s0;prestas0;fkl010z0;fkl010z1;dkl010z0;rre150z0
KENAI;202506292030;-;73.2;826.0;0.5;2.1;132;0.0
KENAI;202506292040;-;73.2;825.9;1.0;1.8;113;0.0
KENAI;202506292050;-;73.7;826.0;0.8;1.7;103;0.0
KENAI;202506292100;-;74.3;826.1;0.6;1.3;73;0.0
KENAI;202506292110;-;74.4;825.9;0.8;2.1;155;0.0
KENAI;202506292120;-;74.7;826.1;1.0;1.7;153;0.0
KENAI;202506292130;-;75.5;826.1;0.4;1.8;83;0.0
KENAI;202506292140;-;75.7;825.9;1.4;3.9;88;0.0
KENAI;202506292150;-;75.8;825.9;1.7;3.5;96;0.0
KENAI;202506292200;-;76.3;825.9;1.5;2.8;140;0.0
KENAI;202506292210;-;77.2;825.8;0.8;2.2;105;0.0
KENAI;202506292220;-;77.4;825.8;0.5;1.3;211;0.0
