554
VRXZ07 LSSW 180128
Station/Location;Date;tre200s0;uor200s0;prestas0;fkl010z0;fkl010z1;dkl010z0;rre150z0
KENAI;202506172330;15.2;87.3;825.7;0.9;2.0;179;0.0
KENAI;202506172340;-;87.1;825.6;1.1;3.1;152;0.0
KENAI;202506172350;-;87.1;825.6;1.2;1.7;163;0.0
KENAI;202506180000;14.9;87.1;825.6;0.6;1.8;214;0.0
KENAI;202506180010;-;87.3;825.3;0.9;1.8;242;0.0
KENAI;202506180020;14.7;87.4;825.4;0.7;1.2;166;0.0
KENAI;202506180030;-;87.6;825.5;0.8;1.5;179;0.0
KENAI;202506180040;-;87.5;825.6;1.1;2.3;157;0.0
KENAI;202506180050;-;87.7;825.5;1.1;1.9;187;0.0
KENAI;202506180100;-;88.1;825.4;0.7;2.4;217;0.0
KENAI;202506180110;-;88.5;825.5;0.6;2.2;213;0.0
KENAI;202506180120;-;88.5;825.6;0.9;1.9;198;0.0
