529
VRXZ07 LSSW 250948
Station/Location;Date;tre200s0;uor200s0;prestas0;fkl010z0;fkl010z1;dkl010z0;rre150z0
KENAI;202504250750;20.3;75.3;825.2;2.5;4.8;28;0.0
KENAI;202504250800;21.0;70.2;825.4;3.9;7.6;39;0.0
KENAI;202504250810;21.4;71.4;825.4;3.5;5.5;78;0.0
KENAI;202504250820;20.5;70.9;825.3;2.4;4.9;75;0.0
KENAI;202504250830;21.0;67.2;825.2;3.2;5.5;78;0.0
KENAI;202504250840;21.3;66.7;825.2;0.8;6.5;99;0.0
KENAI;202504250850;-;64.5;825.2;0.9;6.4;83;0.0
KENAI;202504250900;22.8;64.3;825.0;0.9;5.6;18;0.0
KENAI;202504250910;22.1;60.6;824.7;3.6;6.7;72;0.0
KENAI;202504250920;22.4;57.8;824.7;5.4;8.7;44;0.0
KENAI;202504250930;22.4;60.1;824.6;2.8;6.7;114;0.0
KENAI;202504250940;21.9;61.9;824.5;3.5;6.5;54;0.0
