396
VRXZ07 LSSW 041608
Station/Location;Date;tre200s0;uor200s0;prestas0;fkl010z0;fkl010z1;dkl010z0;rre150z0
KENAI;202502041410;23.6;55.8;820.7;3.6;6.5;106;0.0
KENAI;202502041420;23.0;57.8;820.7;2.0;6.4;51;0.0
KENAI;202502041430;22.9;57.2;820.7;2.7;5.3;48;0.0
KENAI;202502041440;22.5;58.4;820.8;3.8;5.6;61;0.0
KENAI;202502041450;22.2;59.4;820.8;2.3;6.7;38;0.0
KENAI;202502041500;21.7;59.9;820.9;3.4;5.6;48;0.0
KENAI;202502041510;21.6;60.1;821.0;3.8;5.9;36;0.0
KENAI;202502041520;21.4;60.6;821.0;1.5;5.9;40;0.0
KENAI;202502041530;21.1;60.5;821.2;3.2;5.8;63;0.0
KENAI;202502041540;20.9;61.3;821.3;2.9;5.8;53;0.0
KENAI;202502041550;20.7;61.6;821.5;2.5;6.0;59;0.0
KENAI;202502041600;20.5;61.8;821.5;2.1;5.1;18;0.0
