248
VRXZ07 LSSW 010548
Station/Location;Date;tre200s0;uor200s0;prestas0;fkl010z0;fkl010z1;dkl010z0;rre150z0
KENAI;202503010350;14.7;79.7;823.6;0.0;0.9;0;0.0
KENAI;202503010400;14.7;81.4;823.7;0.7;0.8;177;0.0
KENAI;202503010410;15.3;81.3;823.7;0.6;1.2;251;0.0
KENAI;202503010420;16.6;77.0;823.8;0.4;1.5;334;0.0
KENAI;202503010430;17.8;73.9;823.9;0.6;2.3;287;0.0
KENAI;202503010440;18.6;71.3;823.8;0.0;2.0;0;0.0
KENAI;202503010450;18.5;71.9;824.0;1.5;2.9;7;0.0
KENAI;202503010500;19.2;71.5;824.1;1.7;3.6;16;0.0
KENAI;202503010510;20.1;68.2;824.1;1.8;4.2;28;0.0
KENAI;202503010520;20.0;67.3;824.4;2.3;4.2;55;0.0
KENAI;202503010530;20.3;67.0;824.4;1.7;4.3;353;0.0
KENAI;202503010540;20.5;65.9;824.6;1.4;4.4;33;0.0
