227
VRXZ07 LSSW 160628
Station/Location;Date;tre200s0;uor200s0;prestas0;fkl010z0;fkl010z1;dkl010z0;rre150z0
KENAI;202506160430;-;84.6;827.4;0.6;1.1;140;0.0
KENAI;202506160440;-;84.3;827.5;0.8;1.7;74;0.0
KENAI;202506160450;-;83.3;827.5;0.9;1.3;55;0.0
KENAI;202506160500;-;81.1;827.7;0.0;1.8;0;0.0
KENAI;202506160510;14.7;81.7;827.7;0.6;2.1;258;0.0
KENAI;202506160520;15.6;78.0;827.8;1.1;2.4;103;0.0
KENAI;202506160530;-;79.4;828.0;0.5;2.7;176;0.0
KENAI;202506160540;-;78.9;827.9;1.0;2.8;250;0.0
KENAI;202506160550;-;79.4;828.0;1.0;2.9;175;0.0
KENAI;202506160600;-;76.9;828.0;1.8;2.4;149;0.0
KENAI;202506160610;16.6;75.2;828.1;0.7;2.6;86;0.0
KENAI;202506160620;-;73.9;828.1;2.7;3.6;133;0.0
