016
VRXZ07 LSSW 190128
Station/Location;Date;tre200s0;uor200s0;prestas0;fkl010z0;fkl010z1;dkl010z0;rre150z0
KENAI;202411182330;16.9;94.6;823.0;0.9;2.4;13;0.0
KENAI;202411182340;16.9;93.9;822.8;1.8;2.3;42;0.0
KENAI;202411182350;16.8;94.1;822.9;0.7;1.6;38;0.0
KENAI;202411190000;16.8;94.3;822.9;0.8;1.4;15;0.0
KENAI;202411190010;16.8;94.2;822.8;0.6;2.6;57;0.0
KENAI;202411190020;16.8;94.3;822.9;1.3;2.4;100;0.0
KENAI;202411190030;16.8;94.4;822.9;0.8;2.9;35;0.0
KENAI;202411190040;16.9;94.5;823.0;1.3;2.1;360;0.0
KENAI;202411190050;16.8;94.2;823.1;1.6;2.7;56;0.0
KENAI;202411190100;16.7;94.3;823.1;0.7;2.3;44;0.0
KENAI;202411190110;16.6;94.3;823.2;0.9;2.3;43;0.0
KENAI;202411190120;16.7;94.3;823.3;0.9;3.1;85;0.0
