374
VRXZ07 LSSW 192058
Station/Location;Date;tre200s0;uor200s0;prestas0;fkl010z0;fkl010z1;dkl010z0;rre150z0
KENAI;202504191900;17.5;87.6;824.2;1.8;4.1;9;0.0
KENAI;202504191910;17.4;88.6;824.2;3.8;5.3;14;0.0
KENAI;202504191920;17.4;89.0;824.2;1.8;4.7;26;0.0
KENAI;202504191930;17.4;88.7;824.2;2.2;6.3;2;0.0
KENAI;202504191940;17.5;88.4;824.3;1.3;4.2;4;0.0
KENAI;202504191950;17.6;88.0;824.4;1.9;4.3;347;0.0
KENAI;202504192000;17.6;87.8;824.5;2.5;3.5;59;0.0
KENAI;202504192010;17.5;87.8;824.3;1.7;4.1;36;0.1
KENAI;202504192020;17.5;87.6;824.6;1.1;3.0;359;0.0
KENAI;202504192030;17.3;89.1;824.7;1.9;3.2;51;0.0
KENAI;202504192040;16.9;90.3;824.8;1.7;3.8;33;0.0
KENAI;202504192050;16.9;91.6;824.7;0.6;2.3;17;0.1
