367
VRXZ07 LSSW 122338
Station/Location;Date;tre200s0;uor200s0;prestas0;fkl010z0;fkl010z1;dkl010z0;rre150z0
KENAI;202507122140;15.7;86.1;827.5;0.8;2.4;39;0.0
KENAI;202507122150;-;86.9;827.5;0.5;1.5;117;0.0
KENAI;202507122200;-;87.1;827.4;0.9;3.4;98;0.0
KENAI;202507122210;-;87.7;827.4;0.8;2.8;117;0.0
KENAI;202507122220;-;88.1;827.3;1.1;3.8;118;0.0
KENAI;202507122230;15.2;88.7;827.1;0.6;2.2;45;0.0
KENAI;202507122240;-;88.5;827.0;2.0;2.9;151;0.0
KENAI;202507122250;-;88.8;826.9;1.0;2.4;104;0.0
KENAI;202507122300;-;89.3;826.9;0.0;1.7;0;0.0
KENAI;202507122310;-;89.3;826.9;0.0;0.8;0;0.0
KENAI;202507122320;-;88.8;826.8;1.0;1.4;179;0.0
KENAI;202507122330;-;89.0;826.9;1.2;1.6;216;0.0
