466
VRXZ07 LSSW 060148
Station/Location;Date;tre200s0;uor200s0;prestas0;fkl010z0;fkl010z1;dkl010z0;rre150z0
KENAI;202503052350;17.5;65.4;823.0;1.9;5.3;57;0.0
KENAI;202503060000;17.3;66.0;823.0;2.0;4.4;15;0.0
KENAI;202503060010;17.0;67.2;823.0;1.3;3.5;31;0.0
KENAI;202503060020;17.0;67.4;823.0;2.5;3.1;41;0.0
KENAI;202503060030;17.0;67.4;822.9;2.5;3.9;51;0.0
KENAI;202503060040;16.9;67.9;823.1;2.2;3.0;50;0.0
KENAI;202503060050;16.7;69.1;823.1;1.6;2.9;12;0.0
KENAI;202503060100;16.6;69.8;823.1;0.6;3.7;17;0.0
KENAI;202503060110;16.5;71.3;823.2;2.1;4.6;10;0.0
KENAI;202503060120;16.3;74.3;823.3;1.0;3.4;62;0.0
KENAI;202503060130;16.5;78.0;823.4;1.4;3.9;42;0.0
KENAI;202503060140;16.3;79.7;823.4;0.7;3.8;24;0.0
