909
VRXZ07 LSSW 031258
Station/Location;Date;tre200s0;uor200s0;prestas0;fkl010z0;fkl010z1;dkl010z0;rre150z0
KENAI;202412031100;23.6;54.4;821.8;2.8;5.4;61;0.0
KENAI;202412031110;23.5;56.1;821.7;2.1;6.0;28;0.0
KENAI;202412031120;23.5;57.1;821.5;1.7;3.9;86;0.0
KENAI;202412031130;24.1;55.8;821.4;2.3;6.0;80;0.0
KENAI;202412031140;23.9;54.4;821.5;2.0;5.7;43;0.0
KENAI;202412031150;-;-;-;-;5.2;-;-
KENAI;202412031200;23.8;54.8;821.1;3.8;6.1;83;0.0
KENAI;202412031210;22.9;58.6;821.0;2.3;4.9;102;0.0
KENAI;202412031220;24.3;57.4;821.0;2.5;5.2;57;0.0
KENAI;202412031230;-;-;-;-;4.8;-;-
KENAI;202412031240;23.5;55.5;820.8;2.4;4.7;44;0.0
KENAI;202412031250;24.5;53.5;820.9;4.2;5.9;65;0.0
