258
VRXZ07 LSSW 151138
Station/Location;Date;tre200s0;uor200s0;prestas0;fkl010z0;fkl010z1;dkl010z0;rre150z0
KENAI;202508150940;-;60.3;825.5;1.9;5.5;61;0.0
KENAI;202508150950;-;57.0;825.5;3.3;3.9;16;0.0
KENAI;202508151000;-;59.1;825.3;3.1;4.4;22;0.0
KENAI;202508151010;21.1;61.2;825.1;2.1;3.9;94;0.0
KENAI;202508151020;21.6;56.4;825.0;1.2;3.9;104;0.0
KENAI;202508151030;-;58.4;824.8;3.8;4.4;357;0.0
KENAI;202508151040;21.6;56.5;824.7;0.5;4.2;329;0.0
KENAI;202508151050;-;56.4;824.6;1.3;4.1;153;0.0
KENAI;202508151100;21.5;55.5;824.4;0.7;4.2;134;0.0
KENAI;202508151110;21.9;54.7;824.3;2.5;3.8;124;0.0
KENAI;202508151120;23.4;55.2;824.1;3.6;6.3;87;0.0
KENAI;202508151130;22.5;53.4;824.0;1.0;3.8;89;0.0
