899
VRXZ07 LSSW 160028
Station/Location;Date;tre200s0;uor200s0;prestas0;fkl010z0;fkl010z1;dkl010z0;rre150z0
KENAI;202504152230;16.6;91.1;824.9;1.0;3.4;18;0.0
KENAI;202504152240;16.6;91.5;825.0;0.9;2.5;23;0.0
KENAI;202504152250;16.9;91.0;824.8;0.9;2.2;15;0.0
KENAI;202504152300;17.0;90.3;824.6;0.4;1.9;17;0.0
KENAI;202504152310;17.0;89.7;824.4;0.0;1.9;0;0.0
KENAI;202504152320;17.1;88.6;824.2;0.9;3.1;339;0.0
KENAI;202504152330;17.2;88.3;824.0;0.9;2.2;321;0.0
KENAI;202504152340;17.1;88.4;823.9;0.8;2.2;22;0.0
KENAI;202504152350;17.1;88.8;824.0;0.8;2.7;30;0.0
KENAI;202504160000;17.0;89.0;823.9;0.9;2.3;48;0.0
KENAI;202504160010;17.0;89.4;823.9;1.1;2.9;11;0.0
KENAI;202504160020;17.0;89.0;823.9;1.2;2.4;38;0.0
