574
VRXZ07 LSSW 302018
Station/Location;Date;tre200s0;uor200s0;prestas0;fkl010z0;fkl010z1;dkl010z0;rre150z0
KENAI;202411301820;17.9;83.3;825.7;0.4;0.6;152;0.0
KENAI;202411301830;17.7;85.2;825.8;0.0;0.6;0;0.0
KENAI;202411301840;17.8;85.2;825.9;0.0;0.8;0;0.0
KENAI;202411301850;17.9;83.7;825.8;0.6;1.0;271;0.0
KENAI;202411301900;18.0;82.4;825.6;0.6;0.9;351;0.0
KENAI;202411301910;18.0;82.6;825.5;0.8;1.2;353;0.0
KENAI;202411301920;17.9;83.1;825.7;0.0;1.1;0;0.0
KENAI;202411301930;17.4;85.8;825.5;0.0;0.4;0;0.0
KENAI;202411301940;17.4;85.2;825.4;0.3;0.7;219;0.0
KENAI;202411301950;17.1;87.3;825.4;0.5;0.6;171;0.0
KENAI;202411302000;16.9;88.8;825.4;0.6;0.7;227;0.0
KENAI;202411302010;16.7;89.7;825.4;0.6;0.8;210;0.0
