409
VRXZ07 LSSW 130308
Station/Location;Date;tre200s0;uor200s0;prestas0;fkl010z0;fkl010z1;dkl010z0;rre150z0
KENAI;202508130110;-;83.3;824.2;0.0;0.8;0;0.0
KENAI;202508130120;-;84.1;824.2;0.8;1.4;183;0.0
KENAI;202508130130;-;83.8;824.3;0.4;1.1;159;0.0
KENAI;202508130140;-;84.2;824.3;0.0;0.8;0;0.0
KENAI;202508130150;-;83.2;824.4;0.8;1.5;132;0.0
KENAI;202508130200;-;83.5;824.5;0.4;1.3;188;0.0
KENAI;202508130210;-;83.8;824.5;0.4;1.2;183;0.0
KENAI;202508130220;-;84.2;824.4;0.9;1.5;216;0.0
KENAI;202508130230;-;84.8;824.4;0.7;1.2;204;0.0
KENAI;202508130240;-;85.2;824.4;0.5;1.1;225;0.0
KENAI;202508130250;-;85.7;824.5;0.5;1.2;195;0.0
KENAI;202508130300;-;85.8;824.6;0.5;1.3;191;0.0
