992
VRXZ07 LSSW 021308
Station/Location;Date;tre200s0;uor200s0;prestas0;fkl010z0;fkl010z1;dkl010z0;rre150z0
KENAI;202506021110;-;57.9;825.2;1.0;4.1;85;0.0
KENAI;202506021120;-;57.3;825.0;0.0;3.3;0;0.0
KENAI;202506021130;-;54.7;824.9;1.0;3.3;101;0.0
KENAI;202506021140;-;53.7;824.7;0.9;2.4;30;0.0
KENAI;202506021150;-;55.9;824.6;1.0;4.0;71;0.0
KENAI;202506021200;-;53.9;824.4;0.7;2.5;227;0.0
KENAI;202506021210;24.2;54.4;824.4;1.1;5.5;140;0.0
KENAI;202506021220;-;54.5;824.3;3.4;5.4;80;0.0
KENAI;202506021230;-;55.6;824.3;1.9;4.7;45;0.0
KENAI;202506021240;22.6;57.2;824.3;0.5;3.2;61;0.0
KENAI;202506021250;-;55.6;824.4;1.6;4.2;105;0.0
KENAI;202506021300;23.5;53.8;824.2;1.3;3.0;143;0.0
