081
VRXZ07 LSSW 142248
Station/Location;Date;tre200s0;uor200s0;prestas0;fkl010z0;fkl010z1;dkl010z0;rre150z0
KENAI;202508142050;-;68.7;825.7;0.6;0.9;156;0.0
KENAI;202508142100;-;70.0;825.8;0.9;1.2;130;0.0
KENAI;202508142110;-;71.6;825.8;0.0;1.2;0;0.0
KENAI;202508142120;15.2;73.0;825.7;0.0;1.1;0;0.0
KENAI;202508142130;-;73.0;825.7;0.5;1.2;87;0.0
KENAI;202508142140;15.1;74.8;825.6;0.4;1.2;133;0.0
KENAI;202508142150;15.0;75.1;825.6;0.4;0.7;42;0.0
KENAI;202508142200;-;76.5;825.6;0.6;2.2;38;0.0
KENAI;202508142210;-;77.3;825.7;0.7;0.9;23;0.0
KENAI;202508142220;-;77.8;825.6;0.7;1.8;61;0.0
KENAI;202508142230;-;79.2;825.5;0.0;1.9;0;0.0
KENAI;202508142240;14.8;79.1;825.4;0.6;1.4;131;0.0
