885
VRXZ07 LSSW 290538
Station/Location;Date;tre200s0;uor200s0;prestas0;fkl010z0;fkl010z1;dkl010z0;rre150z0
KENAI;202504290340;-;93.9;822.4;0.6;1.2;143;0.0
KENAI;202504290350;-;94.1;822.5;0.4;1.5;196;0.0
KENAI;202504290400;-;93.7;822.6;0.3;1.4;59;0.0
KENAI;202504290410;-;93.1;822.7;0.4;0.6;248;0.0
KENAI;202504290420;17.4;91.8;822.8;0.8;1.0;171;0.0
KENAI;202504290430;-;91.3;822.9;0.8;1.2;198;0.0
KENAI;202504290440;17.7;90.6;823.0;0.6;1.5;114;0.0
KENAI;202504290450;17.8;88.7;823.0;0.5;1.8;137;0.0
KENAI;202504290500;18.1;87.8;823.2;0.4;2.5;150;0.0
KENAI;202504290510;18.3;88.2;823.2;0.4;1.5;138;0.0
KENAI;202504290520;18.5;86.3;823.3;0.8;1.9;130;0.0
KENAI;202504290530;18.5;85.4;823.5;0.5;2.2;166;0.0
