685
VRXZ07 LSSW 080918
Station/Location;Date;tre200s0;uor200s0;prestas0;fkl010z0;fkl010z1;dkl010z0;rre150z0
KENAI;202412080720;21.6;56.6;826.2;1.7;4.1;25;0.0
KENAI;202412080730;22.2;56.0;826.2;4.9;6.5;19;0.0
KENAI;202412080740;22.0;54.6;826.1;1.1;4.5;74;0.0
KENAI;202412080750;22.4;55.8;826.0;4.1;5.4;19;0.0
KENAI;202412080800;22.2;55.7;825.8;2.3;4.4;82;0.0
KENAI;202412080810;22.8;53.3;825.7;3.0;5.7;32;0.0
KENAI;202412080820;22.7;52.4;825.6;2.4;5.5;68;0.0
KENAI;202412080830;22.6;54.1;825.4;2.3;4.8;16;0.0
KENAI;202412080840;23.3;52.0;825.2;2.5;4.8;335;0.0
KENAI;202412080850;23.2;51.0;825.1;2.4;4.9;29;0.0
KENAI;202412080900;23.2;49.5;824.9;1.8;5.5;76;0.0
KENAI;202412080910;23.3;49.0;824.7;3.1;5.3;357;0.0
