565
VRXZ07 LSSW 152108
Station/Location;Date;tre200s0;uor200s0;prestas0;fkl010z0;fkl010z1;dkl010z0;rre150z0
KENAI;202504151910;18.2;85.3;825.0;2.1;2.8;45;0.0
KENAI;202504151920;18.3;85.5;825.1;1.2;3.1;40;0.0
KENAI;202504151930;18.2;85.4;825.1;1.4;3.2;56;0.0
KENAI;202504151940;18.0;85.8;825.0;0.9;2.0;58;0.0
KENAI;202504151950;17.8;88.2;825.0;0.8;2.2;42;0.0
KENAI;202504152000;17.7;88.8;824.9;1.9;3.0;31;0.0
KENAI;202504152010;17.5;89.8;824.9;0.5;2.9;27;0.0
KENAI;202504152020;17.4;90.4;824.9;2.1;3.7;336;0.0
KENAI;202504152030;17.2;90.9;824.9;0.9;2.5;15;0.0
KENAI;202504152040;17.1;90.4;825.1;0.9;2.6;37;0.0
KENAI;202504152050;17.1;89.9;825.1;0.6;2.7;358;0.0
KENAI;202504152100;17.0;89.7;825.2;0.6;3.2;347;0.0
