526
VRXZ07 LSSW 060148
Station/Location;Date;tre200s0;uor200s0;prestas0;fkl010z0;fkl010z1;dkl010z0;rre150z0
KENAI;202504052350;16.0;99.0;822.7;1.9;4.2;23;0.0
KENAI;202504060000;16.0;99.1;822.6;2.3;4.6;51;0.0
KENAI;202504060010;15.9;99.1;822.6;1.7;3.6;59;0.0
KENAI;202504060020;-;-;-;-;2.8;-;-
KENAI;202504060030;16.0;99.1;822.4;1.2;2.7;61;0.0
KENAI;202504060040;-;-;-;-;3.2;-;-
KENAI;202504060050;16.0;99.1;822.2;1.5;2.5;68;0.0
KENAI;202504060100;16.0;99.0;822.3;0.3;3.2;49;0.0
KENAI;202504060110;16.1;99.0;822.3;1.2;2.6;24;0.0
KENAI;202504060120;16.0;98.7;822.4;1.0;3.1;63;0.0
KENAI;202504060130;16.1;98.6;822.6;0.9;2.5;75;0.0
KENAI;202504060140;16.0;98.3;822.6;0.7;3.0;53;0.0
