290
VRXZ07 LSSW 091608
Station/Location;Date;tre200s0;uor200s0;prestas0;fkl010z0;fkl010z1;dkl010z0;rre150z0
KENAI;202506091410;20.8;68.0;825.5;3.1;5.6;126;0.0
KENAI;202506091420;19.9;71.6;825.6;2.1;8.1;130;0.0
KENAI;202506091430;-;72.9;825.8;1.4;4.3;175;0.0
KENAI;202506091440;19.8;72.3;826.0;3.6;5.0;125;0.0
KENAI;202506091450;-;74.3;826.1;3.4;6.3;124;0.0
KENAI;202506091500;-;76.6;826.1;3.0;5.7;125;0.0
KENAI;202506091510;18.6;78.4;826.1;1.9;4.6;160;0.0
KENAI;202506091520;-;79.6;826.1;1.2;3.6;125;0.0
KENAI;202506091530;18.3;80.5;826.1;2.6;3.6;153;0.0
KENAI;202506091540;-;81.9;826.3;1.2;3.6;171;0.0
KENAI;202506091550;-;82.9;826.2;1.4;3.1;166;0.0
KENAI;202506091600;-;83.3;826.3;1.2;2.8;148;0.0
