685
VRXZ07 LSSW 180528
Station/Location;Date;tre200s0;uor200s0;prestas0;fkl010z0;fkl010z1;dkl010z0;rre150z0
KENAI;202502180330;14.7;78.8;823.2;0.4;1.2;306;0.0
KENAI;202502180340;14.4;80.0;823.3;0.4;1.1;312;0.0
KENAI;202502180350;14.6;79.3;823.5;0.0;1.1;0;0.0
KENAI;202502180400;14.9;78.4;823.6;0.5;0.9;349;0.0
KENAI;202502180410;15.6;76.3;823.8;0.7;1.7;311;0.0
KENAI;202502180420;15.8;75.5;823.8;0.5;1.7;21;0.0
KENAI;202502180430;16.8;72.8;823.8;1.2;2.1;39;0.0
KENAI;202502180440;17.6;70.8;823.9;1.9;3.1;20;0.0
KENAI;202502180450;18.0;69.5;824.0;0.9;2.7;0;0.0
KENAI;202502180500;18.4;68.7;824.1;0.8;3.5;62;0.0
KENAI;202502180510;18.8;66.0;824.2;1.3;3.7;32;0.0
KENAI;202502180520;19.1;65.2;824.2;2.0;4.4;57;0.0
