017
VRXZ07 LSSW 010958
Station/Location;Date;tre200s0;uor200s0;prestas0;fkl010z0;fkl010z1;dkl010z0;rre150z0
KENAI;202503010800;24.7;51.7;824.4;3.9;5.1;75;0.0
KENAI;202503010810;24.9;47.6;824.4;1.5;6.5;2;0.0
KENAI;202503010820;24.9;43.6;824.1;4.2;6.6;101;0.0
KENAI;202503010830;25.4;40.3;824.1;3.8;6.5;60;0.0
KENAI;202503010840;26.1;40.8;824.0;2.8;6.8;94;0.0
KENAI;202503010850;26.5;37.3;823.9;2.4;6.3;36;0.0
KENAI;202503010900;27.1;36.8;823.8;2.4;6.0;9;0.0
KENAI;202503010910;26.8;36.8;823.7;4.2;7.4;19;0.0
KENAI;202503010920;26.5;37.1;823.6;3.9;6.7;6;0.0
KENAI;202503010930;27.2;36.1;823.6;2.2;8.3;59;0.0
KENAI;202503010940;27.0;35.9;823.4;2.6;6.8;76;0.0
KENAI;202503010950;27.3;34.9;823.2;1.3;7.1;110;0.0
