870
VRXZ07 LSSW 160228
Station/Location;Date;tre200s0;uor200s0;prestas0;fkl010z0;fkl010z1;dkl010z0;rre150z0
KENAI;202507160030;-;85.2;825.2;0.3;0.9;162;0.0
KENAI;202507160040;-;86.1;825.2;0.5;0.7;241;0.0
KENAI;202507160050;-;87.1;825.2;0.4;0.6;58;0.0
KENAI;202507160100;-;88.7;825.2;0.3;0.7;45;0.0
KENAI;202507160110;-;88.7;825.2;0.6;1.0;129;0.0
KENAI;202507160120;-;89.0;825.3;0.6;1.4;170;0.0
KENAI;202507160130;-;88.6;825.3;1.0;1.4;174;0.0
KENAI;202507160140;-;88.7;825.2;0.4;1.4;154;0.0
KENAI;202507160150;-;89.4;825.3;0.5;1.9;175;0.0
KENAI;202507160200;13.6;90.0;825.3;0.8;2.3;131;0.0
KENAI;202507160210;-;90.2;825.3;0.8;1.5;161;0.0
KENAI;202507160220;-;90.5;825.5;0.5;1.1;104;0.0
