344
VRXZ07 LSSW 061538
Station/Location;Date;tre200s0;uor200s0;prestas0;fkl010z0;fkl010z1;dkl010z0;rre150z0
KENAI;202504061340;20.2;-;821.3;3.4;8.5;-;0.0
KENAI;202504061350;19.9;81.1;821.6;2.2;6.8;17;0.0
KENAI;202504061400;19.8;80.2;821.6;1.1;5.8;21;0.0
KENAI;202504061410;19.5;81.8;821.9;2.1;6.9;7;0.0
KENAI;202504061420;19.5;80.7;822.0;3.9;5.4;39;0.0
KENAI;202504061430;19.2;81.6;822.0;2.3;5.9;44;0.0
KENAI;202504061440;19.3;82.1;822.0;1.7;4.4;38;0.0
KENAI;202504061450;19.2;82.9;822.2;1.4;4.3;39;0.0
KENAI;202504061500;19.3;84.1;822.3;1.3;2.9;60;0.0
KENAI;202504061510;19.2;82.9;822.3;1.7;4.7;28;0.0
KENAI;202504061520;19.1;83.7;822.6;2.6;4.5;7;0.0
KENAI;202504061530;19.0;85.1;822.6;2.2;4.0;64;0.0
