626
VRXZ07 LSSW 270858
Station/Location;Date;tre200s0;uor200s0;prestas0;fkl010z0;fkl010z1;dkl010z0;rre150z0
KENAI;202504270700;22.2;67.5;825.3;1.2;3.6;91;0.0
KENAI;202504270710;-;65.8;825.3;1.6;4.9;114;0.0
KENAI;202504270720;21.4;65.5;825.1;0.7;2.9;164;0.0
KENAI;202504270730;-;66.6;825.1;1.3;3.4;101;0.0
KENAI;202504270740;22.6;64.4;825.0;3.1;4.8;78;0.0
KENAI;202504270750;-;59.5;825.0;2.8;4.4;143;0.0
KENAI;202504270800;-;62.2;825.0;1.3;4.8;144;0.0
KENAI;202504270810;-;64.2;825.1;1.7;5.4;113;0.0
KENAI;202504270820;21.6;62.2;824.9;1.1;4.6;148;0.0
KENAI;202504270830;22.4;56.4;824.8;2.8;4.8;141;0.0
KENAI;202504270840;22.6;54.7;824.8;2.6;4.5;129;0.0
KENAI;202504270850;22.6;54.0;824.6;2.4;4.4;135;0.0
