792
VRXZ07 LSSW 241118
Station/Location;Date;tre200s0;uor200s0;prestas0;fkl010z0;fkl010z1;dkl010z0;rre150z0
KENAI;202502240920;25.5;38.1;824.8;4.2;7.8;69;0.0
KENAI;202502240930;25.3;38.4;824.5;0.9;7.9;18;0.0
KENAI;202502240940;25.9;32.2;824.4;3.0;8.4;35;0.0
KENAI;202502240950;25.9;34.5;824.4;3.3;6.7;15;0.0
KENAI;202502241000;25.9;35.5;824.1;3.5;7.5;105;0.0
KENAI;202502241010;26.2;34.9;823.9;6.3;7.5;51;0.0
KENAI;202502241020;26.3;32.8;823.7;3.3;7.9;107;0.0
KENAI;202502241030;26.3;31.4;823.6;2.0;7.1;26;0.0
KENAI;202502241040;26.5;29.7;823.4;6.1;8.5;81;0.0
KENAI;202502241050;26.0;34.6;823.2;2.7;7.4;69;0.0
KENAI;202502241100;26.4;35.2;823.0;3.9;6.5;44;0.0
KENAI;202502241110;26.5;34.4;822.8;3.4;7.7;76;0.0
