590
VRXZ07 LSSW 052158
Station/Location;Date;tre200s0;uor200s0;prestas0;fkl010z0;fkl010z1;dkl010z0;rre150z0
KENAI;202412052000;17.1;81.5;824.2;1.1;3.9;35;0.0
KENAI;202412052010;17.3;81.4;824.2;3.2;4.1;59;0.0
KENAI;202412052020;17.4;81.1;824.2;0.8;3.7;22;0.0
KENAI;202412052030;17.3;81.6;824.3;2.4;3.9;20;0.0
KENAI;202412052040;17.2;82.1;824.3;1.0;4.9;56;0.0
KENAI;202412052050;17.3;82.1;824.2;2.0;6.1;21;0.0
KENAI;202412052100;17.3;82.4;824.2;2.4;3.8;46;0.0
KENAI;202412052110;17.3;82.7;824.3;1.7;4.1;13;0.0
KENAI;202412052120;17.3;82.9;824.2;2.0;3.8;17;0.0
KENAI;202412052130;17.2;83.4;824.1;2.2;3.2;8;0.0
KENAI;202412052140;17.2;83.7;824.1;0.7;3.6;346;0.0
KENAI;202412052150;17.2;83.7;824.1;2.5;4.6;13;0.0
