061
VRXZ07 LSSW 311048
Station/Location;Date;tre200s0;uor200s0;prestas0;fkl010z0;fkl010z1;dkl010z0;rre150z0
KENAI;202507310850;18.6;63.6;828.7;2.1;2.7;172;0.0
KENAI;202507310900;-;63.2;828.6;0.8;3.6;133;0.0
KENAI;202507310910;-;61.4;828.5;0.4;3.1;175;0.0
KENAI;202507310920;19.4;58.5;828.4;1.2;3.5;127;0.0
KENAI;202507310930;19.3;59.3;828.3;0.0;3.4;0;0.0
KENAI;202507310940;-;65.7;828.1;0.7;2.7;144;0.0
KENAI;202507310950;21.6;52.3;827.9;2.3;4.1;23;0.0
KENAI;202507311000;20.9;51.4;827.8;1.1;3.8;166;0.0
KENAI;202507311010;-;52.3;827.5;0.9;4.9;352;0.0
KENAI;202507311020;20.8;51.9;827.4;1.8;6.3;150;0.0
KENAI;202507311030;21.3;52.8;827.2;1.4;3.9;134;0.0
KENAI;202507311040;20.8;51.4;827.1;1.2;4.6;192;0.0
