638
VRXZ07 LSSW 092128
Station/Location;Date;tre200s0;uor200s0;prestas0;fkl010z0;fkl010z1;dkl010z0;rre150z0
KENAI;202505091930;18.5;86.4;826.1;0.7;0.8;215;0.0
KENAI;202505091940;-;86.3;825.9;0.8;1.0;171;0.0
KENAI;202505091950;-;87.3;825.9;0.0;1.9;0;0.0
KENAI;202505092000;18.3;87.6;825.8;0.5;2.2;126;0.0
KENAI;202505092010;-;88.5;825.8;0.7;2.7;154;0.0
KENAI;202505092020;-;89.4;825.7;1.0;1.9;172;0.0
KENAI;202505092030;17.9;89.9;825.8;0.6;1.7;160;0.0
KENAI;202505092040;17.8;89.9;825.7;0.9;1.5;162;0.0
KENAI;202505092050;-;90.9;825.7;0.6;2.0;164;0.0
KENAI;202505092100;17.5;91.8;825.7;0.5;1.3;203;0.0
KENAI;202505092110;17.6;92.2;825.5;0.6;1.3;164;0.0
KENAI;202505092120;17.6;92.3;825.4;0.7;1.4;102;0.0
