498
VRXZ07 LSSW 251538
Station/Location;Date;tre200s0;uor200s0;prestas0;fkl010z0;fkl010z1;dkl010z0;rre150z0
KENAI;202503251340;25.0;54.1;821.2;1.3;5.3;14;0.0
KENAI;202503251350;24.7;54.3;821.4;2.7;5.8;44;0.0
KENAI;202503251400;24.4;56.2;821.5;1.0;4.6;36;0.0
KENAI;202503251410;24.7;55.9;821.5;2.2;5.2;45;0.0
KENAI;202503251420;24.4;56.2;821.5;2.0;5.1;81;0.0
KENAI;202503251430;24.0;55.7;821.6;1.2;4.1;24;0.0
KENAI;202503251440;24.2;54.5;821.6;1.0;5.2;44;0.0
KENAI;202503251450;24.1;54.3;821.7;2.7;5.6;55;0.0
KENAI;202503251500;23.6;55.8;821.9;2.6;4.8;42;0.0
KENAI;202503251510;23.4;57.5;822.2;2.8;5.3;58;0.0
KENAI;202503251520;22.4;66.8;822.5;1.2;5.0;76;0.0
KENAI;202503251530;21.8;70.3;822.8;2.7;5.5;54;0.0
