695
VRXZ07 LSSW 051918
Station/Location;Date;tre200s0;uor200s0;prestas0;fkl010z0;fkl010z1;dkl010z0;rre150z0
KENAI;202412051720;19.1;65.4;823.7;1.2;4.4;37;0.0
KENAI;202412051730;18.9;67.7;823.8;1.0;5.7;5;0.0
KENAI;202412051740;18.6;70.0;823.9;1.2;3.8;25;0.0
KENAI;202412051750;18.5;71.7;824.1;3.0;3.5;13;0.0
KENAI;202412051800;18.3;73.7;824.2;2.0;4.6;18;0.0
KENAI;202412051810;18.2;75.4;824.4;1.5;5.1;9;0.0
KENAI;202412051820;18.0;76.6;824.4;2.5;4.0;17;0.0
KENAI;202412051830;17.9;77.6;824.4;2.2;4.1;348;0.0
KENAI;202412051840;17.7;78.7;824.3;1.8;3.7;21;0.0
KENAI;202412051850;17.6;78.9;824.5;1.9;4.2;23;0.0
KENAI;202412051900;17.5;79.2;824.5;2.4;5.2;31;0.0
KENAI;202412051910;17.4;79.7;824.5;1.5;3.1;7;0.0
