583
VRXZ07 LSSW 060058
Station/Location;Date;tre200s0;uor200s0;prestas0;fkl010z0;fkl010z1;dkl010z0;rre150z0
KENAI;202412052300;16.6;87.0;823.5;2.1;3.5;45;0.0
KENAI;202412052310;16.5;87.6;823.5;1.0;3.6;43;0.0
KENAI;202412052320;16.6;87.8;823.4;1.2;2.9;29;0.0
KENAI;202412052330;16.7;87.6;823.4;2.0;2.2;11;0.0
KENAI;202412052340;16.8;87.3;823.3;0.8;4.2;94;0.0
KENAI;202412052350;16.8;87.7;823.3;1.2;4.0;56;0.0
KENAI;202412060000;16.9;87.5;823.3;2.3;3.5;5;0.0
KENAI;202412060010;16.8;87.4;823.2;1.7;3.4;32;0.0
KENAI;202412060020;16.8;87.7;823.3;1.6;3.1;24;0.0
KENAI;202412060030;16.8;87.7;823.3;0.7;3.5;356;0.0
KENAI;202412060040;16.7;88.2;823.3;1.9;3.5;59;0.0
KENAI;202412060050;16.7;88.7;823.4;0.8;3.4;4;0.0
