718
VRXZ07 LSSW 130138
Station/Location;Date;tre200s0;uor200s0;prestas0;fkl010z0;fkl010z1;dkl010z0;rre150z0
KENAI;202503122340;18.0;89.6;822.5;0.5;2.5;28;0.0
KENAI;202503122350;18.1;89.3;822.4;1.7;3.0;57;0.0
KENAI;202503130000;18.1;89.2;822.5;1.4;3.2;58;0.0
KENAI;202503130010;18.1;88.9;822.5;1.2;2.2;5;0.0
KENAI;202503130020;18.1;89.1;822.5;1.3;3.8;46;0.0
KENAI;202503130030;18.1;88.9;822.6;1.5;3.5;38;0.0
KENAI;202503130040;18.2;89.2;822.5;1.4;2.2;65;0.0
KENAI;202503130050;18.1;88.9;822.6;1.1;3.1;42;0.0
KENAI;202503130100;18.1;89.1;822.5;0.7;2.4;50;0.0
KENAI;202503130110;18.0;89.5;822.5;1.6;3.5;354;0.0
KENAI;202503130120;18.0;90.1;822.4;0.8;3.0;32;0.0
KENAI;202503130130;17.8;90.1;822.5;0.6;3.1;29;0.0
