704
VRXZ07 LSSW 301558
Station/Location;Date;tre200s0;uor200s0;prestas0;fkl010z0;fkl010z1;dkl010z0;rre150z0
KENAI;202503301400;23.9;59.0;820.8;2.4;7.1;25;0.0
KENAI;202503301410;23.0;63.2;820.8;2.4;8.6;16;0.0
KENAI;202503301420;22.4;66.9;820.9;1.9;5.6;60;0.0
KENAI;202503301430;22.1;67.2;820.9;2.0;4.7;104;0.0
KENAI;202503301440;22.3;67.0;820.9;1.1;4.2;58;0.0
KENAI;202503301450;22.5;65.1;821.0;1.6;5.0;116;0.0
KENAI;202503301500;21.9;67.9;821.0;2.1;3.7;76;0.0
KENAI;202503301510;21.5;69.6;821.0;1.0;5.5;71;0.0
KENAI;202503301520;21.3;69.9;821.1;1.7;6.3;62;0.0
KENAI;202503301530;21.1;69.7;821.1;2.9;6.2;38;0.0
KENAI;202503301540;20.7;72.1;821.4;2.3;5.6;76;0.0
KENAI;202503301550;20.4;74.8;821.6;1.0;6.1;4;0.0
