385
VRXZ07 LSSW 170748
Station/Location;Date;tre200s0;uor200s0;prestas0;fkl010z0;fkl010z1;dkl010z0;rre150z0
KENAI;202411170550;19.4;78.8;824.7;2.2;4.3;11;0.0
KENAI;202411170600;20.0;77.0;824.7;3.0;5.1;17;0.0
KENAI;202411170610;19.3;76.4;824.7;1.1;5.6;56;0.0
KENAI;202411170620;19.3;76.6;824.7;2.9;6.0;44;0.0
KENAI;202411170630;19.7;79.2;824.7;2.4;5.4;61;0.0
KENAI;202411170640;20.2;76.8;824.7;1.4;4.5;81;0.0
KENAI;202411170650;20.6;73.7;824.7;1.4;4.2;359;0.0
KENAI;202411170700;20.9;71.6;824.6;1.4;4.8;25;0.0
KENAI;202411170710;20.7;73.0;824.5;1.9;5.2;320;0.0
KENAI;202411170720;20.6;74.1;824.5;2.0;4.3;19;0.0
KENAI;202411170730;-;-;-;-;5.3;-;-
KENAI;202411170740;21.7;69.8;824.5;3.4;6.4;53;0.0
