251
VRXZ07 LSSW 010048
Station/Location;Date;tre200s0;uor200s0;prestas0;fkl010z0;fkl010z1;dkl010z0;rre150z0
KENAI;202506302250;13.2;84.4;826.2;0.6;1.5;192;0.0
KENAI;202506302300;-;84.7;826.2;0.4;2.0;229;0.0
KENAI;202506302310;-;85.0;826.2;0.6;1.4;160;0.0
KENAI;202506302320;13.5;86.7;826.1;0.5;2.9;142;0.0
KENAI;202506302330;-;87.3;826.3;0.0;2.6;0;0.0
KENAI;202506302340;13.5;87.7;826.2;1.8;2.4;103;0.0
KENAI;202506302350;-;88.5;826.1;0.8;3.1;140;0.0
KENAI;202507010000;-;88.5;826.2;0.6;2.0;157;0.0
KENAI;202507010010;-;88.8;826.2;3.2;3.7;137;0.0
KENAI;202507010020;-;89.4;826.3;1.7;3.8;124;0.0
KENAI;202507010030;-;89.8;826.3;1.9;3.9;138;0.0
KENAI;202507010040;-;90.0;826.3;2.4;3.3;139;0.0
