865
VRXZ07 LSSW 141018
Station/Location;Date;tre200s0;uor200s0;prestas0;fkl010z0;fkl010z1;dkl010z0;rre150z0
KENAI;202503140820;25.9;38.7;823.2;2.6;5.2;27;0.0
KENAI;202503140830;25.9;37.4;823.0;2.3;5.7;61;0.0
KENAI;202503140840;26.2;37.0;822.9;2.0;5.2;310;0.0
KENAI;202503140850;27.1;32.1;822.8;1.7;6.7;42;0.0
KENAI;202503140900;27.3;31.7;822.6;2.1;6.1;9;0.0
KENAI;202503140910;27.4;34.1;822.5;3.6;5.5;11;0.0
KENAI;202503140920;27.3;32.3;822.3;2.1;6.6;44;0.0
KENAI;202503140930;28.0;31.2;822.1;3.3;5.8;46;0.0
KENAI;202503140940;27.5;27.9;822.1;1.2;6.2;56;0.0
KENAI;202503140950;28.4;32.4;821.8;0.6;5.1;341;0.0
KENAI;202503141000;28.2;32.1;821.6;2.1;5.9;50;0.0
KENAI;202503141010;28.2;33.6;821.5;1.4;4.5;107;0.0
