652
VRXZ07 LSSW 150458
Station/Location;Date;tre200s0;uor200s0;prestas0;fkl010z0;fkl010z1;dkl010z0;rre150z0
KENAI;202507150300;-;89.5;826.8;0.6;1.0;122;0.0
KENAI;202507150310;-;89.0;826.9;0.5;1.8;149;0.0
KENAI;202507150320;-;88.4;827.0;0.7;1.0;129;0.0
KENAI;202507150330;-;88.7;827.0;0.7;1.2;141;0.0
KENAI;202507150340;-;89.0;827.2;0.7;1.2;171;0.0
KENAI;202507150350;-;88.8;827.2;0.7;1.0;218;0.0
KENAI;202507150400;-;88.8;827.3;1.5;2.1;134;0.0
KENAI;202507150410;-;88.6;827.4;1.2;1.7;173;0.0
KENAI;202507150420;-;88.6;827.5;0.9;2.1;172;0.0
KENAI;202507150430;-;88.0;827.6;0.8;2.1;124;0.0
KENAI;202507150440;-;87.7;827.4;1.0;2.6;191;0.0
KENAI;202507150450;-;86.9;827.7;1.7;2.4;173;0.0
