068
VRXZ07 LSSW 130548
Station/Location;Date;tre200s0;uor200s0;prestas0;fkl010z0;fkl010z1;dkl010z0;rre150z0
KENAI;202503130350;17.8;89.7;823.6;0.8;2.7;55;0.0
KENAI;202503130400;17.8;89.5;823.7;1.0;2.4;51;0.0
KENAI;202503130410;18.0;88.9;823.7;2.1;2.9;62;0.0
KENAI;202503130420;17.9;88.9;823.9;1.8;3.2;2;0.0
KENAI;202503130430;18.0;89.2;824.1;0.9;2.5;30;0.0
KENAI;202503130440;18.0;89.1;824.2;2.2;2.7;62;0.0
KENAI;202503130450;18.2;89.0;824.4;1.9;2.9;50;0.0
KENAI;202503130500;18.2;87.4;824.6;1.7;3.2;39;0.0
KENAI;202503130510;18.4;86.9;824.7;1.0;3.5;33;0.0
KENAI;202503130520;18.6;85.7;824.7;2.0;2.9;16;0.0
KENAI;202503130530;18.6;84.5;824.9;0.9;3.3;56;0.0
KENAI;202503130540;18.7;84.8;825.0;1.7;4.6;343;0.0
