937
VRXZ07 LSSW 171258
Station/Location;Date;tre200s0;uor200s0;prestas0;fkl010z0;fkl010z1;dkl010z0;rre150z0
KENAI;202504171100;26.1;45.3;823.1;1.9;5.1;140;0.0
KENAI;202504171110;26.5;38.7;822.9;1.3;3.2;335;0.0
KENAI;202504171120;26.1;43.2;822.8;1.7;4.6;191;0.0
KENAI;202504171130;26.2;44.6;822.5;1.3;3.9;173;0.0
KENAI;202504171140;26.4;44.1;822.5;2.7;4.7;90;0.0
KENAI;202504171150;26.2;45.1;822.3;1.5;4.8;172;0.0
KENAI;202504171200;26.4;45.5;822.1;3.0;4.4;109;0.0
KENAI;202504171210;26.2;44.0;822.1;2.1;4.7;67;0.0
KENAI;202504171220;-;-;-;-;3.4;-;-
KENAI;202504171230;26.8;45.8;822.0;2.0;5.3;172;0.0
KENAI;202504171240;25.0;47.1;821.9;1.3;4.1;164;0.0
KENAI;202504171250;26.2;46.0;821.8;1.0;2.6;166;0.0
