855
VRXZ07 LSSW 240758
Station/Location;Date;tre200s0;uor200s0;prestas0;fkl010z0;fkl010z1;dkl010z0;rre150z0
KENAI;202411240600;19.9;79.9;825.8;1.3;5.8;30;0.0
KENAI;202411240610;19.8;82.6;825.7;1.6;4.6;334;0.0
KENAI;202411240620;20.3;77.5;825.8;2.7;4.8;13;0.0
KENAI;202411240630;19.7;78.1;825.8;3.3;4.5;58;0.0
KENAI;202411240640;21.0;72.1;825.7;3.4;5.5;73;0.0
KENAI;202411240650;20.2;75.3;825.7;2.7;5.5;60;0.0
KENAI;202411240700;21.0;74.8;825.6;1.7;5.2;64;0.0
KENAI;202411240710;20.6;77.3;825.6;2.5;3.6;64;0.0
KENAI;202411240720;20.5;77.6;825.4;0.8;3.5;31;0.0
KENAI;202411240730;21.0;74.2;825.2;2.7;4.6;4;0.0
KENAI;202411240740;21.2;74.2;825.3;2.8;4.7;67;0.0
KENAI;202411240750;21.8;69.4;825.2;2.5;4.1;20;0.0
