779
VRXZ07 LSSW 251318
Station/Location;Date;tre200s0;uor200s0;prestas0;fkl010z0;fkl010z1;dkl010z0;rre150z0
KENAI;202411251120;15.5;98.2;822.4;0.0;1.6;0;0.2
KENAI;202411251130;15.7;98.1;822.3;0.9;1.2;9;0.2
KENAI;202411251140;15.9;98.3;822.4;0.0;1.6;0;0.1
KENAI;202411251150;16.0;98.0;822.4;0.3;0.8;118;0.0
KENAI;202411251200;15.8;96.9;822.3;0.7;1.2;11;0.1
KENAI;202411251210;15.8;96.7;822.0;1.3;1.5;4;0.3
KENAI;202411251220;16.4;97.5;821.9;0.5;1.5;37;0.1
KENAI;202411251230;16.6;96.9;821.8;0.7;2.0;37;0.0
KENAI;202411251240;16.9;96.6;821.7;0.7;1.4;310;0.0
KENAI;202411251250;16.9;96.2;821.6;0.8;1.9;357;0.0
KENAI;202411251300;17.1;95.9;821.4;0.9;2.0;359;0.0
KENAI;202411251310;17.2;94.9;821.6;0.7;1.9;42;0.0
