764
VRXZ07 LSSW 091058
Station/Location;Date;tre200s0;uor200s0;prestas0;fkl010z0;fkl010z1;dkl010z0;rre150z0
KENAI;202505090900;23.8;62.2;825.1;2.9;4.1;186;0.0
KENAI;202505090910;22.2;68.0;825.0;1.4;4.1;222;0.0
KENAI;202505090920;22.8;63.1;824.9;2.3;3.9;252;0.0
KENAI;202505090930;23.4;61.7;824.6;1.5;4.2;174;0.0
KENAI;202505090940;-;60.0;824.5;2.3;3.5;192;0.0
KENAI;202505090950;23.3;62.0;824.3;1.7;3.9;207;0.0
KENAI;202505091000;-;-;-;-;3.7;-;-
KENAI;202505091010;23.3;62.8;824.0;2.2;4.6;202;0.0
KENAI;202505091020;23.0;62.9;823.9;2.3;3.9;173;0.0
KENAI;202505091030;-;-;-;-;3.6;-;-
KENAI;202505091040;23.3;62.5;823.7;1.5;3.2;163;0.0
KENAI;202505091050;24.3;59.2;823.5;0.7;3.5;67;0.0
