160
VRXZ07 LSSW 271948
Station/Location;Date;tre200s0;uor200s0;prestas0;fkl010z0;fkl010z1;dkl010z0;rre150z0
KENAI;202507271750;17.5;72.7;827.1;0.7;2.2;15;0.0
KENAI;202507271800;17.3;74.2;827.1;0.5;1.6;35;0.0
KENAI;202507271810;-;75.0;827.3;0.3;2.3;346;0.0
KENAI;202507271820;-;75.3;827.4;0.4;2.3;36;0.0
KENAI;202507271830;16.9;75.2;827.6;0.3;1.4;50;0.0
KENAI;202507271840;-;75.4;827.7;1.3;2.5;3;0.0
KENAI;202507271850;-;75.6;827.8;1.1;1.9;18;0.0
KENAI;202507271900;16.7;75.4;827.7;0.0;1.5;0;0.0
KENAI;202507271910;-;75.6;827.9;0.8;1.0;353;0.0
KENAI;202507271920;-;75.2;827.9;1.1;2.0;22;0.0
KENAI;202507271930;16.5;74.9;827.8;0.5;1.2;18;0.0
KENAI;202507271940;16.7;74.1;827.8;1.0;1.3;25;0.0
