391
VRXZ07 LSSW 010028
Station/Location;Date;tre200s0;uor200s0;prestas0;fkl010z0;fkl010z1;dkl010z0;rre150z0
KENAI;202503312230;17.5;90.8;822.7;1.4;3.2;82;0.0
KENAI;202503312240;17.5;91.1;822.7;1.4;3.7;62;0.0
KENAI;202503312250;17.5;91.5;822.6;2.1;3.9;60;0.0
KENAI;202503312300;17.6;91.6;822.5;1.4;3.9;76;0.0
KENAI;202503312310;17.5;92.0;822.3;0.4;3.9;36;0.0
KENAI;202503312320;17.4;92.2;822.2;2.5;3.7;52;0.0
KENAI;202503312330;17.4;92.7;822.2;1.2;4.5;42;0.0
KENAI;202503312340;17.4;92.9;822.1;1.4;3.4;59;0.0
KENAI;202503312350;17.3;93.1;822.1;2.1;3.1;22;0.0
KENAI;202504010000;17.2;93.0;821.9;1.0;4.9;84;0.0
KENAI;202504010010;17.3;93.3;821.9;0.8;3.2;49;0.0
KENAI;202504010020;17.2;93.1;821.9;1.3;4.9;34;0.0
