234
VRXZ07 LSSW 101648
Station/Location;Date;tre200s0;uor200s0;prestas0;fkl010z0;fkl010z1;dkl010z0;rre150z0
KENAI;202503101450;21.8;68.8;821.7;1.9;4.0;246;0.0
KENAI;202503101500;21.6;71.5;821.8;2.1;4.9;240;0.0
KENAI;202503101510;21.2;72.7;821.9;1.3;5.0;261;0.0
KENAI;202503101520;20.8;70.1;822.0;1.6;4.7;276;0.0
KENAI;202503101530;20.7;68.0;822.3;1.8;3.8;286;0.0
KENAI;202503101540;-;-;-;-;3.7;-;-
KENAI;202503101550;20.4;69.2;822.4;1.3;2.0;292;0.0
KENAI;202503101600;20.4;68.9;822.5;0.7;2.8;273;0.0
KENAI;202503101610;20.3;69.6;822.7;1.0;2.5;13;0.0
KENAI;202503101620;20.2;70.2;822.8;0.9;2.1;268;0.0
KENAI;202503101630;20.2;71.0;822.8;0.5;1.4;40;0.0
KENAI;202503101640;20.2;70.4;822.9;0.4;1.3;0;0.0
