831
VRXZ07 LSSW 160658
Station/Location;Date;tre200s0;uor200s0;prestas0;fkl010z0;fkl010z1;dkl010z0;rre150z0
KENAI;202504160500;18.8;79.9;825.6;1.0;2.0;37;0.0
KENAI;202504160510;19.2;78.9;825.5;0.5;2.2;111;0.0
KENAI;202504160520;19.4;76.7;825.8;2.3;3.0;61;0.0
KENAI;202504160530;19.5;76.0;825.8;1.6;3.1;2;0.0
KENAI;202504160540;19.7;74.8;825.9;1.0;3.5;62;0.0
KENAI;202504160550;19.7;74.5;826.0;2.0;3.2;50;0.0
KENAI;202504160600;19.7;75.8;826.0;1.1;2.4;68;0.0
KENAI;202504160610;19.9;75.4;826.1;2.1;2.7;5;0.0
KENAI;202504160620;20.0;73.3;826.2;1.4;2.6;24;0.0
KENAI;202504160630;20.2;75.3;826.3;0.8;2.5;86;0.0
KENAI;202504160640;-;-;-;-;3.9;-;-
KENAI;202504160650;-;-;-;-;3.9;-;-
