884
VRXZ07 LSSW 280608
Station/Location;Date;tre200s0;uor200s0;prestas0;fkl010z0;fkl010z1;dkl010z0;rre150z0
KENAI;202506280410;-;89.3;825.9;0.5;1.4;132;0.0
KENAI;202506280420;-;89.0;825.8;1.2;1.6;96;0.0
KENAI;202506280430;-;89.1;825.9;1.1;1.7;156;0.0
KENAI;202506280440;-;89.4;826.0;0.8;2.1;155;0.0
KENAI;202506280450;-;89.2;826.1;1.0;2.1;98;0.0
KENAI;202506280500;-;89.1;826.3;0.8;1.4;138;0.0
KENAI;202506280510;-;89.0;826.3;0.6;1.2;92;0.0
KENAI;202506280520;-;88.6;826.4;0.7;1.5;134;0.0
KENAI;202506280530;-;88.1;826.5;0.5;1.6;99;0.0
KENAI;202506280540;-;87.8;826.5;0.6;1.9;62;0.0
KENAI;202506280550;-;87.7;826.6;0.0;1.8;0;0.0
KENAI;202506280600;-;87.9;826.7;0.9;1.9;131;0.0
