747
VRXZ07 LSSW 052028
Station/Location;Date;tre200s0;uor200s0;prestas0;fkl010z0;fkl010z1;dkl010z0;rre150z0
KENAI;202502051830;19.2;64.5;822.5;1.4;4.2;59;0.0
KENAI;202502051840;19.3;63.6;822.5;1.2;2.9;356;0.0
KENAI;202502051850;19.2;63.7;822.6;1.0;3.3;27;0.0
KENAI;202502051900;19.1;64.2;822.8;1.4;3.1;353;0.0
KENAI;202502051910;19.0;64.9;822.9;0.0;2.4;0;0.0
KENAI;202502051920;18.8;65.6;822.9;1.2;2.4;9;0.0
KENAI;202502051930;18.7;65.9;822.9;0.5;2.8;69;0.0
KENAI;202502051940;18.7;66.0;823.0;1.4;2.9;19;0.0
KENAI;202502051950;18.6;66.5;823.3;0.9;2.4;27;0.0
KENAI;202502052000;18.8;65.6;823.2;1.4;2.5;7;0.0
KENAI;202502052010;18.8;65.3;823.4;1.6;2.2;14;0.0
KENAI;202502052020;18.8;64.7;823.3;1.6;3.9;345;0.0
