069
VRXZ07 LSSW 160958
Station/Location;Date;tre200s0;uor200s0;prestas0;fkl010z0;fkl010z1;dkl010z0;rre150z0
KENAI;202505160800;20.0;69.5;825.3;0.9;3.7;198;0.0
KENAI;202505160810;21.5;64.9;825.3;0.3;4.7;174;0.0
KENAI;202505160820;22.1;63.0;825.2;2.3;4.0;98;0.0
KENAI;202505160830;21.5;63.8;825.1;1.3;4.8;138;0.0
KENAI;202505160840;20.9;65.6;825.1;1.6;3.7;162;0.0
KENAI;202505160850;21.3;64.2;825.2;1.1;3.8;187;0.0
KENAI;202505160900;21.6;67.2;825.1;0.7;3.1;117;0.0
KENAI;202505160910;22.4;64.5;825.0;2.8;3.6;166;0.0
KENAI;202505160920;-;63.4;824.9;1.8;3.9;197;0.0
KENAI;202505160930;22.9;57.5;824.8;3.2;5.6;75;0.0
KENAI;202505160940;23.4;59.2;824.6;3.6;4.5;89;0.0
KENAI;202505160950;23.5;57.7;824.5;1.0;5.0;164;0.0
