708
VRXZ07 LSSW 020848
Station/Location;Date;tre200s0;uor200s0;prestas0;fkl010z0;fkl010z1;dkl010z0;rre150z0
KENAI;202504020650;21.9;67.5;824.5;3.3;5.0;60;0.0
KENAI;202504020700;21.2;69.1;824.5;1.3;4.1;354;0.0
KENAI;202504020710;21.0;71.4;824.4;1.9;4.9;347;0.0
KENAI;202504020720;22.1;66.4;824.4;1.4;3.9;39;0.0
KENAI;202504020730;22.4;65.1;824.5;2.3;4.4;6;0.0
KENAI;202504020740;23.0;63.6;824.5;1.3;5.0;49;0.0
KENAI;202504020750;-;-;-;-;4.7;-;-
KENAI;202504020800;23.0;59.6;824.5;2.8;4.1;35;0.0
KENAI;202504020810;22.8;62.7;824.4;1.9;5.1;357;0.0
KENAI;202504020820;-;-;-;-;4.3;-;-
KENAI;202504020830;23.7;58.6;824.2;2.5;4.2;1;0.0
KENAI;202504020840;23.6;58.7;824.1;1.3;5.5;99;0.0
