906
VRXZ07 LSSW 211728
Station/Location;Date;tre200s0;uor200s0;prestas0;fkl010z0;fkl010z1;dkl010z0;rre150z0
KENAI;202502211530;24.6;21.0;821.1;3.3;6.8;76;0.0
KENAI;202502211540;24.1;23.4;821.3;2.3;7.0;49;0.0
KENAI;202502211550;24.0;22.6;821.4;1.9;7.5;40;0.0
KENAI;202502211600;23.7;22.4;821.5;2.2;6.2;59;0.0
KENAI;202502211610;23.5;22.6;821.6;1.9;5.4;45;0.0
KENAI;202502211620;23.0;24.0;821.7;2.1;5.8;8;0.0
KENAI;202502211630;23.1;24.8;821.8;1.7;6.3;63;0.0
KENAI;202502211640;22.8;26.2;822.0;1.7;4.7;24;0.0
KENAI;202502211650;22.5;27.3;822.1;0.9;4.9;40;0.0
KENAI;202502211700;22.1;27.5;822.3;1.9;3.1;17;0.0
KENAI;202502211710;21.8;28.1;822.4;0.5;3.6;35;0.0
KENAI;202502211720;21.4;29.3;822.5;1.6;3.6;14;0.0
