830
VRXZ07 LSSW 300008
Station/Location;Date;tre200s0;uor200s0;prestas0;fkl010z0;fkl010z1;dkl010z0;rre150z0
KENAI;202503292210;17.3;97.9;823.1;1.4;3.1;96;0.2
KENAI;202503292220;17.2;97.7;823.1;1.6;4.8;102;0.3
KENAI;202503292230;17.2;97.7;823.0;1.6;4.4;77;0.1
KENAI;202503292240;17.2;97.8;823.0;0.4;2.2;86;0.0
KENAI;202503292250;17.3;97.8;823.1;0.8;3.0;78;0.0
KENAI;202503292300;17.3;97.9;823.0;1.4;3.1;70;0.0
KENAI;202503292310;17.2;97.9;822.9;0.9;2.6;80;0.0
KENAI;202503292320;17.2;97.9;822.6;1.4;2.7;69;0.0
KENAI;202503292330;17.3;-;822.5;1.4;2.6;-;0.0
KENAI;202503292340;17.3;97.9;822.4;1.2;2.5;59;0.0
KENAI;202503292350;17.3;97.8;822.2;0.7;1.7;76;0.0
KENAI;202503300000;17.3;98.0;822.2;1.4;1.7;15;0.0
