770
VRXZ07 LSSW 131448
Station/Location;Date;tre200s0;uor200s0;prestas0;fkl010z0;fkl010z1;dkl010z0;rre150z0
KENAI;202508131250;-;53.1;823.8;2.7;4.9;58;0.0
KENAI;202508131300;-;52.6;823.8;2.3;4.8;39;0.0
KENAI;202508131310;22.4;52.5;823.8;1.9;3.7;28;0.0
KENAI;202508131320;22.2;53.4;823.7;2.3;4.6;20;0.0
KENAI;202508131330;-;-;823.7;2.0;3.9;-;0.0
KENAI;202508131340;-;53.6;823.7;1.7;4.5;352;0.0
KENAI;202508131350;-;54.8;823.8;2.4;5.0;24;0.0
KENAI;202508131400;-;55.6;823.7;2.0;4.4;37;0.0
KENAI;202508131410;21.8;56.9;823.8;1.3;3.7;27;0.0
KENAI;202508131420;22.3;55.9;823.9;2.2;5.2;53;0.0
KENAI;202508131430;-;55.3;823.9;2.2;5.6;7;0.0
KENAI;202508131440;-;56.5;824.1;1.2;3.7;33;0.0
