995
VRXZ07 LSSW 240208
Station/Location;Date;tre200s0;uor200s0;prestas0;fkl010z0;fkl010z1;dkl010z0;rre150z0
KENAI;202502240010;15.6;79.9;824.2;0.0;0.9;0;0.0
KENAI;202502240020;15.3;80.1;824.0;0.0;0.6;0;0.0
KENAI;202502240030;15.5;79.8;824.0;0.5;1.6;330;0.0
KENAI;202502240040;15.7;78.9;823.9;0.4;1.3;329;0.0
KENAI;202502240050;15.5;79.2;823.9;0.6;1.4;8;0.0
KENAI;202502240100;15.5;79.1;823.8;0.7;1.2;349;0.0
KENAI;202502240110;15.6;78.1;823.8;0.6;1.1;16;0.0
KENAI;202502240120;15.1;80.4;823.8;0.0;0.6;0;0.0
KENAI;202502240130;14.5;81.8;824.0;0.3;0.5;206;0.0
KENAI;202502240140;14.4;82.5;823.9;0.0;0.6;0;0.0
KENAI;202502240150;14.9;78.9;823.9;0.4;1.1;347;0.0
KENAI;202502240200;15.0;77.0;824.0;0.0;0.8;0;0.0
