544
VRXZ07 LSSW 231628
Station/Location;Date;tre200s0;uor200s0;prestas0;fkl010z0;fkl010z1;dkl010z0;rre150z0
KENAI;202506231430;-;60.8;824.3;2.1;5.2;57;0.0
KENAI;202506231440;-;62.3;824.3;2.0;3.4;29;0.0
KENAI;202506231450;-;62.3;824.3;2.6;4.0;47;0.0
KENAI;202506231500;20.0;64.4;824.5;1.7;2.7;35;0.0
KENAI;202506231510;-;62.8;824.5;3.3;4.6;74;0.0
KENAI;202506231520;-;64.0;824.5;1.3;4.3;40;0.0
KENAI;202506231530;-;66.3;824.6;1.1;2.9;45;0.0
KENAI;202506231540;19.3;68.3;824.8;1.2;3.2;95;0.0
KENAI;202506231550;-;71.1;824.7;1.2;2.2;131;0.0
KENAI;202506231600;18.8;69.4;824.8;1.2;4.5;102;0.0
KENAI;202506231610;-;69.9;824.9;1.9;6.0;112;0.0
KENAI;202506231620;18.1;70.6;824.9;1.3;4.8;159;0.0
