943
VRXZ07 LSSW 101158
Station/Location;Date;tre200s0;uor200s0;prestas0;fkl010z0;fkl010z1;dkl010z0;rre150z0
KENAI;202508101000;21.0;61.0;825.2;1.1;2.9;61;0.0
KENAI;202508101010;20.6;60.0;825.1;1.2;3.4;179;0.0
KENAI;202508101020;21.6;58.7;824.9;1.5;3.1;116;0.0
KENAI;202508101030;21.3;58.0;824.8;1.7;3.3;285;0.0
KENAI;202508101040;22.6;56.3;824.7;1.0;2.8;315;0.0
KENAI;202508101050;22.3;55.2;824.5;0.6;2.4;54;0.0
KENAI;202508101100;22.7;53.7;824.4;1.9;4.0;15;0.0
KENAI;202508101110;-;55.9;824.3;2.5;3.0;129;0.0
KENAI;202508101120;22.7;54.3;824.2;1.8;2.5;266;0.0
KENAI;202508101130;23.6;51.4;824.1;1.9;3.1;67;0.0
KENAI;202508101140;23.1;53.2;824.0;1.8;2.7;111;0.0
KENAI;202508101150;23.1;56.4;823.8;0.4;2.6;267;0.0
