028
VRXZ07 LSSW 272348
Station/Location;Date;tre200s0;uor200s0;prestas0;fkl010z0;fkl010z1;dkl010z0;rre150z0
KENAI;202506272150;-;80.6;825.5;1.1;2.2;101;0.0
KENAI;202506272200;-;81.0;825.4;1.1;2.0;101;0.0
KENAI;202506272210;-;82.2;825.4;1.9;2.9;168;0.0
KENAI;202506272220;-;82.9;825.5;0.4;2.3;105;0.0
KENAI;202506272230;-;84.1;825.6;0.0;1.9;0;0.0
KENAI;202506272240;-;84.3;825.6;1.5;1.8;141;0.0
KENAI;202506272250;-;85.1;825.3;1.3;3.6;170;0.0
KENAI;202506272300;-;85.1;825.3;0.6;2.2;104;0.0
KENAI;202506272310;-;85.3;825.2;1.0;1.8;84;0.0
KENAI;202506272320;-;85.6;825.1;0.6;1.4;149;0.0
KENAI;202506272330;-;85.7;825.0;1.1;1.4;161;0.0
KENAI;202506272340;-;86.0;824.9;0.6;1.3;205;0.0
