206
VRXZ07 LSSW 272358
Station/Location;Date;tre200s0;uor200s0;prestas0;fkl010z0;fkl010z1;dkl010z0;rre150z0
KENAI;202503272200;18.5;89.5;822.6;0.3;1.9;89;0.0
KENAI;202503272210;18.4;89.9;822.5;0.4;1.1;353;0.0
KENAI;202503272220;18.4;89.9;822.4;0.8;1.9;329;0.0
KENAI;202503272230;18.3;90.7;822.4;0.5;1.5;41;0.0
KENAI;202503272240;18.3;90.6;822.3;1.1;1.7;337;0.0
KENAI;202503272250;18.3;90.9;822.2;0.8;2.0;54;0.0
KENAI;202503272300;18.1;91.4;822.2;0.5;1.6;0;0.0
KENAI;202503272310;18.1;91.4;822.1;0.4;1.8;354;0.0
KENAI;202503272320;18.1;91.2;822.0;0.6;1.2;44;0.0
KENAI;202503272330;17.8;91.9;822.0;0.4;0.9;38;0.0
KENAI;202503272340;17.8;92.3;822.0;1.2;1.4;66;0.0
KENAI;202503272350;17.9;92.3;822.1;0.4;1.1;59;0.0
