159
VRXZ07 LSSW 060558
Station/Location;Date;tre200s0;uor200s0;prestas0;fkl010z0;fkl010z1;dkl010z0;rre150z0
KENAI;202507060400;-;92.8;826.0;0.6;1.2;133;0.0
KENAI;202507060410;14.8;92.4;826.0;0.7;1.4;127;0.0
KENAI;202507060420;14.8;92.2;826.2;1.1;1.9;109;0.0
KENAI;202507060430;-;92.3;826.4;0.8;1.6;130;0.0
KENAI;202507060440;-;92.3;826.5;0.8;2.3;63;0.0
KENAI;202507060450;-;92.4;826.7;0.5;1.8;132;0.0
KENAI;202507060500;-;92.8;826.8;0.7;1.6;113;0.0
KENAI;202507060510;14.8;93.2;826.9;0.0;1.1;0;0.0
KENAI;202507060520;-;93.8;827.1;0.7;1.9;78;0.0
KENAI;202507060530;14.8;94.4;827.2;0.8;1.5;91;0.0
KENAI;202507060540;-;94.7;827.3;0.6;1.7;107;0.0
KENAI;202507060550;-;94.6;827.3;1.8;2.3;99;0.0
