467
VRXZ07 LSSW 010618
Station/Location;Date;tre200s0;uor200s0;prestas0;fkl010z0;fkl010z1;dkl010z0;rre150z0
KENAI;202412010420;17.2;90.5;824.8;0.9;1.7;24;0.0
KENAI;202412010430;17.6;89.7;824.9;0.9;2.0;42;0.0
KENAI;202412010440;17.9;88.6;825.0;0.8;1.7;12;0.0
KENAI;202412010450;17.9;87.1;825.0;0.6;2.3;34;0.0
KENAI;202412010500;18.2;87.4;825.1;0.8;2.2;23;0.0
KENAI;202412010510;18.3;86.3;825.2;0.4;1.8;29;0.0
KENAI;202412010520;18.4;85.3;825.3;1.1;2.3;357;0.0
KENAI;202412010530;18.4;83.3;825.1;0.6;2.4;84;0.0
KENAI;202412010540;18.6;83.0;825.3;0.9;2.7;50;0.0
KENAI;202412010550;18.9;82.6;825.2;1.0;2.2;59;0.0
KENAI;202412010600;19.0;82.0;825.3;1.9;3.6;8;0.0
KENAI;202412010610;19.2;81.1;825.2;1.2;4.0;64;0.0
