043
VRXZ07 LSSW 052028
Station/Location;Date;tre200s0;uor200s0;prestas0;fkl010z0;fkl010z1;dkl010z0;rre150z0
KENAI;202508051830;-;72.8;826.4;1.7;3.2;58;0.0
KENAI;202508051840;-;73.3;826.3;0.7;1.7;27;0.0
KENAI;202508051850;17.0;73.0;826.3;1.1;2.5;95;0.0
KENAI;202508051900;-;73.7;826.4;0.8;2.5;65;0.0
KENAI;202508051910;-;72.9;826.5;1.7;3.0;47;0.0
KENAI;202508051920;16.5;71.5;826.5;0.6;2.6;33;0.0
KENAI;202508051930;-;69.0;826.6;1.6;3.0;36;0.0
KENAI;202508051940;-;69.9;826.7;0.7;2.1;86;0.0
KENAI;202508051950;16.6;70.2;826.6;1.2;2.6;111;0.0
KENAI;202508052000;-;72.1;826.6;1.6;2.6;49;0.0
KENAI;202508052010;-;69.5;826.5;0.6;4.0;38;0.0
KENAI;202508052020;-;70.3;826.4;0.8;2.8;44;0.0
