391
VRXZ07 LSSW 141158
Station/Location;Date;tre200s0;uor200s0;prestas0;fkl010z0;fkl010z1;dkl010z0;rre150z0
KENAI;202503141000;28.2;32.1;821.6;2.1;5.9;50;0.0
KENAI;202503141010;28.2;33.6;821.5;1.4;4.5;107;0.0
KENAI;202503141020;28.4;28.3;821.4;1.8;5.6;41;0.0
KENAI;202503141030;28.1;32.1;821.2;1.2;4.8;87;0.0
KENAI;202503141040;28.6;30.9;821.1;2.4;5.6;19;0.0
KENAI;202503141050;28.5;28.8;821.1;0.8;5.8;43;0.0
KENAI;202503141100;28.7;26.7;820.9;2.2;6.4;65;0.0
KENAI;202503141110;28.5;27.7;820.8;1.8;5.9;2;0.0
KENAI;202503141120;28.8;28.5;820.6;3.3;6.3;19;0.0
KENAI;202503141130;28.9;29.9;820.5;1.9;5.8;115;0.0
KENAI;202503141140;29.1;28.5;820.4;4.2;5.8;67;0.0
KENAI;202503141150;28.7;26.0;820.2;1.1;6.6;149;0.0
