801
VRXZ07 LSSW 030558
Station/Location;Date;tre200s0;uor200s0;prestas0;fkl010z0;fkl010z1;dkl010z0;rre150z0
KENAI;202412030400;15.5;96.5;823.9;2.7;3.8;79;0.0
KENAI;202412030410;15.9;96.3;824.0;0.4;3.5;54;0.0
KENAI;202412030420;16.1;95.4;824.0;2.2;4.6;58;0.0
KENAI;202412030430;16.1;94.8;824.1;1.1;3.9;25;0.0
KENAI;202412030440;16.0;95.1;824.3;2.8;3.5;10;0.0
KENAI;202412030450;15.8;95.1;824.4;0.9;3.5;25;0.0
KENAI;202412030500;15.9;95.2;824.6;1.6;2.5;15;0.0
KENAI;202412030510;15.9;94.6;824.6;1.1;2.4;316;0.0
KENAI;202412030520;16.0;93.7;824.7;1.1;3.2;51;0.0
KENAI;202412030530;16.5;92.2;824.8;0.9;2.7;353;0.0
KENAI;202412030540;16.8;91.2;825.0;1.1;2.7;30;0.0
KENAI;202412030550;17.0;90.9;825.0;0.0;2.6;0;0.0
