204
VRXZ07 LSSW 211638
Station/Location;Date;tre200s0;uor200s0;prestas0;fkl010z0;fkl010z1;dkl010z0;rre150z0
KENAI;202411211440;21.1;72.4;821.9;1.8;4.5;43;0.0
KENAI;202411211450;21.3;71.6;822.1;1.3;5.0;16;0.0
KENAI;202411211500;20.7;73.1;822.1;3.0;4.6;78;0.0
KENAI;202411211510;20.5;74.0;822.3;2.9;4.5;17;0.0
KENAI;202411211520;20.3;76.1;822.4;1.8;3.8;29;0.0
KENAI;202411211530;20.2;76.5;822.5;2.2;3.2;51;0.0
KENAI;202411211540;20.0;76.6;822.6;1.3;3.1;38;0.0
KENAI;202411211550;19.9;77.2;822.7;1.2;2.8;38;0.0
KENAI;202411211600;19.8;78.2;822.7;1.0;2.8;11;0.0
KENAI;202411211610;19.6;78.8;822.8;0.8;2.2;51;0.0
KENAI;202411211620;19.5;80.0;823.1;1.6;3.3;41;0.0
KENAI;202411211630;19.4;80.7;823.3;1.7;3.2;20;0.0
