795
VRXZ07 LSSW 121808
Station/Location;Date;tre200s0;uor200s0;prestas0;fkl010z0;fkl010z1;dkl010z0;rre150z0
KENAI;202505121610;17.2;88.8;824.4;1.5;3.8;281;0.0
KENAI;202505121620;17.4;89.5;824.5;0.5;1.7;237;0.0
KENAI;202505121630;17.6;86.9;824.7;0.5;3.8;294;0.0
KENAI;202505121640;17.8;85.4;825.0;0.7;2.8;323;0.0
KENAI;202505121650;18.0;84.1;825.2;1.0;2.5;39;0.0
KENAI;202505121700;18.1;85.1;825.2;0.6;2.3;30;0.0
KENAI;202505121710;17.6;85.7;825.6;1.7;2.9;18;0.0
KENAI;202505121720;17.1;90.6;825.9;1.1;3.2;25;0.8
KENAI;202505121730;16.6;94.8;826.0;1.6;3.1;9;0.3
KENAI;202505121740;16.2;96.2;826.3;0.7;3.2;21;1.2
KENAI;202505121750;16.2;96.6;826.3;0.7;2.6;348;0.4
KENAI;202505121800;16.3;96.9;826.2;0.5;-;220;-
