615
VRXZ07 LSSW 170648
Station/Location;Date;tre200s0;uor200s0;prestas0;fkl010z0;fkl010z1;dkl010z0;rre150z0
KENAI;202503170450;15.6;96.6;826.1;0.8;1.4;199;0.0
KENAI;202503170500;15.7;-;826.2;0.8;2.7;-;0.0
KENAI;202503170510;15.8;95.5;826.2;0.8;2.0;228;0.0
KENAI;202503170520;15.7;94.5;826.2;0.5;2.1;234;0.0
KENAI;202503170530;15.8;93.9;826.3;1.0;1.8;174;0.0
KENAI;202503170540;16.1;94.4;826.3;0.9;1.4;272;0.0
KENAI;202503170550;16.6;93.2;826.2;0.8;1.7;222;0.0
KENAI;202503170600;-;-;-;-;2.8;-;-
KENAI;202503170610;17.6;88.3;826.1;1.3;2.6;141;0.0
KENAI;202503170620;17.7;86.5;826.1;1.8;3.0;153;0.0
KENAI;202503170630;17.7;81.7;826.1;1.3;3.5;198;0.0
KENAI;202503170640;19.8;77.1;826.3;1.4;4.0;126;0.0
