969
VRXZ07 LSSW 070308
Station/Location;Date;tre200s0;uor200s0;prestas0;fkl010z0;fkl010z1;dkl010z0;rre150z0
KENAI;202412070110;16.4;86.5;823.6;1.7;3.0;24;0.0
KENAI;202412070120;16.4;86.7;823.6;1.5;2.9;44;0.0
KENAI;202412070130;16.3;86.9;823.8;0.8;2.8;315;0.0
KENAI;202412070140;16.1;87.2;823.9;1.1;2.5;289;0.0
KENAI;202412070150;16.1;87.6;823.8;1.0;1.9;307;0.0
KENAI;202412070200;15.9;87.7;823.8;0.8;2.0;325;0.0
KENAI;202412070210;15.6;87.5;824.0;0.8;1.7;31;0.0
KENAI;202412070220;15.5;89.1;824.1;0.0;1.9;0;0.0
KENAI;202412070230;15.4;89.4;824.2;0.0;1.2;0;0.0
KENAI;202412070240;15.4;89.0;824.2;0.9;1.0;7;0.0
KENAI;202412070250;15.4;89.0;824.3;0.4;1.4;323;0.0
KENAI;202412070300;15.3;88.9;824.3;0.0;1.2;0;0.0
