945
VRXZ07 LSSW 020608
Station/Location;Date;tre200s0;uor200s0;prestas0;fkl010z0;fkl010z1;dkl010z0;rre150z0
KENAI;202507020410;-;87.0;827.7;1.2;1.6;186;0.0
KENAI;202507020420;-;86.3;827.8;0.8;2.1;206;0.0
KENAI;202507020430;-;83.6;827.8;0.7;1.8;193;0.0
KENAI;202507020440;-;82.5;827.8;0.9;2.7;164;0.0
KENAI;202507020450;-;81.7;827.9;1.1;2.1;129;0.0
KENAI;202507020500;-;79.5;827.9;1.5;2.3;165;0.0
KENAI;202507020510;-;76.7;827.9;0.6;2.4;60;0.0
KENAI;202507020520;-;75.9;828.1;0.9;2.1;167;0.0
KENAI;202507020530;-;79.5;828.2;0.6;3.5;163;0.0
KENAI;202507020540;-;78.1;828.2;0.9;2.4;165;0.0
KENAI;202507020550;-;76.6;828.2;1.0;3.1;176;0.0
KENAI;202507020600;-;75.6;828.3;2.4;3.3;168;0.0
