440
VRXZ07 LSSW 041948
Station/Location;Date;tre200s0;uor200s0;prestas0;fkl010z0;fkl010z1;dkl010z0;rre150z0
KENAI;202502041750;19.1;65.5;822.9;1.3;4.5;8;0.0
KENAI;202502041800;19.1;65.8;823.0;1.8;6.8;23;0.0
KENAI;202502041810;19.1;66.3;823.0;2.5;4.9;79;0.0
KENAI;202502041820;19.1;66.8;823.3;1.2;4.1;25;0.0
KENAI;202502041830;19.1;67.4;823.4;1.0;4.2;28;0.0
KENAI;202502041840;19.0;67.0;823.5;1.4;6.2;41;0.0
KENAI;202502041850;18.9;67.8;823.7;1.6;4.3;25;0.0
KENAI;202502041900;18.8;68.6;823.6;2.5;3.9;19;0.0
KENAI;202502041910;18.6;68.8;823.6;0.9;4.0;19;0.0
KENAI;202502041920;18.5;69.0;823.6;2.7;4.9;16;0.0
KENAI;202502041930;18.4;69.6;823.6;1.6;3.6;29;0.0
KENAI;202502041940;18.4;69.7;823.6;1.4;3.9;21;0.0
