197
VRXZ07 LSSW 080648
Station/Location;Date;tre200s0;uor200s0;prestas0;fkl010z0;fkl010z1;dkl010z0;rre150z0
KENAI;202502080450;17.2;83.9;824.4;0.9;3.0;15;0.0
KENAI;202502080500;17.3;84.2;824.6;2.5;3.6;20;0.0
KENAI;202502080510;17.3;83.1;824.6;2.5;3.6;31;0.0
KENAI;202502080520;17.6;82.1;824.8;1.5;3.8;25;0.0
KENAI;202502080530;17.8;81.2;824.8;1.8;4.3;45;0.0
KENAI;202502080540;18.1;80.8;824.8;3.3;4.4;6;0.0
KENAI;202502080550;18.4;78.1;825.1;2.2;4.7;38;0.0
KENAI;202502080600;18.8;75.7;825.1;2.0;4.2;5;0.0
KENAI;202502080610;19.2;74.5;825.1;1.6;3.6;57;0.0
KENAI;202502080620;20.1;71.8;825.0;2.6;3.6;87;0.0
KENAI;202502080630;19.9;72.2;825.0;2.6;4.3;3;0.0
KENAI;202502080640;20.3;70.3;825.2;1.3;4.2;60;0.0
