063
VRXZ07 LSSW 112248
Station/Location;Date;tre200s0;uor200s0;prestas0;fkl010z0;fkl010z1;dkl010z0;rre150z0
KENAI;202505112050;15.9;97.5;826.3;0.7;2.2;250;0.0
KENAI;202505112100;16.0;97.7;826.2;0.5;1.9;233;0.1
KENAI;202505112110;16.0;97.5;826.1;1.1;2.4;269;0.0
KENAI;202505112120;15.9;97.5;825.9;0.9;2.8;267;0.0
KENAI;202505112130;15.9;97.4;825.8;1.7;2.6;272;0.0
KENAI;202505112140;15.9;97.5;825.8;0.4;2.7;286;0.0
KENAI;202505112150;15.9;97.7;825.7;1.5;2.3;302;0.0
KENAI;202505112200;-;97.7;825.6;0.9;2.3;264;0.0
KENAI;202505112210;-;97.5;825.6;0.8;1.6;188;0.0
KENAI;202505112220;15.9;97.7;825.5;0.3;1.0;259;0.0
KENAI;202505112230;-;97.8;825.3;0.4;0.8;197;0.0
KENAI;202505112240;-;97.7;825.2;0.5;0.8;196;0.0
