561
VRXZ07 LSSW 041248
Station/Location;Date;tre200s0;uor200s0;prestas0;fkl010z0;fkl010z1;dkl010z0;rre150z0
KENAI;202503041050;27.7;37.3;822.2;2.6;7.0;32;0.0
KENAI;202503041100;27.1;35.4;822.0;2.5;5.1;99;0.0
KENAI;202503041110;27.5;35.9;821.9;3.2;6.9;65;0.0
KENAI;202503041120;28.1;35.3;821.8;3.0;7.3;64;0.0
KENAI;202503041130;27.2;35.4;821.6;2.7;6.1;91;0.0
KENAI;202503041140;27.9;34.8;821.7;3.0;5.0;79;0.0
KENAI;202503041150;28.1;33.7;821.6;2.7;5.8;103;0.0
KENAI;202503041200;28.2;31.8;821.5;2.6;5.8;77;0.0
KENAI;202503041210;28.4;31.2;821.4;1.6;6.0;11;0.0
KENAI;202503041220;28.4;31.6;821.3;3.4;6.7;85;0.0
KENAI;202503041230;26.7;34.2;821.2;1.4;8.5;98;0.0
KENAI;202503041240;27.8;31.7;821.2;3.0;8.2;69;0.0
