575
VRXZ07 LSSW 171828
Station/Location;Date;tre200s0;uor200s0;prestas0;fkl010z0;fkl010z1;dkl010z0;rre150z0
KENAI;202506171630;-;72.7;825.3;1.0;2.0;14;0.0
KENAI;202506171640;-;73.3;825.3;0.7;1.5;98;0.0
KENAI;202506171650;-;73.4;825.4;0.7;1.5;55;0.0
KENAI;202506171700;18.2;73.4;825.4;0.5;1.4;135;0.0
KENAI;202506171710;-;73.5;825.7;0.0;0.8;0;0.0
KENAI;202506171720;-;71.4;825.7;0.4;1.1;29;0.0
KENAI;202506171730;-;70.9;825.7;0.7;1.0;129;0.0
KENAI;202506171740;18.1;74.8;825.8;0.6;1.1;124;0.0
KENAI;202506171750;-;73.3;825.9;0.6;0.8;147;0.0
KENAI;202506171800;-;72.7;825.9;0.8;3.3;89;0.0
KENAI;202506171810;-;72.5;826.0;1.0;2.7;92;0.0
KENAI;202506171820;-;73.5;826.1;0.8;2.3;145;0.0
