824
VRXZ07 LSSW 300618
Station/Location;Date;tre200s0;uor200s0;prestas0;fkl010z0;fkl010z1;dkl010z0;rre150z0
KENAI;202507300420;12.3;81.9;829.4;0.8;4.5;128;0.0
KENAI;202507300430;-;-;829.6;1.5;3.5;-;0.0
KENAI;202507300440;12.3;81.6;829.8;2.2;3.4;167;0.0
KENAI;202507300450;-;81.4;829.9;1.2;2.8;110;0.0
KENAI;202507300500;-;81.2;830.0;0.9;2.7;162;0.0
KENAI;202507300510;-;81.1;830.1;0.7;2.7;118;0.0
KENAI;202507300520;12.6;80.6;830.3;2.0;3.4;170;0.0
KENAI;202507300530;12.7;80.6;830.4;0.6;2.3;143;0.0
KENAI;202507300540;-;-;-;-;3.0;-;-
KENAI;202507300550;12.8;78.9;830.4;1.7;4.4;166;0.0
KENAI;202507300600;12.9;79.0;830.6;0.9;4.3;127;0.0
KENAI;202507300610;13.0;78.0;830.6;1.5;3.6;162;0.0
