911
VRXZ07 LSSW 232318
Station/Location;Date;tre200s0;uor200s0;prestas0;fkl010z0;fkl010z1;dkl010z0;rre150z0
KENAI;202507232120;15.7;77.8;826.2;0.4;1.7;146;0.0
KENAI;202507232130;15.8;76.7;826.2;0.3;1.5;142;0.0
KENAI;202507232140;-;78.1;826.2;0.3;0.7;149;0.0
KENAI;202507232150;-;77.6;826.1;0.3;0.6;222;0.0
KENAI;202507232200;-;77.1;826.1;0.6;0.9;193;0.0
KENAI;202507232210;-;77.7;826.1;0.5;1.0;231;0.0
KENAI;202507232220;-;77.7;826.0;0.5;0.9;170;0.0
KENAI;202507232230;-;78.4;825.8;0.0;1.0;0;0.0
KENAI;202507232240;-;78.6;825.7;0.6;0.7;153;0.0
KENAI;202507232250;-;79.2;825.8;0.4;1.0;200;0.0
KENAI;202507232300;-;79.8;825.5;0.5;1.2;301;0.0
KENAI;202507232310;-;80.1;825.4;0.5;1.0;183;0.0
