018
VRXZ07 LSSW 220338
Station/Location;Date;tre200s0;uor200s0;prestas0;fkl010z0;fkl010z1;dkl010z0;rre150z0
KENAI;202502220140;15.4;68.8;822.9;0.0;1.3;0;0.0
KENAI;202502220150;15.3;69.8;822.9;0.0;0.9;0;0.0
KENAI;202502220200;15.0;70.8;823.0;0.5;1.6;227;0.0
KENAI;202502220210;14.4;73.4;823.1;0.4;0.7;236;0.0
KENAI;202502220220;14.9;72.8;823.1;0.0;1.9;0;0.0
KENAI;202502220230;14.1;74.8;823.3;0.0;1.0;0;0.0
KENAI;202502220240;14.3;75.9;823.2;0.3;1.0;293;0.0
KENAI;202502220250;14.5;74.7;823.1;0.0;0.9;0;0.0
KENAI;202502220300;14.0;76.3;823.3;0.0;0.6;0;0.0
KENAI;202502220310;14.1;76.7;823.3;0.0;1.0;0;0.0
KENAI;202502220320;14.2;75.9;823.5;0.5;0.5;214;0.0
KENAI;202502220330;13.9;77.5;823.6;0.3;0.7;162;0.0
