965
VRXZ07 LSSW 260058
Station/Location;Date;tre200s0;uor200s0;prestas0;fkl010z0;fkl010z1;dkl010z0;rre150z0
KENAI;202411252300;16.3;93.7;823.5;0.6;1.7;57;0.0
KENAI;202411252310;16.3;94.3;823.5;0.0;0.9;0;0.0
KENAI;202411252320;16.4;93.6;823.5;0.4;0.7;34;0.0
KENAI;202411252330;16.3;93.9;823.4;0.4;0.8;102;0.0
KENAI;202411252340;16.4;92.9;823.3;0.9;1.2;352;0.0
KENAI;202411252350;16.3;93.0;823.0;0.3;1.6;21;0.0
KENAI;202411260000;16.0;93.1;823.0;0.5;1.5;88;0.0
KENAI;202411260010;16.0;93.6;823.0;0.0;0.6;0;0.0
KENAI;202411260020;15.9;93.8;823.2;0.0;0.6;0;0.0
KENAI;202411260030;15.6;95.0;823.2;0.4;0.5;221;0.0
KENAI;202411260040;15.4;95.5;823.2;0.0;0.6;0;0.0
KENAI;202411260050;15.2;95.8;823.2;0.4;0.4;40;0.0
