970
VRXZ07 LSSW 040238
Station/Location;Date;tre200s0;uor200s0;prestas0;fkl010z0;fkl010z1;dkl010z0;rre150z0
KENAI;202412040040;16.4;90.3;822.9;2.0;5.1;6;0.0
KENAI;202412040050;16.5;90.1;822.9;2.2;4.4;34;0.0
KENAI;202412040100;16.5;89.7;823.0;1.8;4.8;20;0.0
KENAI;202412040110;16.6;89.7;823.0;1.8;4.0;15;0.0
KENAI;202412040120;16.5;89.7;823.0;1.7;5.0;11;0.0
KENAI;202412040130;16.3;90.0;823.1;2.7;4.4;5;0.0
KENAI;202412040140;16.3;90.0;823.1;1.3;3.9;27;0.0
KENAI;202412040150;16.3;89.9;823.2;2.3;4.4;45;0.0
KENAI;202412040200;16.3;90.3;823.3;1.3;4.0;50;0.0
KENAI;202412040210;16.2;89.7;823.3;1.7;4.0;20;0.0
KENAI;202412040220;16.1;90.4;823.2;2.4;3.4;342;0.0
KENAI;202412040230;16.2;90.3;823.4;2.0;3.5;25;0.0
