287
VRXZ07 LSSW 240708
Station/Location;Date;tre200s0;uor200s0;prestas0;fkl010z0;fkl010z1;dkl010z0;rre150z0
KENAI;202504240510;16.9;86.3;825.0;1.6;4.5;19;0.0
KENAI;202504240520;17.5;85.3;824.9;2.9;4.2;77;0.0
KENAI;202504240530;18.2;83.0;825.0;2.9;4.5;23;0.0
KENAI;202504240540;18.2;81.7;825.0;1.7;6.4;67;0.0
KENAI;202504240550;18.3;81.0;825.0;2.6;5.0;14;0.0
KENAI;202504240600;18.4;81.8;825.1;1.5;4.6;56;0.0
KENAI;202504240610;18.2;83.2;825.4;3.6;5.7;61;0.0
KENAI;202504240620;18.3;82.4;825.5;3.0;4.1;61;0.0
KENAI;202504240630;18.4;82.7;825.5;2.6;4.7;74;0.0
KENAI;202504240640;18.8;81.0;825.4;2.5;4.7;25;0.0
KENAI;202504240650;19.5;80.4;825.5;2.8;5.2;18;0.0
KENAI;202504240700;19.3;77.8;825.5;2.5;5.2;64;0.0
