812
VRXZ07 LSSW 140748
Station/Location;Date;tre200s0;uor200s0;prestas0;fkl010z0;fkl010z1;dkl010z0;rre150z0
KENAI;202508140550;-;65.0;827.6;0.8;2.2;96;0.0
KENAI;202508140600;16.8;65.9;827.7;0.4;2.5;117;0.0
KENAI;202508140610;-;59.9;827.8;0.8;2.5;116;0.0
KENAI;202508140620;-;60.3;827.8;1.1;3.7;65;0.0
KENAI;202508140630;18.3;62.8;827.8;0.8;2.9;35;0.0
KENAI;202508140640;18.0;64.3;827.8;1.2;3.2;70;0.0
KENAI;202508140650;18.3;61.0;827.8;1.6;3.7;92;0.0
KENAI;202508140700;18.9;60.3;827.8;1.2;3.0;116;0.0
KENAI;202508140710;-;59.5;827.7;0.6;2.6;25;0.0
KENAI;202508140720;-;61.7;827.8;4.5;7.5;73;0.0
KENAI;202508140730;-;-;-;-;3.3;-;-
KENAI;202508140740;19.1;58.9;827.7;1.1;4.8;129;0.0
