706
VRXZ07 LSSW 050008
Station/Location;Date;tre200s0;uor200s0;prestas0;fkl010z0;fkl010z1;dkl010z0;rre150z0
KENAI;202502042210;17.1;72.0;823.0;0.5;4.1;3;0.0
KENAI;202502042220;17.0;72.4;822.9;1.2;2.8;23;0.0
KENAI;202502042230;16.8;73.3;822.9;1.1;3.4;59;0.0
KENAI;202502042240;16.7;73.4;822.8;2.3;3.3;57;0.0
KENAI;202502042250;16.6;74.0;822.8;1.6;2.9;46;0.0
KENAI;202502042300;16.4;74.3;822.7;1.3;3.9;359;0.0
KENAI;202502042310;16.4;74.5;822.6;1.1;2.9;28;0.0
KENAI;202502042320;16.2;74.7;822.5;0.8;3.0;18;0.0
KENAI;202502042330;16.3;74.3;822.4;0.7;3.7;56;0.0
KENAI;202502042340;16.3;73.9;822.5;0.9;3.8;24;0.0
KENAI;202502042350;16.1;74.5;822.5;0.9;2.7;41;0.0
KENAI;202502050000;15.8;76.0;822.4;0.9;1.4;355;0.0
