787
VRXZ07 LSSW 051328
Station/Location;Date;tre200s0;uor200s0;prestas0;fkl010z0;fkl010z1;dkl010z0;rre150z0
KENAI;202508051130;22.5;49.8;824.9;1.8;4.0;64;0.0
KENAI;202508051140;22.7;49.3;824.8;1.8;4.3;101;0.0
KENAI;202508051150;22.5;50.6;824.6;1.6;4.5;55;0.0
KENAI;202508051200;-;49.9;824.6;2.7;4.7;37;0.0
KENAI;202508051210;-;50.4;824.5;2.2;3.3;63;0.0
KENAI;202508051220;22.3;48.8;824.4;1.8;3.6;91;0.0
KENAI;202508051230;-;48.9;824.4;2.9;4.4;56;0.0
KENAI;202508051240;-;48.8;824.3;1.7;4.9;31;0.0
KENAI;202508051250;-;47.8;824.2;2.0;3.2;83;0.0
KENAI;202508051300;22.5;46.7;824.2;2.2;3.6;64;0.0
KENAI;202508051310;22.2;47.8;824.2;1.3;3.4;30;0.0
KENAI;202508051320;21.8;48.0;824.1;2.3;5.4;44;0.0
