347
VRXZ07 LSSW 051808
Station/Location;Date;tre200s0;uor200s0;prestas0;fkl010z0;fkl010z1;dkl010z0;rre150z0
KENAI;202412051610;20.4;54.7;822.4;2.6;4.4;59;0.0
KENAI;202412051620;20.3;55.3;822.6;1.0;5.0;47;0.0
KENAI;202412051630;20.0;56.4;822.7;0.9;4.6;43;0.0
KENAI;202412051640;19.8;57.6;822.9;2.5;3.2;58;0.0
KENAI;202412051650;19.7;59.5;823.1;2.3;4.1;17;0.0
KENAI;202412051700;19.5;61.6;823.3;1.3;4.8;29;0.0
KENAI;202412051710;19.3;64.2;823.3;4.0;6.8;23;0.0
KENAI;202412051720;19.1;65.4;823.7;1.2;4.4;37;0.0
KENAI;202412051730;18.9;67.7;823.8;1.0;5.7;5;0.0
KENAI;202412051740;18.6;70.0;823.9;1.2;3.8;25;0.0
KENAI;202412051750;18.5;71.7;824.1;3.0;3.5;13;0.0
KENAI;202412051800;18.3;73.7;824.2;2.0;4.6;18;0.0
