401
VRXZ07 LSSW 182348
Station/Location;Date;tre200s0;uor200s0;prestas0;fkl010z0;fkl010z1;dkl010z0;rre150z0
KENAI;202411182150;17.1;93.7;824.1;0.5;0.9;58;0.0
KENAI;202411182200;17.2;93.9;824.0;0.4;0.9;37;0.0
KENAI;202411182210;17.1;93.8;823.8;0.7;2.4;16;0.0
KENAI;202411182220;16.9;93.8;823.7;1.2;3.7;46;0.0
KENAI;202411182230;17.0;93.9;823.6;1.0;2.2;26;0.0
KENAI;202411182240;17.0;93.9;823.6;0.7;1.9;62;0.0
KENAI;202411182250;16.9;93.9;823.5;0.8;1.2;37;0.0
KENAI;202411182300;16.9;94.1;823.3;1.0;2.0;75;0.0
KENAI;202411182310;16.9;94.1;823.2;0.0;1.6;0;0.0
KENAI;202411182320;16.8;94.5;823.2;1.0;2.1;56;0.0
KENAI;202411182330;16.9;94.6;823.0;0.9;2.4;13;0.0
KENAI;202411182340;16.9;93.9;822.8;1.8;2.3;42;0.0
