198
VRXZ07 LSSW 280838
Station/Location;Date;tre200s0;uor200s0;prestas0;fkl010z0;fkl010z1;dkl010z0;rre150z0
KENAI;202411280640;20.8;72.0;826.7;1.8;3.1;6;0.0
KENAI;202411280650;22.2;69.5;826.5;2.4;3.4;346;0.0
KENAI;202411280700;22.7;66.6;826.5;1.2;3.3;22;0.0
KENAI;202411280710;22.1;67.5;826.4;1.5;3.3;339;0.0
KENAI;202411280720;22.5;-;826.2;1.3;4.1;-;0.0
KENAI;202411280730;22.9;59.9;826.1;1.0;4.6;74;0.0
KENAI;202411280740;22.2;64.3;826.0;0.3;4.3;16;0.0
KENAI;202411280750;22.5;61.8;825.9;1.5;3.7;14;0.0
KENAI;202411280800;22.7;63.9;825.8;1.0;3.8;3;0.0
KENAI;202411280810;23.6;57.3;825.7;1.1;5.2;103;0.0
KENAI;202411280820;23.4;61.2;825.5;2.5;5.1;25;0.0
KENAI;202411280830;23.5;58.4;825.4;3.6;5.5;22;0.0
