628
VRXZ07 LSSW 061208
Station/Location;Date;tre200s0;uor200s0;prestas0;fkl010z0;fkl010z1;dkl010z0;rre150z0
KENAI;202508061010;21.9;52.0;824.7;2.2;4.8;288;0.0
KENAI;202508061020;-;-;824.6;2.0;4.4;-;0.0
KENAI;202508061030;-;51.2;824.4;1.8;3.8;274;0.0
KENAI;202508061040;-;53.0;824.2;1.5;3.9;206;0.0
KENAI;202508061050;-;50.0;824.0;0.5;4.4;66;0.0
KENAI;202508061100;23.1;50.0;824.0;0.0;3.8;0;0.0
KENAI;202508061110;23.5;49.5;823.8;0.9;2.3;211;0.0
KENAI;202508061120;-;48.7;823.6;2.1;4.7;65;0.0
KENAI;202508061130;24.3;48.5;823.3;1.1;3.6;222;0.0
KENAI;202508061140;24.4;47.2;823.3;0.0;3.9;0;0.0
KENAI;202508061150;23.6;47.7;823.1;1.2;3.4;147;0.0
KENAI;202508061200;23.6;46.6;822.9;1.5;3.5;127;0.0
