323
VRXZ07 LSSW 190328
Station/Location;Date;tre200s0;uor200s0;prestas0;fkl010z0;fkl010z1;dkl010z0;rre150z0
KENAI;202505190130;16.5;91.5;823.3;1.0;1.5;158;0.0
KENAI;202505190140;16.4;91.3;823.3;1.2;2.2;176;0.0
KENAI;202505190150;16.4;91.7;823.5;0.6;1.9;183;0.0
KENAI;202505190200;16.3;92.1;823.4;0.7;2.0;163;0.0
KENAI;202505190210;16.3;92.3;823.5;0.3;1.1;226;0.0
KENAI;202505190220;-;92.1;823.5;0.8;1.2;183;0.0
KENAI;202505190230;-;92.2;823.6;0.0;0.9;0;0.0
KENAI;202505190240;16.3;92.1;823.7;0.5;0.7;82;0.0
KENAI;202505190250;-;91.9;823.6;0.5;0.7;182;0.0
KENAI;202505190300;16.4;91.8;823.8;0.0;0.7;0;0.0
KENAI;202505190310;16.4;91.7;823.9;0.4;0.7;239;0.0
KENAI;202505190320;16.3;92.0;824.2;0.0;0.6;0;0.0
