455
VRXZ07 LSSW 120518
Station/Location;Date;tre200s0;uor200s0;prestas0;fkl010z0;fkl010z1;dkl010z0;rre150z0
KENAI;202503120320;17.2;95.0;822.7;0.4;0.7;109;0.0
KENAI;202503120330;17.1;94.9;822.8;0.5;0.8;135;0.0
KENAI;202503120340;17.1;95.2;823.0;0.5;1.1;175;0.0
KENAI;202503120350;16.9;94.9;823.1;0.7;0.9;182;0.0
KENAI;202503120400;17.0;95.4;823.3;0.5;0.9;196;0.0
KENAI;202503120410;17.1;95.3;823.4;0.4;0.8;234;0.0
KENAI;202503120420;17.2;95.1;823.6;0.0;1.2;0;0.0
KENAI;202503120430;17.4;95.1;823.8;0.5;1.0;225;0.0
KENAI;202503120440;17.5;95.0;823.8;0.5;1.1;167;0.0
KENAI;202503120450;17.6;94.7;823.9;1.2;2.1;145;0.0
KENAI;202503120500;17.8;94.4;824.0;1.5;2.1;144;0.0
KENAI;202503120510;17.9;93.7;824.2;0.6;1.6;143;0.0
