498
VRXZ07 LSSW 031158
Station/Location;Date;tre200s0;uor200s0;prestas0;fkl010z0;fkl010z1;dkl010z0;rre150z0
KENAI;202504031000;24.0;-;823.6;2.8;5.9;-;0.0
KENAI;202504031010;23.8;58.6;823.4;3.4;5.1;18;0.0
KENAI;202504031020;24.7;57.2;823.2;2.6;5.2;76;0.0
KENAI;202504031030;24.7;57.5;823.2;2.1;5.1;5;0.0
KENAI;202504031040;-;-;-;-;5.4;-;-
KENAI;202504031050;24.5;59.0;822.9;2.4;5.5;7;0.0
KENAI;202504031100;24.5;60.1;822.8;2.0;4.8;26;0.0
KENAI;202504031110;24.3;58.5;822.7;1.3;5.0;48;0.0
KENAI;202504031120;23.5;60.4;822.6;2.6;6.3;18;0.0
KENAI;202504031130;23.4;62.6;822.4;1.2;5.9;65;0.0
KENAI;202504031140;24.3;57.8;822.1;0.9;4.6;74;0.0
KENAI;202504031150;25.0;56.9;822.1;4.3;6.1;42;0.0
