368
VRXZ07 LSSW 111828
Station/Location;Date;tre200s0;uor200s0;prestas0;fkl010z0;fkl010z1;dkl010z0;rre150z0
KENAI;202508111630;-;69.4;824.2;2.7;4.6;62;0.0
KENAI;202508111640;-;70.5;824.3;0.8;4.0;41;0.0
KENAI;202508111650;-;70.7;824.5;0.8;3.7;35;0.0
KENAI;202508111700;-;71.5;824.6;1.5;3.2;16;0.0
KENAI;202508111710;-;71.7;824.7;0.9;4.3;44;0.0
KENAI;202508111720;-;72.0;824.8;1.0;3.9;26;0.0
KENAI;202508111730;-;72.6;824.6;1.8;4.1;26;0.0
KENAI;202508111740;-;73.3;824.8;1.1;4.0;21;0.0
KENAI;202508111750;-;73.5;825.0;1.3;4.5;85;0.0
KENAI;202508111800;-;73.9;825.2;1.9;3.8;62;0.0
KENAI;202508111810;-;74.0;825.4;0.9;3.6;32;0.0
KENAI;202508111820;-;74.2;825.5;0.9;2.7;40;0.0
