173
VRXZ07 LSSW 261058
Station/Location;Date;tre200s0;uor200s0;prestas0;fkl010z0;fkl010z1;dkl010z0;rre150z0
KENAI;202411260900;22.6;58.3;823.5;1.8;5.6;88;0.0
KENAI;202411260910;22.8;60.8;823.3;1.9;4.5;63;0.0
KENAI;202411260920;23.8;54.3;823.2;0.8;4.6;264;0.0
KENAI;202411260930;23.0;59.2;823.0;2.0;5.7;104;0.0
KENAI;202411260940;24.0;59.1;822.8;2.1;4.9;66;0.0
KENAI;202411260950;22.8;58.3;822.8;2.9;6.0;63;0.0
KENAI;202411261000;23.4;56.1;822.6;1.6;4.8;64;0.0
KENAI;202411261010;24.1;49.4;822.5;0.8;6.2;55;0.0
KENAI;202411261020;23.7;54.4;822.3;1.5;5.4;72;0.0
KENAI;202411261030;23.0;55.7;822.3;2.3;4.0;27;0.0
KENAI;202411261040;23.0;57.1;822.2;1.9;3.5;93;0.0
KENAI;202411261050;24.2;56.0;822.2;1.7;5.2;66;0.0
