944
VRXZ07 LSSW 272238
Station/Location;Date;tre200s0;uor200s0;prestas0;fkl010z0;fkl010z1;dkl010z0;rre150z0
KENAI;202411272040;18.1;90.6;825.4;1.2;4.4;22;0.0
KENAI;202411272050;18.1;90.5;825.2;1.0;2.8;8;0.0
KENAI;202411272100;18.1;90.8;825.2;0.7;2.6;16;0.0
KENAI;202411272110;18.1;90.9;825.0;1.5;4.3;342;0.0
KENAI;202411272120;18.0;90.7;825.0;1.5;4.0;17;0.0
KENAI;202411272130;18.0;91.0;824.9;0.9;2.9;11;0.0
KENAI;202411272140;17.9;90.4;824.6;1.6;2.7;46;0.0
KENAI;202411272150;17.9;90.3;824.6;0.9;3.0;355;0.0
KENAI;202411272200;17.8;90.2;824.5;1.0;3.6;41;0.0
KENAI;202411272210;17.7;90.3;824.1;1.0;3.8;38;0.0
KENAI;202411272220;17.6;90.8;824.0;0.7;3.0;345;0.0
KENAI;202411272230;17.5;91.0;824.0;1.4;2.7;7;0.0
