075
VRXZ07 LSSW 260728
Station/Location;Date;tre200s0;uor200s0;prestas0;fkl010z0;fkl010z1;dkl010z0;rre150z0
KENAI;202411260530;19.2;77.8;824.8;2.1;4.4;36;0.0
KENAI;202411260540;19.7;75.3;824.8;0.6;3.1;59;0.0
KENAI;202411260550;19.1;77.7;824.9;2.2;3.8;11;0.0
KENAI;202411260600;19.5;-;825.0;2.5;4.0;-;0.0
KENAI;202411260610;20.1;-;825.0;2.4;3.2;-;0.0
KENAI;202411260620;20.5;72.1;825.0;2.1;3.8;58;0.0
KENAI;202411260630;19.9;74.2;824.9;1.6;3.8;42;0.0
KENAI;202411260640;20.5;69.8;825.1;2.2;4.5;117;0.0
KENAI;202411260650;20.7;67.1;825.1;1.4;4.4;36;0.0
KENAI;202411260700;21.0;67.0;824.9;0.9;2.7;49;0.0
KENAI;202411260710;21.6;67.6;824.9;1.3;4.5;17;0.0
KENAI;202411260720;21.6;66.5;824.8;1.6;4.3;345;0.0
