821
VRXZ07 LSSW 080558
Station/Location;Date;tre200s0;uor200s0;prestas0;fkl010z0;fkl010z1;dkl010z0;rre150z0
KENAI;202505080400;-;93.8;824.5;0.5;1.6;196;0.0
KENAI;202505080410;15.3;92.9;824.7;1.0;1.7;253;0.0
KENAI;202505080420;-;91.9;824.8;0.4;1.4;228;0.0
KENAI;202505080430;16.0;90.9;824.8;1.2;2.4;238;0.0
KENAI;202505080440;16.2;87.8;825.1;1.0;2.6;196;0.0
KENAI;202505080450;16.0;88.3;825.1;1.2;2.1;284;0.0
KENAI;202505080500;16.2;86.9;825.2;1.6;2.5;191;0.0
KENAI;202505080510;-;86.1;825.3;0.4;1.7;219;0.0
KENAI;202505080520;16.9;85.4;825.5;0.5;2.0;306;0.0
KENAI;202505080530;-;83.7;825.6;0.6;2.0;267;0.0
KENAI;202505080540;-;81.8;825.7;0.8;1.6;196;0.0
KENAI;202505080550;-;81.2;825.8;1.0;1.5;218;0.0
