059
VRXZ07 LSSW 270718
Station/Location;Date;tre200s0;uor200s0;prestas0;fkl010z0;fkl010z1;dkl010z0;rre150z0
KENAI;202506270520;-;76.2;826.3;0.7;2.1;230;0.0
KENAI;202506270530;-;77.8;826.3;1.3;2.3;179;0.0
KENAI;202506270540;-;-;826.3;1.0;1.7;-;0.0
KENAI;202506270550;-;79.1;826.4;0.6;1.8;181;0.0
KENAI;202506270600;-;76.7;826.5;0.7;1.7;180;0.0
KENAI;202506270610;19.1;75.7;826.6;0.0;2.2;0;0.0
KENAI;202506270620;-;74.2;826.6;0.7;2.2;289;0.0
KENAI;202506270630;-;70.7;826.6;0.9;2.0;125;0.0
KENAI;202506270640;-;69.8;826.6;1.6;2.4;81;0.0
KENAI;202506270650;-;70.9;826.7;1.3;2.6;118;0.0
KENAI;202506270700;-;70.6;826.7;2.2;2.5;81;0.0
KENAI;202506270710;-;68.1;826.7;1.9;4.5;118;0.0
