235
VRXZ07 LSSW 222018
Station/Location;Date;tre200s0;uor200s0;prestas0;fkl010z0;fkl010z1;dkl010z0;rre150z0
KENAI;202506221820;-;81.6;825.7;1.0;4.4;149;0.0
KENAI;202506221830;-;81.6;825.8;2.0;3.7;143;0.0
KENAI;202506221840;-;81.7;825.8;1.2;3.7;148;0.0
KENAI;202506221850;17.0;81.8;825.9;1.8;3.6;119;0.0
KENAI;202506221900;-;82.3;826.0;1.5;3.6;114;0.0
KENAI;202506221910;-;82.5;826.0;2.0;3.8;104;0.0
KENAI;202506221920;-;83.1;826.0;2.1;3.0;116;0.0
KENAI;202506221930;16.8;83.5;826.1;2.6;3.2;162;0.0
KENAI;202506221940;-;83.6;826.0;3.1;4.3;156;0.0
KENAI;202506221950;-;83.6;826.0;2.7;3.6;130;0.0
KENAI;202506222000;-;83.9;825.9;1.5;5.2;105;0.0
KENAI;202506222010;-;84.2;826.0;0.7;2.8;155;0.0
