346
VRXZ07 LSSW 080818
Station/Location;Date;tre200s0;uor200s0;prestas0;fkl010z0;fkl010z1;dkl010z0;rre150z0
KENAI;202412080620;20.7;60.3;826.6;2.8;5.9;70;0.0
KENAI;202412080630;21.0;57.6;826.4;3.2;5.5;15;0.0
KENAI;202412080640;21.2;55.8;826.5;2.0;6.3;10;0.0
KENAI;202412080650;21.3;59.6;826.5;2.5;5.0;52;0.0
KENAI;202412080700;21.3;57.8;826.3;2.0;7.4;73;0.0
KENAI;202412080710;21.3;56.4;826.3;1.9;6.1;28;0.0
KENAI;202412080720;21.6;56.6;826.2;1.7;4.1;25;0.0
KENAI;202412080730;22.2;56.0;826.2;4.9;6.5;19;0.0
KENAI;202412080740;22.0;54.6;826.1;1.1;4.5;74;0.0
KENAI;202412080750;22.4;55.8;826.0;4.1;5.4;19;0.0
KENAI;202412080800;22.2;55.7;825.8;2.3;4.4;82;0.0
KENAI;202412080810;22.8;53.3;825.7;3.0;5.7;32;0.0
