784
VRXZ07 LSSW 110628
Station/Location;Date;tre200s0;uor200s0;prestas0;fkl010z0;fkl010z1;dkl010z0;rre150z0
KENAI;202507110430;-;80.2;826.7;0.7;0.8;216;0.0
KENAI;202507110440;-;79.9;826.7;0.5;1.2;163;0.0
KENAI;202507110450;-;80.2;826.7;0.4;1.5;277;0.0
KENAI;202507110500;-;78.4;826.6;0.8;1.8;214;0.0
KENAI;202507110510;-;74.9;826.6;0.7;2.1;172;0.0
KENAI;202507110520;16.7;73.2;826.7;0.8;2.3;222;0.0
KENAI;202507110530;-;71.4;826.9;1.7;2.2;219;0.0
KENAI;202507110540;-;73.6;826.9;0.4;2.2;273;0.0
KENAI;202507110550;-;74.4;826.9;0.6;1.6;110;0.0
KENAI;202507110600;-;72.3;827.2;0.0;1.7;0;0.0
KENAI;202507110610;-;70.8;827.3;0.0;1.9;0;0.0
KENAI;202507110620;-;69.9;827.4;1.1;2.5;94;0.0
