462
VRXZ07 LSSW 051538
Station/Location;Date;tre200s0;uor200s0;prestas0;fkl010z0;fkl010z1;dkl010z0;rre150z0
KENAI;202503051340;27.2;31.5;821.4;4.3;6.6;60;0.0
KENAI;202503051350;28.4;30.2;821.5;2.7;5.6;79;0.0
KENAI;202503051400;27.7;30.3;821.5;2.0;5.5;60;0.0
KENAI;202503051410;27.8;29.8;821.5;2.6;4.9;22;0.0
KENAI;202503051420;27.6;31.3;821.6;2.0;5.6;109;0.0
KENAI;202503051430;27.1;32.8;821.7;3.5;7.0;14;0.0
KENAI;202503051440;27.0;32.6;821.7;2.4;5.9;65;0.0
KENAI;202503051450;26.9;32.1;821.7;2.8;5.8;31;0.0
KENAI;202503051500;26.4;33.1;821.7;3.5;5.9;67;0.0
KENAI;202503051510;26.0;33.7;821.8;2.2;5.1;82;0.0
KENAI;202503051520;25.6;34.3;821.7;1.3;4.5;75;0.0
KENAI;202503051530;25.1;35.2;821.7;1.8;5.1;69;0.0
