607
VRXZ07 LSSW 020218
Station/Location;Date;tre200s0;uor200s0;prestas0;fkl010z0;fkl010z1;dkl010z0;rre150z0
KENAI;202504020020;17.6;92.3;821.8;1.2;3.9;60;0.0
KENAI;202504020030;17.6;92.2;821.7;1.9;4.4;46;0.0
KENAI;202504020040;17.6;92.4;821.8;1.1;4.3;57;0.0
KENAI;202504020050;17.7;92.1;821.7;1.9;4.3;31;0.0
KENAI;202504020100;17.6;92.5;821.8;1.5;4.0;39;0.0
KENAI;202504020110;17.6;92.5;821.8;0.7;2.7;315;0.0
KENAI;202504020120;17.7;92.5;821.8;2.0;4.8;31;0.0
KENAI;202504020130;17.7;92.7;822.0;1.4;4.2;331;0.0
KENAI;202504020140;17.7;92.2;822.2;0.9;4.0;30;0.0
KENAI;202504020150;17.7;91.7;822.3;1.2;2.9;103;0.0
KENAI;202504020200;17.7;91.6;822.3;1.4;4.0;30;0.0
KENAI;202504020210;17.7;92.0;822.4;1.0;3.9;2;0.0
