586
VRXZ07 LSSW 020608
Station/Location;Date;tre200s0;uor200s0;prestas0;fkl010z0;fkl010z1;dkl010z0;rre150z0
KENAI;202412020410;16.0;97.1;823.8;1.0;2.0;344;0.0
KENAI;202412020420;16.2;97.3;823.9;0.7;2.2;349;0.0
KENAI;202412020430;16.2;96.7;824.0;2.3;2.8;11;0.0
KENAI;202412020440;16.1;95.9;824.2;1.2;3.0;38;0.0
KENAI;202412020450;16.2;95.1;824.2;1.7;3.3;2;0.0
KENAI;202412020500;16.2;94.7;824.3;1.6;3.0;58;0.0
KENAI;202412020510;16.4;93.8;824.5;1.3;2.8;45;0.0
KENAI;202412020520;16.7;94.2;824.5;1.3;2.3;23;0.0
KENAI;202412020530;16.5;93.4;824.7;2.2;3.0;33;0.0
KENAI;202412020540;16.4;91.4;824.8;1.3;4.4;14;0.0
KENAI;202412020550;16.4;91.1;824.8;1.1;3.4;60;0.0
KENAI;202412020600;16.8;91.1;824.8;2.0;2.6;25;0.0
