043
VRXZ07 LSSW 102138
Station/Location;Date;tre200s0;uor200s0;prestas0;fkl010z0;fkl010z1;dkl010z0;rre150z0
KENAI;202508101940;-;78.5;825.5;0.4;1.5;360;0.0
KENAI;202508101950;17.2;75.9;825.5;0.5;1.8;121;0.0
KENAI;202508102000;-;67.5;825.6;0.7;3.8;150;0.0
KENAI;202508102010;17.4;69.1;825.5;0.7;1.8;143;0.0
KENAI;202508102020;17.0;67.0;825.5;1.4;2.0;125;0.0
KENAI;202508102030;16.8;68.0;825.5;1.3;2.7;90;0.0
KENAI;202508102040;-;69.7;825.5;0.6;2.1;86;0.0
KENAI;202508102050;16.2;71.4;825.4;2.6;3.3;152;0.0
KENAI;202508102100;15.6;73.3;825.2;0.6;2.2;114;0.0
KENAI;202508102110;-;74.5;825.2;0.5;2.6;47;0.0
KENAI;202508102120;15.1;75.8;825.2;0.8;1.1;120;0.0
KENAI;202508102130;-;76.9;825.2;0.9;1.1;103;0.0
