453
VRXZ07 LSSW 060558
Station/Location;Date;tre200s0;uor200s0;prestas0;fkl010z0;fkl010z1;dkl010z0;rre150z0
KENAI;202412060400;16.5;89.6;824.2;0.7;1.3;57;0.0
KENAI;202412060410;16.8;88.2;824.2;0.6;1.0;40;0.0
KENAI;202412060420;17.0;87.4;824.3;1.3;1.8;94;0.0
KENAI;202412060430;17.5;85.6;824.4;1.1;2.3;84;0.0
KENAI;202412060440;18.1;81.3;824.6;0.5;2.4;92;0.0
KENAI;202412060450;18.9;78.2;824.7;0.3;1.9;93;0.0
KENAI;202412060500;17.9;80.9;824.9;1.0;2.4;334;0.0
KENAI;202412060510;18.0;81.5;825.0;0.6;2.0;196;0.0
KENAI;202412060520;18.5;78.7;825.0;0.6;1.4;338;0.0
KENAI;202412060530;18.5;79.1;825.1;0.4;2.2;245;0.0
KENAI;202412060540;19.6;73.7;825.1;0.7;2.8;102;0.0
KENAI;202412060550;20.4;70.7;825.2;0.9;3.0;43;0.0
