111
VRXZ07 LSSW 090418
Station/Location;Date;tre200s0;uor200s0;prestas0;fkl010z0;fkl010z1;dkl010z0;rre150z0
KENAI;202412090220;16.6;87.8;824.4;0.6;3.7;47;0.0
KENAI;202412090230;16.6;87.4;824.4;1.9;3.1;336;0.0
KENAI;202412090240;16.5;87.5;824.4;2.4;3.9;22;0.0
KENAI;202412090250;16.5;88.2;824.5;1.4;3.6;5;0.0
KENAI;202412090300;16.4;88.4;824.7;1.7;3.2;9;0.0
KENAI;202412090310;16.3;88.6;824.8;1.1;2.2;18;0.0
KENAI;202412090320;16.2;88.8;824.8;1.1;3.4;60;0.0
KENAI;202412090330;16.1;89.2;824.8;2.2;2.7;20;0.0
KENAI;202412090340;16.3;88.3;824.8;0.6;2.3;36;0.0
KENAI;202412090350;16.5;87.6;824.8;1.1;1.7;337;0.0
KENAI;202412090400;16.8;86.2;824.7;2.0;2.3;14;0.0
KENAI;202412090410;17.2;84.5;824.9;0.6;2.7;338;0.0
