780
VRXZ07 LSSW 211338
Station/Location;Date;tre200s0;uor200s0;prestas0;fkl010z0;fkl010z1;dkl010z0;rre150z0
KENAI;202502211140;27.8;26.9;821.1;4.0;7.7;81;0.0
KENAI;202502211150;27.6;28.0;820.9;4.4;7.8;66;0.0
KENAI;202502211200;28.2;27.0;820.8;2.0;9.1;91;0.0
KENAI;202502211210;28.2;26.6;820.8;2.4;8.0;69;0.0
KENAI;202502211220;28.4;24.2;820.5;4.4;9.2;70;0.0
KENAI;202502211230;28.2;26.1;820.4;4.7;8.5;13;0.0
KENAI;202502211240;28.2;24.7;820.4;3.4;7.8;348;0.0
KENAI;202502211250;28.1;22.5;820.4;2.5;9.8;74;0.0
KENAI;202502211300;28.2;21.2;820.5;4.9;8.6;37;0.0
KENAI;202502211310;28.1;22.2;820.6;2.9;9.6;103;0.0
KENAI;202502211320;27.7;20.9;820.5;4.3;9.3;79;0.0
KENAI;202502211330;27.9;21.9;820.5;3.8;8.0;71;0.0
