526
VRXZ07 LSSW 200318
Station/Location;Date;tre200s0;uor200s0;prestas0;fkl010z0;fkl010z1;dkl010z0;rre150z0
KENAI;202504200120;15.9;93.5;822.8;1.3;2.4;307;0.0
KENAI;202504200130;15.8;93.7;823.0;0.6;1.6;188;0.0
KENAI;202504200140;15.8;93.3;822.9;1.0;1.4;180;0.0
KENAI;202504200150;15.8;94.2;823.0;1.0;1.5;180;0.0
KENAI;202504200200;15.6;95.2;823.1;0.6;1.4;237;0.0
KENAI;202504200210;15.7;95.2;823.2;0.4;0.8;246;0.0
KENAI;202504200220;15.7;94.5;823.2;0.7;1.5;198;0.0
KENAI;202504200230;15.6;94.7;823.2;0.4;1.0;236;0.0
KENAI;202504200240;15.6;95.0;823.2;0.0;0.6;0;0.0
KENAI;202504200250;15.2;94.9;823.4;1.4;1.8;41;0.0
KENAI;202504200300;15.4;95.8;823.5;0.7;1.8;84;0.0
KENAI;202504200310;15.6;96.6;823.6;1.5;2.4;47;0.0
