883
VRXZ07 LSSW 080128
Station/Location;Date;tre200s0;uor200s0;prestas0;fkl010z0;fkl010z1;dkl010z0;rre150z0
KENAI;202503072330;19.9;72.4;822.3;1.4;4.7;25;0.0
KENAI;202503072340;19.9;72.5;822.2;0.8;5.1;50;0.0
KENAI;202503072350;19.8;71.6;822.1;2.3;6.1;22;0.0
KENAI;202503080000;19.8;71.8;822.0;1.6;5.4;25;0.0
KENAI;202503080010;19.6;72.9;821.9;1.6;3.6;12;0.0
KENAI;202503080020;19.3;74.0;821.9;2.5;6.1;24;0.0
KENAI;202503080030;19.2;74.3;821.7;2.0;4.2;54;0.0
KENAI;202503080040;19.1;75.1;821.7;1.4;3.9;70;0.0
KENAI;202503080050;19.0;75.5;821.5;1.3;4.5;30;0.0
KENAI;202503080100;18.8;76.8;821.7;1.2;2.8;359;0.0
KENAI;202503080110;19.0;76.7;821.7;1.0;3.2;17;0.0
KENAI;202503080120;19.1;76.3;821.6;0.8;3.0;358;0.0
