683
VRXZ07 LSSW 051658
Station/Location;Date;tre200s0;uor200s0;prestas0;fkl010z0;fkl010z1;dkl010z0;rre150z0
KENAI;202502051500;23.6;50.9;820.4;1.5;3.8;40;0.0
KENAI;202502051510;23.4;50.0;820.6;1.5;5.2;50;0.0
KENAI;202502051520;23.2;50.5;820.7;1.9;4.4;44;0.0
KENAI;202502051530;22.8;51.2;820.7;1.9;4.1;66;0.0
KENAI;202502051540;22.5;52.1;820.9;2.0;4.9;36;0.0
KENAI;202502051550;22.1;53.5;821.0;1.0;5.1;22;0.0
KENAI;202502051600;21.7;54.6;821.2;2.2;5.5;29;0.0
KENAI;202502051610;21.5;56.0;821.1;2.2;5.5;356;0.0
KENAI;202502051620;21.2;57.6;821.4;3.7;4.8;56;0.0
KENAI;202502051630;21.0;58.2;821.4;2.0;4.5;35;0.0
KENAI;202502051640;20.8;58.9;821.4;2.4;5.7;53;0.0
KENAI;202502051650;20.7;59.2;821.7;2.1;5.0;21;0.0
