910
VRXZ07 LSSW 280948
Station/Location;Date;tre200s0;uor200s0;prestas0;fkl010z0;fkl010z1;dkl010z0;rre150z0
KENAI;202506280750;-;83.9;827.0;1.8;2.6;153;0.0
KENAI;202506280800;-;84.3;827.0;0.6;2.6;114;0.0
KENAI;202506280810;16.9;84.1;826.9;1.7;3.2;106;0.0
KENAI;202506280820;-;84.5;826.9;0.8;2.8;237;0.0
KENAI;202506280830;-;82.5;826.6;1.6;2.9;200;0.0
KENAI;202506280840;-;79.1;826.6;1.1;2.7;154;0.0
KENAI;202506280850;18.4;79.3;826.3;1.9;3.4;123;0.0
KENAI;202506280900;-;77.9;826.3;1.4;4.2;153;0.0
KENAI;202506280910;19.3;76.8;826.3;1.1;2.6;160;0.0
KENAI;202506280920;19.9;74.7;826.1;3.1;4.0;159;0.0
KENAI;202506280930;-;73.8;826.1;3.0;4.3;172;0.0
KENAI;202506280940;-;73.6;826.2;1.5;4.1;180;0.0
