126
VRXZ07 LSSW 071858
Station/Location;Date;tre200s0;uor200s0;prestas0;fkl010z0;fkl010z1;dkl010z0;rre150z0
KENAI;202505071700;-;89.2;823.8;0.5;1.6;136;0.0
KENAI;202505071710;-;90.2;824.0;0.4;0.8;78;0.0
KENAI;202505071720;17.5;90.3;824.2;0.5;0.7;167;0.0
KENAI;202505071730;17.4;91.6;824.4;0.4;0.6;286;0.0
KENAI;202505071740;17.4;90.5;824.4;0.7;1.6;145;0.0
KENAI;202505071750;-;89.5;824.3;0.0;1.8;0;0.0
KENAI;202505071800;-;88.4;824.5;1.1;1.4;81;0.0
KENAI;202505071810;17.4;88.6;824.6;0.0;1.8;0;0.0
KENAI;202505071820;-;86.6;824.7;0.7;2.2;91;0.0
KENAI;202505071830;17.5;87.2;824.8;0.0;2.3;0;0.0
KENAI;202505071840;17.4;88.0;824.9;0.5;2.6;122;0.0
KENAI;202505071850;17.4;87.6;825.1;1.7;3.7;148;0.0
