176
VRXZ07 LSSW 260438
Station/Location;Date;tre200s0;uor200s0;prestas0;fkl010z0;fkl010z1;dkl010z0;rre150z0
KENAI;202506260240;-;90.5;825.6;0.7;1.9;161;0.0
KENAI;202506260250;-;90.4;825.7;1.0;1.9;205;0.0
KENAI;202506260300;-;90.0;825.7;0.6;1.3;147;0.0
KENAI;202506260310;-;90.1;825.8;0.5;0.9;114;0.0
KENAI;202506260320;-;90.9;826.0;0.7;1.3;86;0.0
KENAI;202506260330;-;91.4;825.9;0.6;1.1;120;0.0
KENAI;202506260340;-;91.4;826.0;0.0;1.0;0;0.0
KENAI;202506260350;-;90.9;826.0;0.0;0.5;0;0.0
KENAI;202506260400;-;90.7;826.1;0.0;0.8;0;0.0
KENAI;202506260410;-;90.8;826.2;0.6;0.9;98;0.0
KENAI;202506260420;-;89.5;826.2;0.4;0.9;121;0.0
KENAI;202506260430;-;88.6;826.3;0.0;1.1;0;0.0
