634
VRXZ07 LSSW 141718
Station/Location;Date;tre200s0;uor200s0;prestas0;fkl010z0;fkl010z1;dkl010z0;rre150z0
KENAI;202504141520;22.0;66.9;822.7;1.6;3.6;24;0.0
KENAI;202504141530;21.7;68.1;822.8;1.3;3.0;64;0.0
KENAI;202504141540;21.6;69.2;822.8;0.5;2.2;56;0.0
KENAI;202504141550;21.5;70.3;823.0;0.6;2.2;62;0.0
KENAI;202504141600;21.6;69.5;823.1;0.7;4.5;103;0.0
KENAI;202504141610;21.5;69.2;823.3;0.6;4.0;55;0.0
KENAI;202504141620;21.5;69.3;823.5;0.9;4.3;90;0.0
KENAI;202504141630;21.3;70.0;823.8;3.6;4.7;99;0.0
KENAI;202504141640;21.2;70.9;824.0;1.9;5.3;19;0.0
KENAI;202504141650;21.1;71.6;824.0;2.5;6.5;65;0.0
KENAI;202504141700;20.9;73.4;824.1;1.9;5.7;57;0.0
KENAI;202504141710;20.7;74.2;824.1;2.0;4.9;79;0.0
