786
VRXZ07 LSSW 172008
Station/Location;Date;tre200s0;uor200s0;prestas0;fkl010z0;fkl010z1;dkl010z0;rre150z0
KENAI;202503171810;21.3;65.9;823.9;1.9;2.8;51;0.0
KENAI;202503171820;21.2;65.9;824.0;1.1;5.1;56;0.0
KENAI;202503171830;20.9;67.3;824.1;1.7;4.2;51;0.0
KENAI;202503171840;20.8;68.4;824.2;2.0;4.6;48;0.0
KENAI;202503171850;20.6;69.6;824.5;3.2;4.2;15;0.0
KENAI;202503171900;20.2;72.0;824.6;2.2;3.9;59;0.0
KENAI;202503171910;19.9;73.6;824.6;2.0;2.6;25;0.0
KENAI;202503171920;19.9;74.3;824.6;0.6;2.7;37;0.0
KENAI;202503171930;19.9;74.5;824.7;0.8;3.0;36;0.0
KENAI;202503171940;19.8;75.3;824.6;1.3;3.0;43;0.0
KENAI;202503171950;19.7;76.1;824.7;0.7;2.6;4;0.0
KENAI;202503172000;19.7;75.8;824.7;1.9;2.9;9;0.0
