208
VRXZ07 LSSW 191428
Station/Location;Date;tre200s0;uor200s0;prestas0;fkl010z0;fkl010z1;dkl010z0;rre150z0
KENAI;202502191230;27.6;21.3;821.5;2.6;6.1;58;0.0
KENAI;202502191240;27.9;24.0;821.4;0.6;3.3;13;0.0
KENAI;202502191250;27.8;22.5;821.4;1.7;4.7;99;0.0
KENAI;202502191300;27.9;20.3;821.3;1.0;5.6;94;0.0
KENAI;202502191310;28.0;19.4;821.3;1.5;5.2;262;0.0
KENAI;202502191320;27.7;20.7;821.2;3.5;5.8;95;0.0
KENAI;202502191330;27.6;21.2;821.1;1.0;4.2;77;0.0
KENAI;202502191340;27.7;22.5;821.1;2.9;4.6;91;0.0
KENAI;202502191350;27.8;21.6;821.0;1.6;5.6;55;0.0
KENAI;202502191400;27.8;19.6;821.0;1.7;6.0;66;0.0
KENAI;202502191410;27.6;21.2;821.1;1.7;5.5;65;0.0
KENAI;202502191420;27.4;23.5;821.1;3.5;4.9;6;0.0
