518
VRXZ07 LSSW 301648
Station/Location;Date;tre200s0;uor200s0;prestas0;fkl010z0;fkl010z1;dkl010z0;rre150z0
KENAI;202411301450;20.9;62.4;823.1;1.2;3.6;17;0.0
KENAI;202411301500;20.5;64.7;823.2;1.4;2.2;17;0.0
KENAI;202411301510;20.5;64.9;823.3;1.4;2.9;4;0.0
KENAI;202411301520;20.3;66.0;823.4;1.0;2.3;351;0.0
KENAI;202411301530;20.1;68.2;823.5;0.4;2.9;3;0.0
KENAI;202411301540;20.0;70.0;823.6;0.6;2.9;334;0.0
KENAI;202411301550;19.8;70.9;823.7;2.0;2.6;19;0.0
KENAI;202411301600;19.7;71.8;823.9;1.2;2.6;330;0.0
KENAI;202411301610;19.5;73.4;823.9;1.0;2.6;337;0.0
KENAI;202411301620;19.3;74.2;824.0;1.1;2.9;7;0.0
KENAI;202411301630;19.2;75.4;824.2;0.9;2.5;20;0.0
KENAI;202411301640;19.1;76.4;824.4;0.7;2.0;30;0.0
