364
VRXZ07 LSSW 021838
Station/Location;Date;tre200s0;uor200s0;prestas0;fkl010z0;fkl010z1;dkl010z0;rre150z0
KENAI;202507021640;-;64.8;825.7;0.8;4.2;98;0.0
KENAI;202507021650;-;64.8;825.6;3.9;5.0;97;0.0
KENAI;202507021700;19.2;64.9;825.8;1.0;4.2;56;0.0
KENAI;202507021710;-;65.8;826.0;1.0;3.5;83;0.0
KENAI;202507021720;-;64.9;826.1;0.7;4.0;106;0.0
KENAI;202507021730;18.9;65.3;826.1;2.2;3.5;128;0.0
KENAI;202507021740;-;65.4;826.1;0.9;3.3;113;0.0
KENAI;202507021750;-;64.9;826.2;0.8;3.5;130;0.0
KENAI;202507021800;-;65.3;826.2;0.8;3.1;156;0.0
KENAI;202507021810;-;65.5;826.2;1.7;2.6;150;0.0
KENAI;202507021820;-;65.4;826.3;0.9;2.7;139;0.0
KENAI;202507021830;-;66.5;826.4;0.7;2.6;135;0.0
