320
VRXZ07 LSSW 081658
Station/Location;Date;tre200s0;uor200s0;prestas0;fkl010z0;fkl010z1;dkl010z0;rre150z0
KENAI;202412081500;23.3;45.7;822.7;1.0;5.6;30;0.0
KENAI;202412081510;22.7;45.7;822.8;2.3;4.6;37;0.0
KENAI;202412081520;22.4;44.8;822.9;2.9;5.5;15;0.0
KENAI;202412081530;22.0;45.6;823.0;5.1;6.7;24;0.0
KENAI;202412081540;21.7;46.6;823.1;3.7;5.3;58;0.0
KENAI;202412081550;21.4;47.6;823.3;2.4;5.3;77;0.0
KENAI;202412081600;21.3;48.7;823.4;2.7;5.0;54;0.0
KENAI;202412081610;20.9;50.6;823.5;0.7;5.2;24;0.0
KENAI;202412081620;20.7;52.2;823.6;1.4;3.4;44;0.0
KENAI;202412081630;20.6;53.0;823.6;2.6;4.7;47;0.0
KENAI;202412081640;20.5;56.2;823.8;1.3;5.4;36;0.0
KENAI;202412081650;20.1;59.8;823.8;1.0;3.6;37;0.0
