710
VRXZ07 LSSW 281248
Station/Location;Date;tre200s0;uor200s0;prestas0;fkl010z0;fkl010z1;dkl010z0;rre150z0
KENAI;202504281050;24.7;51.3;822.0;0.4;3.5;140;0.0
KENAI;202504281100;24.6;49.6;821.8;0.4;3.1;201;0.0
KENAI;202504281110;24.0;53.2;821.7;2.0;3.6;173;0.0
KENAI;202504281120;23.7;51.0;821.6;0.0;3.5;0;0.0
KENAI;202504281130;25.6;48.4;821.5;0.9;5.8;163;0.0
KENAI;202504281140;25.3;48.4;821.3;2.4;4.0;73;0.0
KENAI;202504281150;-;-;-;-;3.5;-;-
KENAI;202504281200;-;47.1;820.8;1.1;3.2;282;0.0
KENAI;202504281210;-;46.1;820.7;0.4;4.1;196;0.0
KENAI;202504281220;25.5;44.6;820.7;0.7;4.3;186;0.0
KENAI;202504281230;24.9;45.5;820.7;2.6;3.6;88;0.0
KENAI;202504281240;25.4;45.6;820.5;0.9;3.1;179;0.0
