550
VRXZ07 LSSW 071528
Station/Location;Date;tre200s0;uor200s0;prestas0;fkl010z0;fkl010z1;dkl010z0;rre150z0
KENAI;202504071330;24.9;51.6;822.5;1.7;6.3;351;0.0
KENAI;202504071340;25.0;52.3;822.4;4.2;5.3;60;0.0
KENAI;202504071350;23.2;56.1;822.5;2.8;6.0;17;0.0
KENAI;202504071400;23.9;55.6;822.6;0.8;4.2;42;0.0
KENAI;202504071410;24.7;53.8;822.6;1.1;4.3;65;0.0
KENAI;202504071420;23.1;57.8;822.8;2.2;5.5;24;0.0
KENAI;202504071430;22.9;57.3;822.9;1.0;3.6;48;0.0
KENAI;202504071440;24.1;54.8;822.8;4.5;5.7;77;0.0
KENAI;202504071450;23.2;62.9;823.0;2.1;7.2;48;0.0
KENAI;202504071500;22.2;67.5;823.1;5.0;7.2;73;0.0
KENAI;202504071510;21.6;69.9;823.2;2.6;6.4;86;0.0
KENAI;202504071520;21.2;70.1;823.3;3.7;6.5;54;0.0
