917
VRXZ07 LSSW 141858
Station/Location;Date;tre200s0;uor200s0;prestas0;fkl010z0;fkl010z1;dkl010z0;rre150z0
KENAI;202504141700;20.9;73.4;824.1;1.9;5.7;57;0.0
KENAI;202504141710;20.7;74.2;824.1;2.0;4.9;79;0.0
KENAI;202504141720;20.5;75.4;824.4;2.0;4.4;72;0.0
KENAI;202504141730;20.2;76.7;824.5;1.5;3.9;50;0.0
KENAI;202504141740;20.1;76.9;824.7;1.5;4.3;71;0.0
KENAI;202504141750;19.9;77.4;824.8;1.3;4.5;65;0.0
KENAI;202504141800;19.8;78.2;825.0;1.8;3.8;111;0.0
KENAI;202504141810;19.7;78.9;825.0;0.6;2.2;107;0.0
KENAI;202504141820;19.6;79.1;825.3;1.2;3.2;68;0.0
KENAI;202504141830;19.5;79.2;825.1;1.6;3.9;85;0.0
KENAI;202504141840;19.5;79.6;825.2;0.7;3.3;50;0.0
KENAI;202504141850;19.4;80.5;825.2;1.0;3.6;15;0.0
