532
VRXZ07 LSSW 121958
Station/Location;Date;tre200s0;uor200s0;prestas0;fkl010z0;fkl010z1;dkl010z0;rre150z0
KENAI;202508121800;-;73.9;825.2;0.7;1.3;132;0.0
KENAI;202508121810;-;72.2;825.4;0.7;2.1;172;0.0
KENAI;202508121820;-;72.0;825.4;0.7;1.4;79;0.0
KENAI;202508121830;-;71.6;825.4;0.4;1.1;59;0.0
KENAI;202508121840;-;71.9;825.4;0.4;0.7;58;0.0
KENAI;202508121850;16.5;71.8;825.5;0.0;0.5;0;0.0
KENAI;202508121900;-;71.2;825.6;0.6;0.9;210;0.0
KENAI;202508121910;-;73.0;825.7;0.3;0.6;204;0.0
KENAI;202508121920;-;73.8;825.7;0.3;0.6;187;0.0
KENAI;202508121930;-;74.8;825.7;0.0;0.3;0;0.0
KENAI;202508121940;-;75.6;825.6;0.0;0.0;0;0.0
KENAI;202508121950;16.0;76.0;825.6;0.0;0.4;0;0.0
