309
VRXZ07 LSSW 161018
Station/Location;Date;tre200s0;uor200s0;prestas0;fkl010z0;fkl010z1;dkl010z0;rre150z0
KENAI;202504160820;22.8;59.2;826.4;1.3;4.4;49;0.0
KENAI;202504160830;23.1;59.4;826.3;1.1;4.3;17;0.0
KENAI;202504160840;22.3;64.1;826.2;0.8;3.7;102;0.0
KENAI;202504160850;23.2;58.5;826.1;2.5;4.7;25;0.0
KENAI;202504160900;22.3;61.0;826.0;3.3;4.5;53;0.0
KENAI;202504160910;23.6;52.8;825.7;1.4;5.2;94;0.0
KENAI;202504160920;23.7;61.4;825.7;0.5;7.8;55;0.0
KENAI;202504160930;23.8;55.6;825.5;2.4;5.0;69;0.0
KENAI;202504160940;23.5;53.7;825.3;2.4;5.7;25;0.0
KENAI;202504160950;23.8;54.6;825.1;3.3;4.8;112;0.0
KENAI;202504161000;24.7;51.7;825.0;3.9;5.3;73;0.0
KENAI;202504161010;24.5;51.4;824.9;1.4;4.2;5;0.0
