667
VRXZ07 LSSW 200758
Station/Location;Date;tre200s0;uor200s0;prestas0;fkl010z0;fkl010z1;dkl010z0;rre150z0
KENAI;202411200600;16.9;92.3;825.3;2.3;4.2;70;0.0
KENAI;202411200610;17.1;89.9;825.4;1.8;4.7;346;0.0
KENAI;202411200620;17.0;90.4;825.4;2.4;4.7;8;0.0
KENAI;202411200630;17.2;89.7;825.4;1.9;4.6;18;0.0
KENAI;202411200640;17.7;87.6;825.3;1.7;4.5;38;0.0
KENAI;202411200650;18.3;85.5;825.3;1.9;4.2;6;0.0
KENAI;202411200700;18.7;83.2;825.2;1.7;3.8;350;0.0
KENAI;202411200710;19.2;79.7;825.2;3.7;4.6;11;0.0
KENAI;202411200720;19.0;82.6;825.1;3.1;4.6;53;0.0
KENAI;202411200730;19.3;81.2;825.1;2.1;3.9;12;0.0
KENAI;202411200740;19.7;79.8;825.0;2.7;3.8;27;0.0
KENAI;202411200750;19.7;78.9;824.9;0.8;3.9;27;0.0
