728
VRXZ07 LSSW 200528
Station/Location;Date;tre200s0;uor200s0;prestas0;fkl010z0;fkl010z1;dkl010z0;rre150z0
KENAI;202411200330;16.4;93.5;824.3;1.4;3.7;58;0.0
KENAI;202411200340;16.5;94.1;824.3;1.8;3.1;65;0.0
KENAI;202411200350;16.3;94.6;824.5;1.0;2.5;53;0.0
KENAI;202411200400;16.2;95.3;824.5;1.8;3.4;51;0.0
KENAI;202411200410;16.2;95.7;824.7;0.6;2.5;47;0.0
KENAI;202411200420;16.1;95.2;824.8;1.4;2.9;360;0.0
KENAI;202411200430;16.0;95.1;824.9;1.4;3.0;70;0.0
KENAI;202411200440;16.1;95.1;825.1;0.6;2.8;328;0.0
KENAI;202411200450;16.4;94.9;825.1;2.3;3.4;27;0.0
KENAI;202411200500;16.4;94.0;825.2;1.4;3.5;58;0.0
KENAI;202411200510;16.4;94.3;825.3;1.7;3.0;4;0.0
KENAI;202411200520;16.7;95.1;825.2;3.2;3.8;20;0.0
