867
VRXZ07 LSSW 031108
Station/Location;Date;tre200s0;uor200s0;prestas0;fkl010z0;fkl010z1;dkl010z0;rre150z0
KENAI;202506030910;-;71.2;826.0;2.4;4.7;67;0.0
KENAI;202506030920;-;66.1;826.0;2.8;5.1;142;0.0
KENAI;202506030930;-;-;825.8;2.1;5.7;-;0.0
KENAI;202506030940;-;66.0;825.6;1.3;6.5;192;0.0
KENAI;202506030950;-;65.0;825.6;0.8;3.9;224;0.0
KENAI;202506031000;-;66.1;825.5;2.5;4.8;93;0.0
KENAI;202506031010;22.4;65.5;825.5;3.8;5.1;164;0.0
KENAI;202506031020;22.4;64.9;825.4;1.3;3.5;61;0.0
KENAI;202506031030;22.1;64.5;825.2;2.0;6.6;155;0.0
KENAI;202506031040;21.4;67.4;825.0;2.3;4.2;170;0.0
KENAI;202506031050;-;65.6;824.9;2.1;4.7;144;0.0
KENAI;202506031100;-;61.1;824.9;1.5;4.5;225;0.0
