992
VRXZ07 LSSW 251058
Station/Location;Date;tre200s0;uor200s0;prestas0;fkl010z0;fkl010z1;dkl010z0;rre150z0
KENAI;202506250900;-;54.1;826.6;0.9;4.7;58;0.0
KENAI;202506250910;-;59.7;826.5;2.1;7.0;131;0.0
KENAI;202506250920;-;58.6;826.5;1.8;3.8;187;0.0
KENAI;202506250930;21.2;57.0;826.2;2.6;3.7;117;0.0
KENAI;202506250940;-;55.1;826.1;1.9;3.7;112;0.0
KENAI;202506250950;22.0;51.6;826.1;3.5;4.9;72;0.0
KENAI;202506251000;-;49.2;825.9;3.6;4.4;40;0.0
KENAI;202506251010;-;49.6;825.8;1.2;5.2;37;0.0
KENAI;202506251020;22.7;49.7;825.7;2.8;5.2;85;0.0
KENAI;202506251030;22.4;53.0;825.6;1.4;4.4;26;0.0
KENAI;202506251040;-;51.5;825.5;1.7;5.7;44;0.0
KENAI;202506251050;22.4;51.2;825.5;1.4;3.7;152;0.0
