107
VRXZ07 LSSW 100418
Station/Location;Date;tre200s0;uor200s0;prestas0;fkl010z0;fkl010z1;dkl010z0;rre150z0
KENAI;202504100220;17.2;91.2;824.0;0.9;3.6;348;0.0
KENAI;202504100230;17.2;91.5;824.1;2.5;3.5;336;0.1
KENAI;202504100240;16.8;93.1;824.2;1.5;3.1;297;0.3
KENAI;202504100250;16.3;96.2;824.3;2.2;3.2;27;1.4
KENAI;202504100300;15.9;96.9;824.4;1.0;3.0;292;1.3
KENAI;202504100310;15.9;97.0;824.6;1.4;2.6;296;1.1
KENAI;202504100320;16.0;97.1;824.7;0.7;2.2;6;0.1
KENAI;202504100330;16.0;97.0;824.8;0.0;2.0;0;0.6
KENAI;202504100340;16.1;97.4;824.8;0.8;2.0;318;0.8
KENAI;202504100350;16.1;97.8;825.0;1.0;2.0;97;3.2
KENAI;202504100400;16.0;97.7;825.1;0.7;2.0;344;1.3
KENAI;202504100410;16.0;97.9;825.2;1.0;2.3;14;1.0
