701
VRXZ07 LSSW 250958
Station/Location;Date;tre200s0;uor200s0;prestas0;fkl010z0;fkl010z1;dkl010z0;rre150z0
KENAI;202506250800;-;59.5;827.2;1.8;3.7;340;0.0
KENAI;202506250810;-;60.0;827.1;1.1;6.0;148;0.0
KENAI;202506250820;-;59.1;827.0;1.3;3.2;101;0.0
KENAI;202506250830;-;61.2;826.8;0.7;4.2;110;0.0
KENAI;202506250840;-;58.1;826.7;1.4;4.4;149;0.0
KENAI;202506250850;-;61.5;826.7;1.1;3.7;84;0.0
KENAI;202506250900;-;54.1;826.6;0.9;4.7;58;0.0
KENAI;202506250910;-;59.7;826.5;2.1;7.0;131;0.0
KENAI;202506250920;-;58.6;826.5;1.8;3.8;187;0.0
KENAI;202506250930;21.2;57.0;826.2;2.6;3.7;117;0.0
KENAI;202506250940;-;55.1;826.1;1.9;3.7;112;0.0
KENAI;202506250950;22.0;51.6;826.1;3.5;4.9;72;0.0
