537
VRXZ07 LSSW 050918
Station/Location;Date;tre200s0;uor200s0;prestas0;fkl010z0;fkl010z1;dkl010z0;rre150z0
KENAI;202412050720;22.2;58.5;825.3;1.3;5.2;352;0.0
KENAI;202412050730;22.3;58.1;825.2;4.3;5.5;62;0.0
KENAI;202412050740;21.9;57.8;825.2;0.0;5.4;0;0.0
KENAI;202412050750;21.6;63.3;825.0;2.8;5.8;97;0.0
KENAI;202412050800;21.5;60.3;824.9;1.4;5.8;343;0.0
KENAI;202412050810;21.6;61.2;824.7;2.3;5.9;68;0.0
KENAI;202412050820;22.1;57.1;824.5;0.7;5.5;100;0.0
KENAI;202412050830;22.3;58.6;824.5;2.8;4.9;95;0.0
KENAI;202412050840;22.6;56.6;824.4;0.0;5.7;0;0.0
KENAI;202412050850;23.3;56.2;824.1;2.7;5.4;62;0.0
KENAI;202412050900;22.6;60.4;824.0;1.3;6.0;59;0.0
KENAI;202412050910;23.1;54.8;823.9;1.6;4.2;21;0.0
