051
VRXZ07 LSSW 130638
Station/Location;Date;tre200s0;uor200s0;prestas0;fkl010z0;fkl010z1;dkl010z0;rre150z0
KENAI;202502130440;17.2;90.7;824.3;0.9;5.7;22;0.0
KENAI;202502130450;17.2;92.4;824.5;2.9;3.8;337;0.3
KENAI;202502130500;16.9;93.2;824.5;2.5;4.5;359;1.7
KENAI;202502130510;16.7;96.1;824.6;3.4;5.4;98;0.0
KENAI;202502130520;16.6;96.3;824.8;1.2;6.0;27;0.1
KENAI;202502130530;16.9;96.6;825.0;2.4;3.7;99;0.0
KENAI;202502130540;16.7;95.5;825.3;2.3;6.0;69;0.0
KENAI;202502130550;17.1;95.8;825.4;1.6;5.1;52;0.0
KENAI;202502130600;16.9;94.2;825.3;1.5;6.2;41;0.0
KENAI;202502130610;16.9;93.7;825.3;0.9;5.4;35;0.0
KENAI;202502130620;17.3;93.1;825.4;1.6;5.9;10;0.0
KENAI;202502130630;17.1;92.1;825.4;2.3;7.5;60;0.0
