980
VRXZ07 LSSW 250958
Station/Location;Date;tre200s0;uor200s0;prestas0;fkl010z0;fkl010z1;dkl010z0;rre150z0
KENAI;202507250800;19.6;66.6;826.7;0.7;2.9;165;0.0
KENAI;202507250810;-;64.1;826.6;1.7;3.7;86;0.0
KENAI;202507250820;-;61.5;826.5;1.4;3.6;172;0.0
KENAI;202507250830;-;61.0;826.5;2.2;3.5;108;0.0
KENAI;202507250840;-;61.9;826.3;1.7;3.5;91;0.0
KENAI;202507250850;-;58.9;826.3;0.9;3.5;191;0.0
KENAI;202507250900;21.8;59.7;826.1;0.0;3.3;0;0.0
KENAI;202507250910;22.2;54.6;826.1;2.0;4.9;94;0.0
KENAI;202507250920;-;55.4;825.9;2.4;4.1;129;0.0
KENAI;202507250930;-;53.1;825.8;1.5;3.6;75;0.0
KENAI;202507250940;23.3;50.4;825.7;2.2;4.6;118;0.0
KENAI;202507250950;23.3;50.0;825.6;1.4;4.5;108;0.0
