394
VRXZ07 LSSW 121128
Station/Location;Date;tre200s0;uor200s0;prestas0;fkl010z0;fkl010z1;dkl010z0;rre150z0
KENAI;202508120930;-;70.0;825.6;0.8;3.7;55;0.0
KENAI;202508120940;-;70.5;825.5;1.1;2.8;21;0.0
KENAI;202508120950;-;69.5;825.4;1.3;4.1;117;0.0
KENAI;202508121000;17.9;71.4;825.4;1.6;3.0;107;0.0
KENAI;202508121010;-;-;825.3;2.0;3.2;-;0.0
KENAI;202508121020;-;73.8;825.2;2.1;2.7;57;0.0
KENAI;202508121030;17.3;75.1;825.1;1.0;3.1;111;0.0
KENAI;202508121040;-;75.1;825.0;1.0;3.7;50;0.0
KENAI;202508121050;-;75.3;824.9;1.8;3.1;56;0.0
KENAI;202508121100;-;74.9;824.8;1.0;3.0;78;0.0
KENAI;202508121110;-;74.8;824.8;1.5;3.4;73;0.0
KENAI;202508121120;-;73.9;824.8;1.6;3.2;82;0.0
