571
VRXZ07 LSSW 081728
Station/Location;Date;tre200s0;uor200s0;prestas0;fkl010z0;fkl010z1;dkl010z0;rre150z0
KENAI;202503081530;24.8;-;819.3;2.4;6.2;-;0.0
KENAI;202503081540;24.7;49.2;819.4;2.0;5.2;34;0.0
KENAI;202503081550;24.6;49.8;819.6;2.3;4.7;5;0.0
KENAI;202503081600;24.4;50.5;819.8;4.3;5.0;8;0.0
KENAI;202503081610;24.3;50.7;820.1;1.9;5.6;40;0.0
KENAI;202503081620;24.3;51.2;820.2;2.3;8.9;357;0.0
KENAI;202503081630;24.2;-;820.4;2.5;6.0;-;0.0
KENAI;202503081640;24.0;52.5;820.7;2.5;5.1;13;0.0
KENAI;202503081650;23.9;53.3;820.8;1.6;5.0;26;0.0
KENAI;202503081700;23.8;54.0;820.8;2.7;4.8;29;0.0
KENAI;202503081710;23.6;54.5;820.8;3.0;5.4;56;0.0
KENAI;202503081720;23.4;55.2;820.9;2.3;3.9;51;0.0
