466
VRXZ07 LSSW 122308
Station/Location;Date;tre200s0;uor200s0;prestas0;fkl010z0;fkl010z1;dkl010z0;rre150z0
KENAI;202502122110;18.2;88.3;823.8;2.0;6.7;30;0.0
KENAI;202502122120;18.1;88.7;823.7;2.1;6.2;59;0.0
KENAI;202502122130;18.2;88.4;823.7;1.5;5.4;28;0.0
KENAI;202502122140;18.1;88.4;823.6;3.0;5.8;49;0.0
KENAI;202502122150;18.1;88.5;823.3;2.7;5.8;30;0.0
KENAI;202502122200;17.9;89.0;823.3;3.1;5.8;50;0.0
KENAI;202502122210;17.9;89.1;823.2;2.4;6.4;14;0.0
KENAI;202502122220;17.9;88.8;823.2;2.3;5.9;21;0.0
KENAI;202502122230;18.0;89.0;823.0;2.2;3.6;68;0.0
KENAI;202502122240;18.0;88.2;823.1;2.1;6.0;42;0.0
KENAI;202502122250;17.9;88.3;822.9;1.4;4.5;24;0.0
KENAI;202502122300;17.8;88.2;822.8;2.0;6.0;18;0.0
