994
VRXZ07 LSSW 151818
Station/Location;Date;tre200s0;uor200s0;prestas0;fkl010z0;fkl010z1;dkl010z0;rre150z0
KENAI;202505151620;20.1;72.8;824.1;0.9;3.6;117;0.0
KENAI;202505151630;19.9;73.8;824.2;1.9;4.0;85;0.0
KENAI;202505151640;19.8;74.4;824.3;1.4;3.1;68;0.0
KENAI;202505151650;19.8;75.0;824.5;1.9;3.4;77;0.0
KENAI;202505151700;19.8;74.9;824.5;0.9;2.1;74;0.0
KENAI;202505151710;19.7;75.1;824.6;0.8;2.5;42;0.0
KENAI;202505151720;19.6;74.7;824.7;0.9;2.7;40;0.0
KENAI;202505151730;19.6;75.0;824.9;1.8;3.1;37;0.0
KENAI;202505151740;19.5;75.6;824.8;1.3;3.6;91;0.0
KENAI;202505151750;19.2;76.4;824.9;0.6;3.1;91;0.0
KENAI;202505151800;19.1;77.7;824.9;0.6;2.4;96;0.0
KENAI;202505151810;-;78.4;825.0;0.8;1.3;85;0.0
