214
VRXZ07 LSSW 090518
Station/Location;Date;tre200s0;uor200s0;prestas0;fkl010z0;fkl010z1;dkl010z0;rre150z0
KENAI;202506090320;-;90.3;826.4;0.5;0.9;294;0.0
KENAI;202506090330;-;90.3;826.6;0.4;0.7;187;0.0
KENAI;202506090340;-;91.3;826.6;0.7;0.9;287;0.0
KENAI;202506090350;-;91.5;826.7;0.5;0.7;84;0.0
KENAI;202506090400;-;93.1;826.7;0.0;0.7;0;0.0
KENAI;202506090410;-;88.6;826.9;0.4;0.8;198;0.0
KENAI;202506090420;-;84.6;827.0;0.4;0.5;338;0.0
KENAI;202506090430;17.5;81.1;827.1;0.0;0.6;0;0.0
KENAI;202506090440;17.4;78.9;827.1;0.0;1.2;0;0.0
KENAI;202506090450;17.4;78.4;827.3;1.1;1.6;78;0.0
KENAI;202506090500;16.8;81.6;827.6;0.8;2.3;180;0.0
KENAI;202506090510;16.5;83.7;827.6;1.1;2.8;172;0.0
