653
VRXZ07 LSSW 032248
Station/Location;Date;tre200s0;uor200s0;prestas0;fkl010z0;fkl010z1;dkl010z0;rre150z0
KENAI;202504032050;18.0;94.0;824.8;3.0;5.8;64;0.0
KENAI;202504032100;18.0;94.0;824.7;2.3;4.9;42;0.0
KENAI;202504032110;17.8;94.5;824.7;0.9;4.1;101;0.0
KENAI;202504032120;17.6;94.4;824.7;2.2;4.8;71;0.0
KENAI;202504032130;17.5;94.2;824.5;1.5;4.4;109;0.0
KENAI;202504032140;17.4;94.4;824.4;1.5;4.2;106;0.0
KENAI;202504032150;17.2;94.6;824.2;1.2;4.7;84;0.0
KENAI;202504032200;17.2;95.1;824.2;1.1;2.5;68;0.0
KENAI;202504032210;17.3;95.5;824.0;0.6;1.7;47;0.0
KENAI;202504032220;17.3;95.7;823.7;1.0;2.6;84;0.0
KENAI;202504032230;17.3;95.7;823.7;0.7;2.5;89;0.0
KENAI;202504032240;17.2;95.0;823.6;0.9;2.8;96;0.0
