903
VRXZ07 LSSW 251248
Station/Location;Date;tre200s0;uor200s0;prestas0;fkl010z0;fkl010z1;dkl010z0;rre150z0
KENAI;202507251050;24.9;43.4;824.5;1.3;6.7;103;0.0
KENAI;202507251100;25.0;41.9;824.3;2.0;5.1;104;0.0
KENAI;202507251110;-;44.5;824.1;1.9;4.7;270;0.0
KENAI;202507251120;-;42.0;824.0;2.6;4.3;163;0.0
KENAI;202507251130;-;40.3;823.9;2.8;4.7;149;0.0
KENAI;202507251140;-;40.8;823.7;0.8;3.7;68;0.0
KENAI;202507251150;-;42.2;823.7;2.3;7.7;132;0.0
KENAI;202507251200;25.8;43.2;823.6;0.8;4.6;239;0.0
KENAI;202507251210;26.3;40.7;823.5;1.9;4.7;143;0.0
KENAI;202507251220;24.6;43.8;823.4;1.5;4.8;127;0.0
KENAI;202507251230;25.0;42.0;823.3;1.2;5.9;177;0.0
KENAI;202507251240;-;42.5;823.3;2.0;6.2;123;0.0
