459
VRXZ07 LSSW 222338
Station/Location;Date;tre200s0;uor200s0;prestas0;fkl010z0;fkl010z1;dkl010z0;rre150z0
KENAI;202504222140;16.7;93.7;824.4;1.8;3.7;50;0.0
KENAI;202504222150;16.5;94.7;824.5;2.7;4.4;36;0.0
KENAI;202504222200;16.6;96.5;824.5;1.5;4.7;58;0.3
KENAI;202504222210;16.6;97.1;824.2;1.4;3.9;82;0.0
KENAI;202504222220;16.6;97.5;824.0;1.5;3.4;48;0.1
KENAI;202504222230;16.6;97.7;824.0;1.4;2.5;30;0.0
KENAI;202504222240;16.5;97.8;823.8;1.8;3.6;41;0.0
KENAI;202504222250;16.5;98.0;823.6;1.6;3.4;5;0.0
KENAI;202504222300;16.5;98.1;823.6;1.8;4.6;22;0.0
KENAI;202504222310;16.4;98.3;823.5;1.3;4.8;22;0.0
KENAI;202504222320;16.3;98.4;823.4;1.4;2.9;53;0.0
KENAI;202504222330;16.4;98.5;823.4;1.4;3.1;6;0.0
