131
VRXZ07 LSSW 241838
Station/Location;Date;tre200s0;uor200s0;prestas0;fkl010z0;fkl010z1;dkl010z0;rre150z0
KENAI;202506241640;-;56.0;825.3;1.1;2.6;96;0.0
KENAI;202506241650;-;55.2;825.3;1.4;4.1;104;0.0
KENAI;202506241700;-;56.6;825.4;1.3;3.1;100;0.0
KENAI;202506241710;-;56.3;825.6;1.2;4.1;57;0.0
KENAI;202506241720;-;56.8;825.7;1.7;5.0;52;0.0
KENAI;202506241730;-;57.3;825.9;1.9;3.7;42;0.0
KENAI;202506241740;-;58.1;826.0;2.0;3.1;104;0.0
KENAI;202506241750;18.7;57.8;826.2;0.9;3.0;96;0.0
KENAI;202506241800;-;58.0;826.4;0.8;2.9;86;0.0
KENAI;202506241810;-;58.4;826.5;0.8;2.8;89;0.0
KENAI;202506241820;-;59.7;826.5;0.6;2.3;77;0.0
KENAI;202506241830;-;60.0;826.7;0.5;1.6;98;0.0
