532
VRXZ07 LSSW 222118
Station/Location;Date;tre200s0;uor200s0;prestas0;fkl010z0;fkl010z1;dkl010z0;rre150z0
KENAI;202502221920;19.5;50.4;825.0;2.1;4.9;8;0.0
KENAI;202502221930;19.3;51.4;825.0;2.3;5.3;24;0.0
KENAI;202502221940;19.2;52.2;825.0;1.7;4.8;41;0.0
KENAI;202502221950;18.9;53.0;825.1;2.6;3.8;26;0.0
KENAI;202502222000;18.8;53.8;825.4;1.3;3.2;6;0.0
KENAI;202502222010;18.7;54.4;825.2;1.2;4.6;18;0.0
KENAI;202502222020;18.6;55.1;825.2;1.0;3.9;29;0.0
KENAI;202502222030;18.4;56.1;825.2;1.6;3.0;3;0.0
KENAI;202502222040;18.2;56.9;825.2;1.6;3.3;7;0.0
KENAI;202502222050;17.9;58.3;825.2;1.1;2.1;42;0.0
KENAI;202502222100;17.9;58.7;825.1;1.0;3.2;41;0.0
KENAI;202502222110;17.9;59.1;824.9;0.8;3.0;360;0.0
