030
VRXZ07 LSSW 281118
Station/Location;Date;tre200s0;uor200s0;prestas0;fkl010z0;fkl010z1;dkl010z0;rre150z0
KENAI;202502280920;27.9;25.8;824.6;3.6;5.8;39;0.0
KENAI;202502280930;27.7;27.0;824.4;3.0;5.8;35;0.0
KENAI;202502280940;27.6;25.1;824.3;1.6;5.3;81;0.0
KENAI;202502280950;28.1;23.8;824.0;2.8;6.4;60;0.0
KENAI;202502281000;28.5;20.7;823.9;2.2;5.3;10;0.0
KENAI;202502281010;28.4;20.3;823.7;3.4;6.8;4;0.0
KENAI;202502281020;28.6;23.8;823.5;2.4;5.6;38;0.0
KENAI;202502281030;28.4;23.7;823.3;2.2;6.2;329;0.0
KENAI;202502281040;28.7;21.4;823.1;2.0;4.8;331;0.0
KENAI;202502281050;28.9;22.2;823.0;3.2;6.1;76;0.0
KENAI;202502281100;29.2;21.6;822.9;2.1;6.3;347;0.0
KENAI;202502281110;29.2;21.2;822.5;2.0;6.3;286;0.0
