516
VRXZ07 LSSW 101658
Station/Location;Date;tre200s0;uor200s0;prestas0;fkl010z0;fkl010z1;dkl010z0;rre150z0
KENAI;202507101500;19.2;63.0;824.8;0.9;3.3;225;0.0
KENAI;202507101510;-;62.0;824.9;1.2;3.7;239;0.0
KENAI;202507101520;-;62.7;825.0;0.5;1.7;194;0.0
KENAI;202507101530;-;64.1;825.1;0.9;3.3;294;0.0
KENAI;202507101540;-;65.5;825.2;0.9;4.0;266;0.0
KENAI;202507101550;-;65.6;825.2;1.7;3.9;280;0.0
KENAI;202507101600;-;66.3;825.2;1.9;3.2;270;0.0
KENAI;202507101610;18.1;66.5;825.2;1.2;2.6;248;0.0
KENAI;202507101620;-;66.8;825.2;0.0;2.2;0;0.0
KENAI;202507101630;-;66.6;825.3;0.4;1.2;231;0.0
KENAI;202507101640;-;66.9;825.3;0.5;1.7;278;0.0
KENAI;202507101650;-;67.6;825.4;0.7;1.4;240;0.0
