033
VRXZ07 LSSW 081448
Station/Location;Date;tre200s0;uor200s0;prestas0;fkl010z0;fkl010z1;dkl010z0;rre150z0
KENAI;202508081250;-;73.9;822.6;1.0;4.6;110;0.0
KENAI;202508081300;-;73.1;822.5;1.1;5.7;95;0.0
KENAI;202508081310;18.7;75.9;822.8;2.3;4.3;136;0.0
KENAI;202508081320;-;78.5;822.6;3.2;4.6;144;0.0
KENAI;202508081330;18.0;79.7;822.7;1.4;3.7;111;0.0
KENAI;202508081340;-;78.3;822.7;1.2;2.9;125;0.0
KENAI;202508081350;-;78.2;822.9;1.5;4.3;157;0.0
KENAI;202508081400;-;79.4;823.1;1.8;4.0;133;0.0
KENAI;202508081410;-;79.5;823.1;2.2;4.2;118;0.0
KENAI;202508081420;-;80.1;823.3;1.8;4.1;154;0.0
KENAI;202508081430;17.8;80.9;823.4;1.5;3.1;124;0.0
KENAI;202508081440;-;81.2;823.5;1.0;2.9;118;0.0
