061
VRXZ07 LSSW 150608
Station/Location;Date;tre200s0;uor200s0;prestas0;fkl010z0;fkl010z1;dkl010z0;rre150z0
KENAI;202504150410;17.1;92.3;824.7;1.9;2.3;87;0.0
KENAI;202504150420;17.3;91.8;824.9;0.0;1.2;0;0.0
KENAI;202504150430;17.5;91.0;825.0;1.3;2.1;55;0.0
KENAI;202504150440;17.5;89.4;825.0;1.9;3.3;54;0.0
KENAI;202504150450;17.6;89.2;825.0;2.2;3.4;37;0.0
KENAI;202504150500;19.1;82.4;825.0;1.1;3.1;21;0.0
KENAI;202504150510;19.4;78.6;825.0;1.5;3.8;32;0.0
KENAI;202504150520;19.3;79.7;825.2;0.9;3.4;38;0.0
KENAI;202504150530;18.7;80.3;825.4;2.0;3.0;78;0.0
KENAI;202504150540;18.4;82.2;825.6;0.5;2.3;48;0.0
KENAI;202504150550;18.7;83.7;825.6;1.2;2.9;78;0.0
KENAI;202504150600;19.0;81.4;825.7;0.7;1.8;90;0.0
