197
VRXZ07 LSSW 091058
Station/Location;Date;tre200s0;uor200s0;prestas0;fkl010z0;fkl010z1;dkl010z0;rre150z0
KENAI;202502090900;25.5;42.2;823.8;2.5;4.3;70;0.0
KENAI;202502090910;25.4;42.4;823.6;1.7;4.3;67;0.0
KENAI;202502090920;26.1;46.1;823.4;2.4;4.8;343;0.0
KENAI;202502090930;26.2;47.1;823.3;1.7;4.7;95;0.0
KENAI;202502090940;26.2;45.5;823.1;2.0;4.1;98;0.0
KENAI;202502090950;27.2;40.7;823.0;3.3;5.4;76;0.0
KENAI;202502091000;26.8;45.9;822.9;3.0;4.6;19;0.0
KENAI;202502091010;26.5;44.6;822.6;3.5;4.4;89;0.0
KENAI;202502091020;26.8;40.8;822.5;0.5;4.4;300;0.0
KENAI;202502091030;25.6;42.9;822.3;0.9;4.3;317;0.0
KENAI;202502091040;26.8;38.3;822.1;2.2;3.7;48;0.0
KENAI;202502091050;27.7;35.1;822.0;2.9;5.4;27;0.0
