644
VRXZ07 LSSW 050558
Station/Location;Date;tre200s0;uor200s0;prestas0;fkl010z0;fkl010z1;dkl010z0;rre150z0
KENAI;202504050400;17.2;94.2;823.3;0.0;1.8;0;0.0
KENAI;202504050410;17.4;94.2;823.4;0.8;2.1;161;0.0
KENAI;202504050420;17.4;93.6;823.6;0.5;2.2;111;0.0
KENAI;202504050430;17.6;92.8;823.7;0.7;2.2;113;0.0
KENAI;202504050440;17.6;92.8;824.0;0.6;2.0;107;0.0
KENAI;202504050450;17.7;91.7;824.1;1.3;2.8;114;0.0
KENAI;202504050500;17.9;91.2;824.2;1.0;2.8;43;0.0
KENAI;202504050510;17.9;90.3;824.5;2.2;3.5;120;0.0
KENAI;202504050520;18.3;89.7;824.7;0.0;2.8;0;0.0
KENAI;202504050530;18.5;88.4;824.7;0.9;3.6;64;0.0
KENAI;202504050540;18.4;88.6;824.6;1.1;3.2;63;0.0
KENAI;202504050550;18.5;87.3;824.6;1.1;3.1;79;0.0
