624
VRXZ07 LSSW 111328
Station/Location;Date;tre200s0;uor200s0;prestas0;fkl010z0;fkl010z1;dkl010z0;rre150z0
KENAI;202508111130;-;58.4;824.1;1.3;4.7;87;0.0
KENAI;202508111140;-;56.3;823.9;2.4;4.2;31;0.0
KENAI;202508111150;22.1;55.2;823.7;0.7;4.9;93;0.0
KENAI;202508111200;-;59.0;823.6;1.7;5.8;80;0.0
KENAI;202508111210;21.6;57.0;823.5;1.6;5.1;57;0.0
KENAI;202508111220;-;57.7;823.4;1.7;4.8;134;0.0
KENAI;202508111230;-;57.1;823.3;1.0;4.4;74;0.0
KENAI;202508111240;-;59.3;823.2;1.4;5.0;140;0.0
KENAI;202508111250;-;59.0;823.2;2.7;4.3;64;0.0
KENAI;202508111300;-;60.6;823.1;2.5;4.0;148;0.0
KENAI;202508111310;-;58.7;823.1;2.3;4.8;70;0.0
KENAI;202508111320;-;59.5;823.1;1.6;5.2;74;0.0
