974
VRXZ07 LSSW 040438
Station/Location;Date;tre200s0;uor200s0;prestas0;fkl010z0;fkl010z1;dkl010z0;rre150z0
KENAI;202508040240;12.8;86.5;826.1;0.5;1.4;148;0.0
KENAI;202508040250;-;86.7;826.1;0.5;0.9;139;0.0
KENAI;202508040300;12.9;86.7;826.2;0.8;1.4;169;0.0
KENAI;202508040310;-;86.3;826.2;0.3;1.4;132;0.0
KENAI;202508040320;-;85.3;826.3;1.1;1.7;179;0.0
KENAI;202508040330;-;85.0;826.3;1.0;2.3;218;0.0
KENAI;202508040340;-;84.2;826.4;0.9;2.7;147;0.0
KENAI;202508040350;-;83.7;826.5;0.8;2.9;224;0.0
KENAI;202508040400;-;83.4;826.7;1.2;2.6;181;0.0
KENAI;202508040410;-;82.5;826.7;1.3;2.9;206;0.0
KENAI;202508040420;-;81.1;827.0;0.7;2.8;190;0.0
KENAI;202508040430;-;80.6;827.1;0.4;2.4;111;0.0
