601
VRXZ07 LSSW 290948
Station/Location;Date;tre200s0;uor200s0;prestas0;fkl010z0;fkl010z1;dkl010z0;rre150z0
KENAI;202503290750;22.2;65.8;824.4;1.1;3.1;360;0.0
KENAI;202503290800;22.6;64.7;824.3;1.8;2.4;354;0.0
KENAI;202503290810;22.6;63.9;824.3;0.9;2.9;265;0.0
KENAI;202503290820;22.6;64.9;824.1;0.7;2.5;285;0.0
KENAI;202503290830;22.8;62.5;824.0;0.6;2.3;148;0.0
KENAI;202503290840;23.9;60.2;823.7;2.3;3.4;63;0.0
KENAI;202503290850;23.8;60.4;823.6;1.6;3.6;73;0.0
KENAI;202503290900;23.4;61.4;823.6;1.5;2.8;76;0.0
KENAI;202503290910;23.6;64.0;823.4;1.0;4.1;36;0.0
KENAI;202503290920;24.3;61.0;823.3;1.2;4.2;41;0.0
KENAI;202503290930;24.4;60.5;823.1;1.8;3.7;48;0.0
KENAI;202503290940;24.1;59.2;823.0;0.9;3.6;295;0.0
