426
VRXZ07 LSSW 150908
Station/Location;Date;tre200s0;uor200s0;prestas0;fkl010z0;fkl010z1;dkl010z0;rre150z0
KENAI;202503150710;23.2;58.1;825.6;2.3;4.8;38;0.0
KENAI;202503150720;23.5;57.8;825.6;1.9;5.7;355;0.0
KENAI;202503150730;24.0;53.3;825.5;2.7;5.4;355;0.0
KENAI;202503150740;24.4;51.3;825.3;4.0;5.8;61;0.0
KENAI;202503150750;24.3;51.2;825.0;3.9;7.1;344;0.0
KENAI;202503150800;24.2;53.8;824.8;3.4;9.0;38;0.0
KENAI;202503150810;24.8;48.4;824.6;3.1;8.6;41;0.0
KENAI;202503150820;25.0;50.6;824.5;1.4;7.6;52;0.0
KENAI;202503150830;25.1;49.3;824.3;1.7;6.2;81;0.0
KENAI;202503150840;25.7;48.1;824.2;4.3;6.6;50;0.0
KENAI;202503150850;25.6;48.7;824.1;4.3;6.9;32;0.0
KENAI;202503150900;25.1;51.6;823.9;3.8;7.9;47;0.0
