602
VRXZ07 LSSW 112338
Station/Location;Date;tre200s0;uor200s0;prestas0;fkl010z0;fkl010z1;dkl010z0;rre150z0
KENAI;202505112140;15.9;97.5;825.8;0.4;2.7;286;0.0
KENAI;202505112150;15.9;97.7;825.7;1.5;2.3;302;0.0
KENAI;202505112200;-;97.7;825.6;0.9;2.3;264;0.0
KENAI;202505112210;-;97.5;825.6;0.8;1.6;188;0.0
KENAI;202505112220;15.9;97.7;825.5;0.3;1.0;259;0.0
KENAI;202505112230;-;97.8;825.3;0.4;0.8;197;0.0
KENAI;202505112240;-;97.7;825.2;0.5;0.8;196;0.0
KENAI;202505112250;15.9;97.7;825.2;0.6;1.1;231;0.0
KENAI;202505112300;-;97.7;825.0;0.6;1.4;254;0.0
KENAI;202505112310;15.9;97.1;824.9;0.3;1.5;122;0.0
KENAI;202505112320;15.9;97.0;824.8;0.6;2.0;296;0.0
KENAI;202505112330;15.9;97.1;824.8;0.0;1.2;0;0.0
