154
VRXZ07 LSSW 141728
Station/Location;Date;tre200s0;uor200s0;prestas0;fkl010z0;fkl010z1;dkl010z0;rre150z0
KENAI;202502141530;24.0;44.2;822.4;1.8;4.9;68;0.0
KENAI;202502141540;23.9;43.8;822.5;2.6;5.8;73;0.0
KENAI;202502141550;23.5;44.2;822.6;2.8;6.2;66;0.0
KENAI;202502141600;23.2;44.9;822.7;1.9;6.0;73;0.0
KENAI;202502141610;22.8;46.2;822.9;1.6;3.2;86;0.0
KENAI;202502141620;22.6;46.3;822.9;2.9;4.2;70;0.0
KENAI;202502141630;22.4;47.5;823.1;1.3;4.4;12;0.0
KENAI;202502141640;22.4;48.1;823.2;0.6;3.5;33;0.0
KENAI;202502141650;22.3;49.1;823.2;2.0;4.8;78;0.0
KENAI;202502141700;22.1;50.1;823.4;0.6;3.5;78;0.0
KENAI;202502141710;22.0;50.9;823.4;0.8;3.3;44;0.0
KENAI;202502141720;21.9;51.4;823.5;0.7;3.5;31;0.0
