957
VRXZ07 LSSW 050728
Station/Location;Date;tre200s0;uor200s0;prestas0;fkl010z0;fkl010z1;dkl010z0;rre150z0
KENAI;202412050530;18.1;78.6;825.2;1.4;3.0;21;0.0
KENAI;202412050540;19.2;74.2;825.3;0.9;2.3;11;0.0
KENAI;202412050550;19.8;72.2;825.3;1.2;2.4;101;0.0
KENAI;202412050600;19.4;73.9;825.4;0.9;2.4;171;0.0
KENAI;202412050610;20.3;70.5;825.3;1.2;3.6;108;0.0
KENAI;202412050620;20.1;67.8;825.4;1.5;4.8;110;0.0
KENAI;202412050630;20.4;63.8;825.4;1.7;3.8;34;0.0
KENAI;202412050640;20.8;63.2;825.3;1.4;3.4;74;0.0
KENAI;202412050650;20.9;62.9;825.3;1.5;3.5;79;0.0
KENAI;202412050700;21.2;66.5;825.3;2.1;3.2;358;0.0
KENAI;202412050710;21.9;61.2;825.3;2.8;4.7;93;0.0
KENAI;202412050720;22.2;58.5;825.3;1.3;5.2;352;0.0
