649
VRXZ07 LSSW 021908
Station/Location;Date;tre200s0;uor200s0;prestas0;fkl010z0;fkl010z1;dkl010z0;rre150z0
KENAI;202506021710;-;68.7;825.9;1.2;2.5;177;0.0
KENAI;202506021720;19.7;68.9;826.0;0.8;2.7;113;0.0
KENAI;202506021730;-;69.0;826.1;0.9;2.7;128;0.0
KENAI;202506021740;-;69.1;826.2;1.7;3.6;147;0.0
KENAI;202506021750;-;70.0;826.3;0.3;2.4;187;0.0
KENAI;202506021800;19.3;70.9;826.5;0.5;1.9;143;0.0
KENAI;202506021810;-;71.5;826.6;0.9;3.2;94;0.0
KENAI;202506021820;-;71.5;826.7;1.0;3.0;107;0.0
KENAI;202506021830;-;70.9;826.6;1.0;2.8;93;0.0
KENAI;202506021840;-;71.4;826.6;1.2;3.1;139;0.0
KENAI;202506021850;-;72.2;826.6;0.6;2.9;164;0.0
KENAI;202506021900;-;73.3;826.6;0.7;1.7;97;0.0
