922
VRXZ07 LSSW 182318
Station/Location;Date;tre200s0;uor200s0;prestas0;fkl010z0;fkl010z1;dkl010z0;rre150z0
KENAI;202506182120;-;95.4;826.4;0.8;1.5;191;0.0
KENAI;202506182130;-;95.0;826.5;0.3;1.1;177;0.0
KENAI;202506182140;15.4;94.8;826.5;0.4;0.7;126;0.0
KENAI;202506182150;15.4;94.7;826.5;0.5;1.2;114;0.0
KENAI;202506182200;14.9;93.1;826.4;0.8;2.2;126;0.0
KENAI;202506182210;-;93.4;826.4;0.8;1.9;128;0.0
KENAI;202506182220;-;93.9;826.4;1.1;1.8;130;0.0
KENAI;202506182230;-;93.6;826.3;0.6;1.7;151;0.0
KENAI;202506182240;-;93.0;826.3;0.8;1.3;170;0.0
KENAI;202506182250;-;92.9;826.2;0.4;1.7;136;0.0
KENAI;202506182300;-;92.7;826.1;0.8;1.2;123;0.0
KENAI;202506182310;15.5;92.4;826.0;0.7;1.0;97;0.0
