391
VRXZ07 LSSW 130648
Station/Location;Date;tre200s0;uor200s0;prestas0;fkl010z0;fkl010z1;dkl010z0;rre150z0
KENAI;202503130450;18.2;89.0;824.4;1.9;2.9;50;0.0
KENAI;202503130500;18.2;87.4;824.6;1.7;3.2;39;0.0
KENAI;202503130510;18.4;86.9;824.7;1.0;3.5;33;0.0
KENAI;202503130520;18.6;85.7;824.7;2.0;2.9;16;0.0
KENAI;202503130530;18.6;84.5;824.9;0.9;3.3;56;0.0
KENAI;202503130540;18.7;84.8;825.0;1.7;4.6;343;0.0
KENAI;202503130550;19.0;83.8;825.1;2.1;3.4;34;0.0
KENAI;202503130600;19.1;82.6;825.1;1.1;3.2;66;0.0
KENAI;202503130610;19.3;80.2;825.1;1.8;2.9;5;0.0
KENAI;202503130620;19.4;80.9;825.1;0.9;2.6;360;0.0
KENAI;202503130630;19.7;77.6;825.2;1.2;2.8;7;0.0
KENAI;202503130640;19.8;76.9;825.2;2.2;3.6;1;0.0
