143
VRXZ07 LSSW 161728
Station/Location;Date;tre200s0;uor200s0;prestas0;fkl010z0;fkl010z1;dkl010z0;rre150z0
KENAI;202504161530;22.2;61.3;823.0;2.0;5.3;89;0.0
KENAI;202504161540;22.1;61.2;823.2;2.6;5.2;32;0.0
KENAI;202504161550;21.9;61.2;823.2;1.1;3.6;57;0.0
KENAI;202504161600;21.7;61.8;823.4;1.1;4.3;35;0.0
KENAI;202504161610;21.3;66.8;823.5;2.8;5.2;69;0.0
KENAI;202504161620;21.0;-;823.6;2.2;4.9;-;0.0
KENAI;202504161630;20.8;70.6;823.7;1.4;4.4;78;0.0
KENAI;202504161640;20.5;71.7;823.9;2.1;3.7;120;0.0
KENAI;202504161650;20.2;72.9;824.0;1.5;3.2;84;0.0
KENAI;202504161700;20.1;73.6;824.1;1.4;2.7;80;0.0
KENAI;202504161710;20.2;75.2;824.2;2.1;3.9;99;0.0
KENAI;202504161720;20.0;76.9;824.2;0.8;3.0;112;0.0
