485
VRXZ07 LSSW 160208
Station/Location;Date;tre200s0;uor200s0;prestas0;fkl010z0;fkl010z1;dkl010z0;rre150z0
KENAI;202505160010;15.8;93.0;823.4;1.2;3.6;156;0.0
KENAI;202505160020;15.7;93.3;823.4;1.8;4.5;173;0.0
KENAI;202505160030;15.6;93.4;823.6;1.4;3.8;152;0.0
KENAI;202505160040;15.6;93.6;823.7;1.5;3.1;180;0.0
KENAI;202505160050;15.5;93.8;823.9;1.8;4.0;147;0.0
KENAI;202505160100;15.5;92.9;823.9;1.5;3.0;167;0.0
KENAI;202505160110;15.5;92.6;824.0;0.5;1.9;135;0.0
KENAI;202505160120;15.6;92.6;824.0;0.7;1.7;135;0.0
KENAI;202505160130;15.6;92.0;824.1;1.0;1.8;118;0.0
KENAI;202505160140;15.6;91.8;824.0;0.4;1.5;104;0.0
KENAI;202505160150;15.7;91.5;824.2;0.7;1.1;109;0.0
KENAI;202505160200;15.6;92.0;824.3;0.7;1.5;146;0.0
