928
VRXZ07 LSSW 262008
Station/Location;Date;tre200s0;uor200s0;prestas0;fkl010z0;fkl010z1;dkl010z0;rre150z0
KENAI;202411261810;19.0;84.1;824.1;1.4;5.2;22;0.0
KENAI;202411261820;19.0;83.6;824.1;2.0;5.2;50;0.0
KENAI;202411261830;18.9;83.1;824.2;3.4;5.6;2;0.0
KENAI;202411261840;18.9;82.8;824.4;2.4;5.0;70;0.0
KENAI;202411261850;18.8;83.0;824.3;1.4;5.6;42;0.0
KENAI;202411261900;18.8;83.3;824.5;2.8;5.3;27;0.0
KENAI;202411261910;18.8;83.7;824.6;2.4;5.6;13;0.0
KENAI;202411261920;18.6;84.5;824.5;1.1;4.4;28;0.0
KENAI;202411261930;18.5;85.2;824.4;1.8;3.2;35;0.0
KENAI;202411261940;18.4;85.9;824.3;0.6;2.7;37;0.0
KENAI;202411261950;18.4;86.4;824.3;1.1;2.0;100;0.0
KENAI;202411262000;18.5;86.5;824.2;2.0;2.9;10;0.0
