952
VRXZ07 LSSW 021828
Station/Location;Date;tre200s0;uor200s0;prestas0;fkl010z0;fkl010z1;dkl010z0;rre150z0
KENAI;202504021630;20.6;61.7;822.4;0.5;1.6;61;0.0
KENAI;202504021640;20.8;60.7;822.5;1.1;2.3;21;0.0
KENAI;202504021650;20.5;62.4;822.5;1.0;2.0;18;0.0
KENAI;202504021700;20.3;63.6;822.6;0.5;2.6;25;0.0
KENAI;202504021710;20.1;64.7;822.8;0.6;1.8;316;0.0
KENAI;202504021720;19.8;66.0;822.9;0.4;1.6;48;0.0
KENAI;202504021730;20.0;66.2;822.9;0.7;1.4;349;0.0
KENAI;202504021740;19.7;68.8;823.0;1.1;2.4;29;0.0
KENAI;202504021750;19.8;69.4;823.4;0.9;2.6;45;0.0
KENAI;202504021800;19.5;72.1;823.4;1.3;2.0;349;0.0
KENAI;202504021810;19.4;73.5;823.4;1.6;3.8;46;0.0
KENAI;202504021820;19.4;74.1;823.6;1.3;3.6;35;0.0
