918
VRXZ07 LSSW 232258
Station/Location;Date;tre200s0;uor200s0;prestas0;fkl010z0;fkl010z1;dkl010z0;rre150z0
KENAI;202411232100;17.8;90.4;825.0;1.0;3.8;29;0.0
KENAI;202411232110;17.8;90.7;825.0;1.3;3.6;13;0.0
KENAI;202411232120;17.8;91.0;825.1;0.8;3.4;18;0.0
KENAI;202411232130;17.8;91.0;825.0;1.9;3.9;37;0.0
KENAI;202411232140;17.7;90.7;824.9;0.5;4.0;41;0.0
KENAI;202411232150;17.7;89.0;824.7;3.2;5.7;17;0.0
KENAI;202411232200;17.6;89.4;824.5;1.8;3.3;10;0.0
KENAI;202411232210;17.6;90.0;824.4;0.8;3.1;32;0.0
KENAI;202411232220;17.4;90.3;824.4;1.4;3.6;52;0.0
KENAI;202411232230;17.4;90.4;824.3;1.7;2.5;48;0.0
KENAI;202411232240;17.4;91.0;824.1;1.6;3.3;30;0.0
KENAI;202411232250;17.3;91.3;824.0;2.5;3.9;27;0.0
