108
VRXZ07 LSSW 080358
Station/Location;Date;tre200s0;uor200s0;prestas0;fkl010z0;fkl010z1;dkl010z0;rre150z0
KENAI;202504080200;16.9;92.7;824.9;0.7;1.6;342;0.0
KENAI;202504080210;17.0;92.4;825.1;0.8;1.1;82;0.0
KENAI;202504080220;17.1;92.6;825.2;0.5;1.7;54;0.0
KENAI;202504080230;17.2;92.3;825.3;0.5;1.2;58;0.0
KENAI;202504080240;17.2;92.0;825.5;0.5;1.0;69;0.0
KENAI;202504080250;17.2;91.0;825.5;0.8;1.3;87;0.0
KENAI;202504080300;17.0;90.6;825.5;0.7;2.1;36;0.0
KENAI;202504080310;16.9;92.0;825.6;0.7;1.5;126;0.0
KENAI;202504080320;16.6;94.0;825.7;0.5;1.4;117;0.0
KENAI;202504080330;16.5;95.0;825.7;0.0;1.2;0;0.0
KENAI;202504080340;16.5;95.2;825.7;0.5;1.1;56;0.0
KENAI;202504080350;16.6;95.1;825.9;0.5;0.6;84;0.0
