954
VRXZ07 LSSW 161438
Station/Location;Date;tre200s0;uor200s0;prestas0;fkl010z0;fkl010z1;dkl010z0;rre150z0
KENAI;202505161240;-;44.6;823.0;3.3;4.9;30;0.0
KENAI;202505161250;24.9;44.0;823.0;2.4;6.3;48;0.0
KENAI;202505161300;25.1;47.3;823.0;2.0;5.3;7;0.0
KENAI;202505161310;-;47.8;822.9;2.8;4.5;69;0.0
KENAI;202505161320;25.1;52.1;822.9;1.0;4.8;126;0.0
KENAI;202505161330;25.0;47.2;822.9;1.5;5.0;56;0.0
KENAI;202505161340;-;47.5;822.9;2.8;5.3;95;0.0
KENAI;202505161350;24.8;47.8;822.8;2.4;4.4;72;0.0
KENAI;202505161400;24.9;50.7;822.9;2.1;3.8;123;0.0
KENAI;202505161410;24.1;55.1;822.9;2.1;5.9;131;0.0
KENAI;202505161420;23.3;57.3;822.9;1.6;6.5;157;0.0
KENAI;202505161430;22.6;59.7;822.9;2.0;5.4;89;0.0
