707
VRXZ07 LSSW 080328
Station/Location;Date;tre200s0;uor200s0;prestas0;fkl010z0;fkl010z1;dkl010z0;rre150z0
KENAI;202412080130;16.3;86.8;824.7;0.5;2.6;24;0.0
KENAI;202412080140;16.0;86.5;824.7;1.1;2.7;283;0.0
KENAI;202412080150;15.8;87.0;824.8;0.8;2.6;353;0.0
KENAI;202412080200;15.8;87.1;824.8;1.2;2.1;360;0.0
KENAI;202412080210;15.6;87.4;824.9;0.8;2.6;80;0.0
KENAI;202412080220;15.5;88.0;824.9;0.6;2.4;22;0.0
KENAI;202412080230;15.4;88.5;825.0;1.3;2.0;93;0.0
KENAI;202412080240;15.3;89.1;825.2;0.0;0.8;0;0.0
KENAI;202412080250;15.3;89.0;825.1;0.0;1.2;0;0.0
KENAI;202412080300;15.2;89.1;825.1;0.7;1.3;12;0.0
KENAI;202412080310;15.4;89.1;825.3;0.6;1.3;344;0.0
KENAI;202412080320;15.2;89.1;825.4;0.0;1.2;0;0.0
