540
VRXZ07 LSSW 250628
Station/Location;Date;tre200s0;uor200s0;prestas0;fkl010z0;fkl010z1;dkl010z0;rre150z0
KENAI;202504250430;16.6;-;824.7;1.4;2.4;-;0.0
KENAI;202504250440;16.7;93.2;824.8;2.1;2.7;76;0.0
KENAI;202504250450;16.9;92.1;825.0;1.4;3.9;63;0.0
KENAI;202504250500;17.0;90.5;825.1;1.5;4.3;31;0.0
KENAI;202504250510;17.1;90.4;825.2;2.5;3.6;30;0.0
KENAI;202504250520;16.9;90.9;825.2;2.3;4.2;6;0.0
KENAI;202504250530;17.0;90.4;825.2;1.7;4.2;21;0.0
KENAI;202504250540;17.8;87.5;825.4;1.5;4.3;70;0.0
KENAI;202504250550;18.3;84.7;825.5;3.7;5.0;12;0.0
KENAI;202504250600;18.3;83.6;825.4;2.6;4.9;15;0.0
KENAI;202504250610;18.7;81.4;825.5;4.1;6.3;63;0.0
KENAI;202504250620;19.2;81.8;825.5;2.1;6.7;42;0.0
