138
VRXZ07 LSSW 171258
Station/Location;Date;tre200s0;uor200s0;prestas0;fkl010z0;fkl010z1;dkl010z0;rre150z0
KENAI;202411171100;23.9;60.4;821.7;2.6;6.6;56;0.0
KENAI;202411171110;24.1;57.8;821.5;2.8;7.5;28;0.0
KENAI;202411171120;23.2;58.9;821.5;2.7;8.5;62;0.0
KENAI;202411171130;24.2;56.0;821.4;0.9;6.6;67;0.0
KENAI;202411171140;24.5;58.0;821.3;2.2;5.8;63;0.0
KENAI;202411171150;24.5;56.8;821.2;2.5;5.8;88;0.0
KENAI;202411171200;24.7;57.9;821.2;1.1;7.5;34;0.0
KENAI;202411171210;23.9;58.3;821.1;2.8;6.5;21;0.0
KENAI;202411171220;22.7;62.2;821.2;1.2;6.3;38;0.0
KENAI;202411171230;23.0;61.2;821.1;2.9;6.0;45;0.0
KENAI;202411171240;24.0;59.1;821.0;3.1;5.0;74;0.0
KENAI;202411171250;23.2;60.5;821.0;3.2;6.2;62;0.0
