991
VRXZ07 LSSW 220838
Station/Location;Date;tre200s0;uor200s0;prestas0;fkl010z0;fkl010z1;dkl010z0;rre150z0
KENAI;202504220640;18.4;88.8;825.4;1.8;3.6;65;0.0
KENAI;202504220650;18.5;87.7;825.4;1.8;3.3;92;0.0
KENAI;202504220700;18.7;-;825.5;2.3;3.3;-;0.0
KENAI;202504220710;18.9;84.8;825.6;2.7;4.6;102;0.0
KENAI;202504220720;19.1;83.7;825.6;2.1;3.3;61;0.0
KENAI;202504220730;19.3;83.6;825.5;1.7;5.1;93;0.0
KENAI;202504220740;19.8;82.3;825.5;1.6;5.1;66;0.0
KENAI;202504220750;20.1;81.6;825.4;1.7;3.7;25;0.0
KENAI;202504220800;21.2;77.4;825.3;1.2;3.9;132;0.0
KENAI;202504220810;20.9;76.8;825.2;2.0;4.0;120;0.0
KENAI;202504220820;20.9;72.9;825.1;1.1;5.4;25;0.0
KENAI;202504220830;-;-;-;-;4.4;-;-
