855
VRXZ07 LSSW 080908
Station/Location;Date;tre200s0;uor200s0;prestas0;fkl010z0;fkl010z1;dkl010z0;rre150z0
KENAI;202505080710;-;68.0;826.1;2.5;3.1;152;0.0
KENAI;202505080720;20.0;66.1;826.0;0.7;2.9;7;0.0
KENAI;202505080730;20.5;66.9;825.9;0.7;2.3;134;0.0
KENAI;202505080740;20.4;65.1;826.0;0.5;2.9;158;0.0
KENAI;202505080750;20.5;65.0;825.9;1.1;1.9;76;0.0
KENAI;202505080800;21.2;-;825.8;1.3;3.2;-;0.0
KENAI;202505080810;21.9;66.3;825.8;1.4;2.5;253;0.0
KENAI;202505080820;21.9;63.8;825.7;1.5;4.4;111;0.0
KENAI;202505080830;21.6;61.7;825.6;1.0;3.8;131;0.0
KENAI;202505080840;21.5;64.6;825.5;0.7;2.8;231;0.0
KENAI;202505080850;22.2;62.7;825.3;3.1;4.7;218;0.0
KENAI;202505080900;21.6;66.0;825.2;3.0;4.0;179;0.0
