976
VRXZ07 LSSW 310458
Station/Location;Date;tre200s0;uor200s0;prestas0;fkl010z0;fkl010z1;dkl010z0;rre150z0
KENAI;202503310300;16.9;94.1;823.0;0.7;3.4;84;0.0
KENAI;202503310310;16.9;93.7;823.1;1.0;2.9;67;0.0
KENAI;202503310320;16.9;93.8;823.4;0.8;2.2;67;0.0
KENAI;202503310330;16.9;93.8;823.4;0.7;2.4;45;0.0
KENAI;202503310340;17.0;93.5;823.4;2.7;3.4;72;0.0
KENAI;202503310350;17.0;93.3;823.5;1.6;2.6;46;0.0
KENAI;202503310400;17.0;93.4;823.8;0.6;3.2;99;0.0
KENAI;202503310410;17.0;93.2;823.9;0.8;2.6;91;0.0
KENAI;202503310420;17.0;93.1;824.1;0.5;2.7;54;0.0
KENAI;202503310430;17.0;93.3;824.2;0.6;4.9;114;0.0
KENAI;202503310440;17.0;93.6;824.3;1.7;3.7;94;0.0
KENAI;202503310450;17.1;93.6;824.4;0.8;2.4;117;0.0
