112
VRXZ07 LSSW 142328
Station/Location;Date;tre200s0;uor200s0;prestas0;fkl010z0;fkl010z1;dkl010z0;rre150z0
KENAI;202502142130;19.0;65.3;824.8;2.1;4.4;104;0.0
KENAI;202502142140;19.2;64.9;824.8;1.4;3.4;47;0.0
KENAI;202502142150;19.1;65.1;824.7;0.7;2.5;15;0.0
KENAI;202502142200;19.2;64.8;824.6;1.2;3.7;70;0.0
KENAI;202502142210;19.1;66.0;824.6;2.1;3.4;59;0.0
KENAI;202502142220;19.0;66.7;824.5;2.6;4.1;65;0.0
KENAI;202502142230;19.0;67.2;824.5;1.4;3.5;74;0.0
KENAI;202502142240;18.9;68.1;824.5;0.8;3.1;27;0.0
KENAI;202502142250;18.9;68.8;824.5;0.8;2.5;56;0.0
KENAI;202502142300;18.9;69.1;824.5;0.6;2.9;12;0.0
KENAI;202502142310;18.9;69.4;824.4;0.9;3.1;67;0.0
KENAI;202502142320;18.9;69.6;824.4;0.5;2.4;24;0.0
