902
VRXZ07 LSSW 280448
Station/Location;Date;tre200s0;uor200s0;prestas0;fkl010z0;fkl010z1;dkl010z0;rre150z0
KENAI;202411280250;16.5;92.3;824.4;0.4;2.2;30;0.0
KENAI;202411280300;16.4;92.7;824.4;0.0;1.6;0;0.0
KENAI;202411280310;16.5;92.9;824.6;0.9;1.4;12;0.0
KENAI;202411280320;16.7;92.1;824.7;0.6;1.5;88;0.0
KENAI;202411280330;16.8;91.7;824.8;0.0;0.5;0;0.0
KENAI;202411280340;16.9;90.3;824.8;1.1;1.9;350;0.0
KENAI;202411280350;16.9;90.0;824.9;0.4;1.6;15;0.0
KENAI;202411280400;17.1;88.9;825.1;0.7;1.8;347;0.0
KENAI;202411280410;17.3;88.6;825.3;0.7;1.6;18;0.0
KENAI;202411280420;17.2;87.5;825.4;0.8;3.1;329;0.0
KENAI;202411280430;17.5;88.0;825.6;1.4;2.5;27;0.0
KENAI;202411280440;17.7;85.4;825.6;1.5;3.2;2;0.0
