537
VRXZ07 LSSW 280828
Station/Location;Date;tre200s0;uor200s0;prestas0;fkl010z0;fkl010z1;dkl010z0;rre150z0
KENAI;202506280630;-;87.4;827.0;0.4;2.3;133;0.0
KENAI;202506280640;-;86.9;827.0;0.0;1.5;0;0.0
KENAI;202506280650;-;86.6;827.0;1.1;1.7;142;0.0
KENAI;202506280700;-;85.1;827.1;0.0;1.2;0;0.0
KENAI;202506280710;-;85.5;827.1;0.8;1.8;184;0.0
KENAI;202506280720;-;83.0;827.0;0.9;1.9;128;0.0
KENAI;202506280730;-;-;826.9;1.0;2.5;-;0.0
KENAI;202506280740;-;84.5;826.8;1.2;2.9;199;0.0
KENAI;202506280750;-;83.9;827.0;1.8;2.6;153;0.0
KENAI;202506280800;-;84.3;827.0;0.6;2.6;114;0.0
KENAI;202506280810;16.9;84.1;826.9;1.7;3.2;106;0.0
KENAI;202506280820;-;84.5;826.9;0.8;2.8;237;0.0
