164
VRXZ07 LSSW 251828
Station/Location;Date;tre200s0;uor200s0;prestas0;fkl010z0;fkl010z1;dkl010z0;rre150z0
KENAI;202506251630;-;67.8;824.9;1.1;1.8;84;0.0
KENAI;202506251640;18.8;69.5;824.9;1.0;2.4;79;0.0
KENAI;202506251650;-;69.1;824.9;0.9;2.8;68;0.0
KENAI;202506251700;-;70.1;825.1;2.3;3.3;74;0.0
KENAI;202506251710;-;71.6;825.2;0.0;3.1;0;0.0
KENAI;202506251720;-;71.5;825.3;1.5;3.8;76;0.0
KENAI;202506251730;-;72.3;825.5;0.8;2.8;13;0.0
KENAI;202506251740;18.0;72.6;825.7;0.7;3.4;76;0.0
KENAI;202506251750;-;72.7;825.7;1.3;3.3;83;0.0
KENAI;202506251800;-;73.5;825.9;0.4;1.9;90;0.0
KENAI;202506251810;-;74.4;826.0;0.6;1.4;64;0.0
KENAI;202506251820;-;74.7;826.0;0.0;1.2;0;0.0
