018
VRXZ07 LSSW 211428
Station/Location;Date;tre200s0;uor200s0;prestas0;fkl010z0;fkl010z1;dkl010z0;rre150z0
KENAI;202506211230;-;49.8;823.8;1.0;3.5;87;0.0
KENAI;202506211240;24.9;49.6;823.7;1.4;3.8;83;0.0
KENAI;202506211250;24.7;49.2;823.7;1.6;2.9;52;0.0
KENAI;202506211300;-;50.6;823.6;0.4;3.9;62;0.0
KENAI;202506211310;-;49.4;823.7;1.9;4.5;106;0.0
KENAI;202506211320;24.5;50.3;823.7;1.9;4.4;117;0.0
KENAI;202506211330;-;53.6;823.9;3.1;4.7;106;0.0
KENAI;202506211340;-;54.8;823.9;3.5;6.8;63;0.0
KENAI;202506211350;-;57.7;823.9;2.1;6.1;52;0.0
KENAI;202506211400;23.7;57.8;823.9;2.0;5.5;67;0.0
KENAI;202506211410;-;58.3;824.0;1.4;6.8;83;0.0
KENAI;202506211420;-;59.5;824.1;3.3;7.5;59;0.0
