001
VRXZ07 LSSW 081838
Station/Location;Date;tre200s0;uor200s0;prestas0;fkl010z0;fkl010z1;dkl010z0;rre150z0
KENAI;202505081640;17.2;89.7;824.1;0.6;1.8;151;0.0
KENAI;202505081650;17.0;90.2;824.3;1.3;2.5;93;0.0
KENAI;202505081700;-;91.1;824.4;0.0;1.2;0;0.0
KENAI;202505081710;-;91.4;824.5;0.3;0.5;261;0.0
KENAI;202505081720;-;91.0;824.6;0.3;0.7;247;0.0
KENAI;202505081730;17.1;91.3;824.8;0.0;0.7;0;0.0
KENAI;202505081740;-;90.7;824.8;0.6;1.0;177;0.0
KENAI;202505081750;17.0;91.1;824.9;0.5;0.8;216;0.0
KENAI;202505081800;-;91.7;825.0;0.4;1.0;153;0.0
KENAI;202505081810;-;91.1;825.0;0.6;0.9;271;0.0
KENAI;202505081820;17.0;91.4;825.2;0.0;0.9;0;0.0
KENAI;202505081830;-;91.6;825.4;0.0;0.7;0;0.0
