399
VRXZ07 LSSW 031108
Station/Location;Date;tre200s0;uor200s0;prestas0;fkl010z0;fkl010z1;dkl010z0;rre150z0
KENAI;202503030910;26.5;32.5;823.8;2.5;7.4;29;0.0
KENAI;202503030920;26.1;33.7;823.6;3.7;7.5;74;0.0
KENAI;202503030930;27.0;33.9;823.5;2.9;6.7;26;0.0
KENAI;202503030940;26.6;30.7;823.2;3.4;6.5;112;0.0
KENAI;202503030950;27.1;30.5;823.0;2.6;7.8;31;0.0
KENAI;202503031000;26.8;33.1;822.9;1.5;6.6;36;0.0
KENAI;202503031010;27.1;-;822.7;1.8;9.0;-;0.0
KENAI;202503031020;27.4;31.7;822.5;2.4;5.9;45;0.0
KENAI;202503031030;27.3;27.7;822.2;3.2;7.2;31;0.0
KENAI;202503031040;28.4;26.7;822.2;4.5;5.6;45;0.0
KENAI;202503031050;27.3;29.4;822.0;2.9;5.9;83;0.0
KENAI;202503031100;27.6;27.2;821.8;3.8;6.4;47;0.0
