398
VRXZ07 LSSW 041658
Station/Location;Date;tre200s0;uor200s0;prestas0;fkl010z0;fkl010z1;dkl010z0;rre150z0
KENAI;202506041500;-;-;824.8;0.8;2.0;-;0.0
KENAI;202506041510;-;62.3;824.8;0.8;2.4;82;0.0
KENAI;202506041520;20.6;62.2;824.9;1.1;2.1;77;0.0
KENAI;202506041530;20.6;62.7;824.9;0.8;1.8;91;0.0
KENAI;202506041540;-;62.2;825.0;1.4;3.5;54;0.0
KENAI;202506041550;-;61.0;825.0;0.6;3.5;113;0.0
KENAI;202506041600;-;60.8;825.0;1.4;4.1;93;0.0
KENAI;202506041610;-;59.9;825.1;1.6;2.9;51;0.0
KENAI;202506041620;-;67.2;825.2;1.0;2.4;20;0.0
KENAI;202506041630;-;68.8;825.3;1.0;2.4;66;0.0
KENAI;202506041640;-;69.2;825.4;0.7;2.3;28;0.0
KENAI;202506041650;-;70.2;825.5;0.5;1.4;122;0.0
