345
VRXZ07 LSSW 240248
Station/Location;Date;tre200s0;uor200s0;prestas0;fkl010z0;fkl010z1;dkl010z0;rre150z0
KENAI;202507240050;-;89.6;825.0;0.5;0.7;234;0.0
KENAI;202507240100;-;89.5;825.0;0.7;0.8;243;0.0
KENAI;202507240110;-;89.1;825.0;0.0;1.1;0;0.0
KENAI;202507240120;11.8;89.5;825.0;0.4;0.9;195;0.0
KENAI;202507240130;-;89.3;825.0;0.7;1.2;222;0.0
KENAI;202507240140;11.7;89.2;825.1;0.5;1.4;169;0.0
KENAI;202507240150;-;89.5;825.2;0.0;1.3;0;0.0
KENAI;202507240200;-;90.7;825.3;0.0;0.5;0;0.0
KENAI;202507240210;-;90.2;825.4;0.3;0.7;254;0.0
KENAI;202507240220;-;89.8;825.6;0.4;0.6;265;0.0
KENAI;202507240230;-;89.3;825.7;0.0;0.6;0;0.0
KENAI;202507240240;-;88.3;825.7;0.6;1.0;159;0.0
