296
VRXZ07 LSSW 162138
Station/Location;Date;tre200s0;uor200s0;prestas0;fkl010z0;fkl010z1;dkl010z0;rre150z0
KENAI;202411161940;14.9;93.4;824.2;0.6;1.4;20;0.0
KENAI;202411161950;15.0;93.3;824.2;0.5;0.9;329;0.0
KENAI;202411162000;14.8;94.6;824.2;0.5;0.9;248;0.0
KENAI;202411162010;14.8;95.3;824.0;0.9;0.9;179;0.0
KENAI;202411162020;14.8;95.4;824.1;0.3;0.7;230;0.0
KENAI;202411162030;14.6;96.0;824.0;0.5;0.6;173;0.0
KENAI;202411162040;14.6;96.1;823.9;0.6;0.7;188;0.0
KENAI;202411162050;14.5;96.2;823.9;0.0;0.5;0;0.0
KENAI;202411162100;14.7;96.4;823.9;0.0;0.5;0;0.0
KENAI;202411162110;14.7;96.5;823.8;0.3;0.8;187;0.0
KENAI;202411162120;14.8;95.6;823.8;0.3;0.5;99;0.0
KENAI;202411162130;14.7;96.0;823.7;0.0;0.9;0;0.0
