790
VRXZ07 LSSW 210958
Station/Location;Date;tre200s0;uor200s0;prestas0;fkl010z0;fkl010z1;dkl010z0;rre150z0
KENAI;202504210800;22.8;67.7;824.9;2.0;3.5;12;0.0
KENAI;202504210810;22.1;65.6;824.7;1.5;4.1;305;0.0
KENAI;202504210820;22.6;62.1;824.6;1.3;3.5;111;0.0
KENAI;202504210830;23.1;62.2;824.3;2.1;4.1;30;0.0
KENAI;202504210840;23.0;63.0;824.1;1.2;3.8;7;0.0
KENAI;202504210850;23.5;64.5;823.9;1.7;3.4;139;0.0
KENAI;202504210900;23.2;64.5;823.8;0.5;3.5;85;0.0
KENAI;202504210910;24.1;62.0;823.6;0.9;2.8;238;0.0
KENAI;202504210920;23.3;64.6;823.4;1.9;3.7;225;0.0
KENAI;202504210930;23.8;61.6;823.3;2.2;3.4;167;0.0
KENAI;202504210940;24.7;63.8;823.0;0.9;3.7;17;0.0
KENAI;202504210950;24.9;59.2;822.8;1.4;2.8;194;0.0
