188
VRXZ07 LSSW 100558
Station/Location;Date;tre200s0;uor200s0;prestas0;fkl010z0;fkl010z1;dkl010z0;rre150z0
KENAI;202508100400;13.3;85.2;825.5;0.6;1.1;150;0.0
KENAI;202508100410;-;85.0;825.6;0.9;1.1;95;0.0
KENAI;202508100420;13.4;84.4;825.8;0.9;1.7;146;0.0
KENAI;202508100430;-;83.1;825.9;1.2;2.3;113;0.0
KENAI;202508100440;-;82.3;826.0;1.0;2.1;125;0.0
KENAI;202508100450;-;82.7;826.1;0.3;1.9;114;0.0
KENAI;202508100500;14.0;81.7;826.1;1.1;1.7;112;0.0
KENAI;202508100510;14.0;81.5;826.2;0.5;2.1;159;0.0
KENAI;202508100520;-;81.2;826.3;1.0;1.8;140;0.0
KENAI;202508100530;-;80.1;826.3;0.9;2.3;130;0.0
KENAI;202508100540;-;78.9;826.4;1.3;2.2;86;0.0
KENAI;202508100550;-;77.9;826.5;0.0;2.3;0;0.0
