779
VRXZ07 LSSW 041728
Station/Location;Date;tre200s0;uor200s0;prestas0;fkl010z0;fkl010z1;dkl010z0;rre150z0
KENAI;202502041530;21.1;60.5;821.2;3.2;5.8;63;0.0
KENAI;202502041540;20.9;61.3;821.3;2.9;5.8;53;0.0
KENAI;202502041550;20.7;61.6;821.5;2.5;6.0;59;0.0
KENAI;202502041600;20.5;61.8;821.5;2.1;5.1;18;0.0
KENAI;202502041610;20.4;62.6;821.8;2.6;4.5;25;0.0
KENAI;202502041620;20.5;62.2;821.9;1.3;3.7;40;0.0
KENAI;202502041630;20.4;62.6;821.9;1.9;5.1;42;0.0
KENAI;202502041640;20.3;63.7;822.1;0.5;3.3;14;0.0
KENAI;202502041650;20.2;63.7;822.2;1.9;3.8;25;0.0
KENAI;202502041700;20.1;64.3;822.3;1.8;6.2;53;0.0
KENAI;202502041710;19.9;64.3;822.5;2.3;6.0;20;0.0
KENAI;202502041720;19.7;64.5;822.5;2.2;6.1;26;0.0
