509
VRXZ07 LSSW 302028
Station/Location;Date;tre200s0;uor200s0;prestas0;fkl010z0;fkl010z1;dkl010z0;rre150z0
KENAI;202503301830;18.0;95.3;823.7;1.3;2.5;48;0.0
KENAI;202503301840;18.1;95.1;824.0;0.8;3.3;17;0.0
KENAI;202503301850;17.9;94.7;823.9;1.4;4.3;73;0.0
KENAI;202503301900;17.8;95.2;823.8;2.7;3.8;9;0.0
KENAI;202503301910;17.7;94.6;823.9;1.8;3.7;40;0.0
KENAI;202503301920;17.6;94.2;824.0;1.8;4.6;53;0.0
KENAI;202503301930;17.6;94.6;824.0;3.9;5.0;38;0.0
KENAI;202503301940;17.6;94.5;824.2;1.0;4.3;57;0.0
KENAI;202503301950;17.5;94.0;824.2;1.2;5.6;38;0.0
KENAI;202503302000;17.4;93.9;824.2;2.3;4.4;26;0.0
KENAI;202503302010;17.5;94.2;824.3;1.6;4.1;11;0.0
KENAI;202503302020;17.5;94.6;824.3;0.9;4.0;18;0.0
