066
VRXZ07 LSSW 021418
Station/Location;Date;tre200s0;uor200s0;prestas0;fkl010z0;fkl010z1;dkl010z0;rre150z0
KENAI;202412021220;22.4;-;820.6;1.6;4.0;-;0.0
KENAI;202412021230;22.4;56.3;820.5;1.4;4.8;76;0.0
KENAI;202412021240;22.7;57.7;820.4;1.5;5.2;60;0.0
KENAI;202412021250;22.5;57.5;820.4;3.2;5.3;55;0.0
KENAI;202412021300;22.6;58.0;820.4;1.3;4.6;26;0.0
KENAI;202412021310;22.9;57.7;820.3;2.4;5.6;60;0.0
KENAI;202412021320;24.1;55.0;820.3;3.4;5.8;14;0.0
KENAI;202412021330;24.0;53.4;820.4;1.5;4.9;62;0.0
KENAI;202412021340;23.5;53.8;820.5;1.5;5.4;66;0.0
KENAI;202412021350;22.7;54.3;820.5;2.8;5.5;65;0.0
KENAI;202412021400;22.6;54.0;820.5;1.7;5.7;54;0.0
KENAI;202412021410;22.0;55.2;820.5;3.2;5.2;23;0.0
