343
VRXZ07 LSSW 180518
Station/Location;Date;tre200s0;uor200s0;prestas0;fkl010z0;fkl010z1;dkl010z0;rre150z0
KENAI;202411180320;16.5;82.9;823.6;0.9;2.2;12;0.0
KENAI;202411180330;16.6;81.8;823.7;1.5;2.6;63;0.0
KENAI;202411180340;16.5;81.4;823.8;1.4;2.8;30;0.0
KENAI;202411180350;16.7;81.2;824.0;1.9;3.1;7;0.0
KENAI;202411180400;16.8;81.1;824.2;2.3;2.8;10;0.0
KENAI;202411180410;16.9;80.4;824.3;1.3;2.9;357;0.0
KENAI;202411180420;17.1;81.6;824.4;0.6;3.6;58;0.0
KENAI;202411180430;17.2;81.5;824.4;0.8;3.1;42;0.0
KENAI;202411180440;17.4;81.6;824.7;0.9;3.1;18;0.0
KENAI;202411180450;17.6;80.0;824.8;0.7;3.5;20;0.0
KENAI;202411180500;18.6;77.8;824.8;1.9;3.5;4;0.0
KENAI;202411180510;19.0;74.3;824.8;1.1;3.3;97;0.0
