548
VRXZ07 LSSW 100758
Station/Location;Date;tre200s0;uor200s0;prestas0;fkl010z0;fkl010z1;dkl010z0;rre150z0
KENAI;202502100600;18.7;77.6;823.9;0.7;3.8;17;0.0
KENAI;202502100610;19.7;72.8;823.9;2.3;4.1;355;0.0
KENAI;202502100620;20.8;67.1;823.9;1.4;5.9;39;0.0
KENAI;202502100630;21.1;67.0;823.8;2.4;5.5;22;0.0
KENAI;202502100640;21.2;68.5;823.8;1.6;4.7;349;0.0
KENAI;202502100650;21.8;64.4;823.7;1.8;4.9;29;0.0
KENAI;202502100700;22.0;62.9;823.7;4.1;5.8;77;0.0
KENAI;202502100710;21.8;62.2;823.7;4.0;6.1;91;0.0
KENAI;202502100720;22.3;61.6;823.6;2.7;5.6;52;0.0
KENAI;202502100730;22.5;61.0;823.5;2.7;7.0;22;0.0
KENAI;202502100740;22.5;60.3;823.5;2.6;6.9;75;0.0
KENAI;202502100750;22.7;61.6;823.4;1.6;7.3;44;0.0
