672
VRXZ07 LSSW 091438
Station/Location;Date;tre200s0;uor200s0;prestas0;fkl010z0;fkl010z1;dkl010z0;rre150z0
KENAI;202412091240;25.2;46.4;821.7;0.8;3.6;92;0.0
KENAI;202412091250;25.1;41.4;821.8;3.1;6.0;120;0.0
KENAI;202412091300;25.2;41.5;821.7;1.6;4.5;58;0.0
KENAI;202412091310;25.3;42.3;821.9;1.7;3.6;42;0.0
KENAI;202412091320;25.3;-;821.9;1.4;3.9;-;0.0
KENAI;202412091330;25.3;42.0;821.8;1.2;4.5;25;0.0
KENAI;202412091340;25.3;41.5;821.8;2.2;5.9;344;0.0
KENAI;202412091350;25.3;41.0;821.8;2.1;4.2;331;0.0
KENAI;202412091400;25.1;44.4;821.8;2.2;4.8;25;0.0
KENAI;202412091410;24.9;41.5;822.0;3.4;5.3;359;0.0
KENAI;202412091420;24.7;42.5;822.1;1.9;4.9;59;0.0
KENAI;202412091430;24.3;51.8;822.1;2.6;5.9;359;0.0
