097
VRXZ07 LSSW 081608
Station/Location;Date;tre200s0;uor200s0;prestas0;fkl010z0;fkl010z1;dkl010z0;rre150z0
KENAI;202506081410;23.4;53.6;825.4;3.9;5.5;111;0.0
KENAI;202506081420;-;57.6;825.4;1.9;4.0;119;0.0
KENAI;202506081430;-;58.8;825.5;0.7;2.6;128;0.0
KENAI;202506081440;21.2;60.0;825.5;1.1;3.1;99;0.0
KENAI;202506081450;21.0;60.9;825.6;0.7;2.3;94;0.0
KENAI;202506081500;-;60.4;825.6;0.3;1.3;139;0.0
KENAI;202506081510;21.4;60.6;825.7;1.0;1.3;169;0.0
KENAI;202506081520;21.2;60.3;825.8;1.3;2.2;115;0.0
KENAI;202506081530;-;62.5;825.8;0.8;1.9;102;0.0
KENAI;202506081540;20.5;62.7;825.8;1.7;3.2;60;0.0
KENAI;202506081550;-;64.3;825.9;0.8;2.6;116;0.0
KENAI;202506081600;-;64.8;826.0;0.4;3.1;74;0.0
