243
VRXZ07 LSSW 261228
Station/Location;Date;tre200s0;uor200s0;prestas0;fkl010z0;fkl010z1;dkl010z0;rre150z0
KENAI;202507261030;-;38.6;825.4;3.3;7.4;222;0.0
KENAI;202507261040;-;36.7;825.5;3.1;5.2;167;0.0
KENAI;202507261050;-;33.2;825.4;1.8;6.3;109;0.0
KENAI;202507261100;24.9;34.1;825.2;2.6;6.2;115;0.0
KENAI;202507261110;24.7;33.3;825.1;2.5;6.5;246;0.0
KENAI;202507261120;25.3;36.5;825.0;1.2;5.3;147;0.0
KENAI;202507261130;-;34.7;824.9;1.0;4.0;320;0.0
KENAI;202507261140;25.3;38.9;824.9;3.0;4.6;149;0.0
KENAI;202507261150;-;38.8;824.9;2.2;6.7;85;0.0
KENAI;202507261200;-;37.1;824.7;1.9;5.0;156;0.0
KENAI;202507261210;24.9;38.2;824.7;2.7;4.7;137;0.0
KENAI;202507261220;-;41.3;824.6;1.9;4.6;106;0.0
