877
VRXZ07 LSSW 151358
Station/Location;Date;tre200s0;uor200s0;prestas0;fkl010z0;fkl010z1;dkl010z0;rre150z0
KENAI;202504151200;24.6;-;822.3;1.3;5.1;-;0.0
KENAI;202504151210;24.5;-;822.1;2.2;6.7;-;0.0
KENAI;202504151220;24.7;48.7;822.0;2.6;5.5;133;0.0
KENAI;202504151230;26.1;46.3;822.1;1.5;6.6;85;0.0
KENAI;202504151240;24.4;50.7;822.1;1.7;6.9;111;0.0
KENAI;202504151250;25.5;48.8;822.2;2.8;6.4;101;0.0
KENAI;202504151300;25.4;47.0;822.2;3.2;6.4;93;0.0
KENAI;202504151310;25.2;49.8;822.1;4.3;4.9;78;0.0
KENAI;202504151320;25.5;46.5;822.1;3.7;6.0;85;0.0
KENAI;202504151330;24.7;48.8;822.0;2.4;6.4;113;0.0
KENAI;202504151340;24.7;47.4;822.0;4.2;6.6;39;0.0
KENAI;202504151350;25.0;46.2;822.0;3.4;5.7;110;0.0
