687
VRXZ07 LSSW 252138
Station/Location;Date;tre200s0;uor200s0;prestas0;fkl010z0;fkl010z1;dkl010z0;rre150z0
KENAI;202506251940;-;80.3;826.5;1.3;2.4;12;0.0
KENAI;202506251950;-;80.7;826.5;0.7;2.4;337;0.0
KENAI;202506252000;-;81.3;826.5;1.2;2.0;23;0.0
KENAI;202506252010;-;82.2;826.4;0.9;1.5;14;0.0
KENAI;202506252020;-;83.1;826.6;0.4;1.9;52;0.0
KENAI;202506252030;-;83.2;826.6;0.6;1.0;344;0.0
KENAI;202506252040;-;84.0;826.5;2.1;2.6;11;0.0
KENAI;202506252050;-;85.5;826.5;0.8;3.3;68;0.0
KENAI;202506252100;-;85.5;826.6;0.9;2.4;25;0.0
KENAI;202506252110;-;86.0;826.5;0.8;2.5;44;0.0
KENAI;202506252120;-;86.3;826.4;0.8;2.4;43;0.0
KENAI;202506252130;-;87.1;826.4;1.5;4.1;19;0.0
