662
VRXZ07 LSSW 110728
Station/Location;Date;tre200s0;uor200s0;prestas0;fkl010z0;fkl010z1;dkl010z0;rre150z0
KENAI;202505110530;19.8;81.0;826.7;0.8;1.7;298;0.0
KENAI;202505110540;19.8;82.4;826.7;0.8;2.0;37;0.0
KENAI;202505110550;20.4;78.5;826.8;0.8;2.4;77;0.0
KENAI;202505110600;20.6;79.3;826.9;0.6;2.3;287;0.0
KENAI;202505110610;-;74.0;826.8;1.3;2.1;21;0.0
KENAI;202505110620;-;74.4;826.7;1.4;2.7;293;0.0
KENAI;202505110630;-;73.9;826.8;1.3;2.9;76;0.0
KENAI;202505110640;-;71.0;826.8;1.1;2.9;356;0.0
KENAI;202505110650;22.1;68.6;826.9;1.9;3.1;63;0.0
KENAI;202505110700;22.1;71.7;826.9;1.4;3.4;122;0.0
KENAI;202505110710;22.9;66.9;826.9;0.8;3.4;322;0.0
KENAI;202505110720;-;62.4;827.0;0.6;2.9;156;0.0
