633
VRXZ07 LSSW 131658
Station/Location;Date;tre200s0;uor200s0;prestas0;fkl010z0;fkl010z1;dkl010z0;rre150z0
KENAI;202503131500;24.9;46.9;821.2;1.8;6.5;6;0.0
KENAI;202503131510;24.3;47.3;821.3;3.4;5.6;11;0.0
KENAI;202503131520;24.0;49.2;821.3;4.3;5.8;18;0.0
KENAI;202503131530;23.6;51.8;821.3;3.0;5.4;84;0.0
KENAI;202503131540;23.4;53.8;821.3;3.6;4.6;85;0.0
KENAI;202503131550;23.2;55.4;821.6;3.8;5.6;20;0.0
KENAI;202503131600;22.9;56.7;821.7;2.3;5.0;350;0.0
KENAI;202503131610;22.8;58.3;821.8;0.9;5.6;31;0.0
KENAI;202503131620;-;-;-;-;-;-;-
KENAI;202503131630;22.3;61.7;822.0;1.7;5.5;87;0.0
KENAI;202503131640;22.1;62.9;822.0;1.2;4.5;19;0.0
KENAI;202503131650;21.9;63.6;822.1;1.6;4.5;41;0.0
