351
VRXZ07 LSSW 171548
Station/Location;Date;tre200s0;uor200s0;prestas0;fkl010z0;fkl010z1;dkl010z0;rre150z0
KENAI;202506171350;21.6;56.4;824.5;2.1;2.7;135;0.0
KENAI;202506171400;21.3;57.8;824.5;1.0;2.5;150;0.0
KENAI;202506171410;-;58.3;824.5;0.9;2.7;172;0.0
KENAI;202506171420;21.1;57.9;824.6;1.1;2.2;123;0.0
KENAI;202506171430;20.9;58.8;824.6;1.6;2.3;93;0.0
KENAI;202506171440;20.8;60.7;824.7;1.6;4.7;129;0.0
KENAI;202506171450;-;61.4;824.8;1.7;4.2;147;0.0
KENAI;202506171500;-;63.7;824.9;0.8;5.4;98;0.0
KENAI;202506171510;-;66.6;824.9;1.6;5.5;106;0.0
KENAI;202506171520;-;70.1;825.1;3.0;3.6;91;0.0
KENAI;202506171530;-;71.6;825.3;0.9;3.7;89;0.0
KENAI;202506171540;-;71.8;825.2;1.2;3.6;114;0.0
