312
VRXZ07 LSSW 121618
Station/Location;Date;tre200s0;uor200s0;prestas0;fkl010z0;fkl010z1;dkl010z0;rre150z0
KENAI;202505121420;18.3;87.2;823.3;0.0;1.4;0;0.1
KENAI;202505121430;17.9;86.4;823.6;0.9;2.5;237;0.0
KENAI;202505121440;17.5;87.1;823.8;1.7;6.6;247;0.0
KENAI;202505121450;17.2;87.0;824.0;1.2;2.9;197;0.0
KENAI;202505121500;17.1;87.8;823.9;0.8;2.4;187;0.0
KENAI;202505121510;17.1;87.8;824.0;0.0;2.2;0;0.0
KENAI;202505121520;17.2;89.3;824.0;0.8;2.1;322;0.0
KENAI;202505121530;17.4;89.4;824.3;1.3;2.0;271;0.0
KENAI;202505121540;17.1;89.3;824.3;0.7;3.7;301;0.0
KENAI;202505121550;17.0;89.1;824.3;1.3;3.1;301;0.0
KENAI;202505121600;-;-;-;-;2.4;-;-
KENAI;202505121610;-;88.8;824.4;1.5;3.8;281;0.0
