694
VRXZ07 LSSW 121248
Station/Location;Date;tre200s0;uor200s0;prestas0;fkl010z0;fkl010z1;dkl010z0;rre150z0
KENAI;202507121050;-;59.8;825.8;0.6;3.9;13;0.0
KENAI;202507121100;23.5;55.5;825.8;3.2;5.0;108;0.0
KENAI;202507121110;-;55.2;825.5;3.4;5.0;39;0.0
KENAI;202507121120;-;54.3;825.4;1.0;3.3;36;0.0
KENAI;202507121130;22.7;54.9;825.3;3.6;5.2;116;0.0
KENAI;202507121140;-;58.3;825.3;0.9;3.6;90;0.0
KENAI;202507121150;23.1;54.9;825.1;1.2;2.2;95;0.0
KENAI;202507121200;-;56.8;825.0;0.5;2.4;73;0.0
KENAI;202507121210;22.9;54.9;824.9;1.4;3.9;175;0.0
KENAI;202507121220;22.9;54.7;824.8;3.0;3.9;153;0.0
KENAI;202507121230;24.3;51.4;824.7;1.5;4.0;98;0.0
KENAI;202507121240;23.4;53.5;824.7;1.9;6.1;158;0.0
