503
VRXZ07 LSSW 080838
Station/Location;Date;tre200s0;uor200s0;prestas0;fkl010z0;fkl010z1;dkl010z0;rre150z0
KENAI;202504080640;20.1;78.1;827.4;2.3;3.5;6;0.0
KENAI;202504080650;20.7;71.1;827.5;1.6;3.3;52;0.0
KENAI;202504080700;20.1;74.1;827.4;1.0;2.4;90;0.0
KENAI;202504080710;21.1;72.5;827.5;0.9;1.7;147;0.0
KENAI;202504080720;21.6;70.0;827.4;2.0;2.7;104;0.0
KENAI;202504080730;22.6;64.2;827.4;2.3;3.7;66;0.0
KENAI;202504080740;-;-;-;-;4.0;-;-
KENAI;202504080750;22.3;68.1;827.1;1.7;2.9;54;0.0
KENAI;202504080800;-;-;-;-;3.2;-;-
KENAI;202504080810;22.4;65.5;827.1;1.4;2.9;74;0.0
KENAI;202504080820;22.9;65.7;827.0;1.0;2.9;126;0.0
KENAI;202504080830;22.8;64.0;826.7;0.8;2.8;240;0.0
