178
VRXZ07 LSSW 091718
Station/Location;Date;tre200s0;uor200s0;prestas0;fkl010z0;fkl010z1;dkl010z0;rre150z0
KENAI;202502091520;24.9;41.3;821.1;1.1;5.4;61;0.0
KENAI;202502091530;24.7;-;821.3;1.9;4.4;-;0.0
KENAI;202502091540;24.5;42.9;821.4;2.6;5.4;6;0.0
KENAI;202502091550;24.2;44.0;821.4;0.9;4.3;27;0.0
KENAI;202502091600;23.8;44.7;821.6;1.6;3.0;12;0.0
KENAI;202502091610;23.7;44.6;821.7;2.8;3.5;24;0.0
KENAI;202502091620;23.6;45.7;821.7;0.9;4.5;44;0.0
KENAI;202502091630;23.2;46.2;821.8;2.0;3.3;33;0.0
KENAI;202502091640;23.0;47.0;821.8;1.0;4.3;49;0.0
KENAI;202502091650;22.8;47.7;822.0;0.7;2.9;40;0.0
KENAI;202502091700;22.7;48.7;822.0;1.2;3.3;16;0.0
KENAI;202502091710;22.6;49.4;822.1;0.9;4.5;11;0.0
