404
VRXZ07 LSSW 021048
Station/Location;Date;tre200s0;uor200s0;prestas0;fkl010z0;fkl010z1;dkl010z0;rre150z0
KENAI;202504020850;23.4;56.2;824.0;1.1;6.2;18;0.0
KENAI;202504020900;23.5;58.1;823.9;1.0;6.3;59;0.0
KENAI;202504020910;23.9;56.9;823.8;2.0;4.4;345;0.0
KENAI;202504020920;24.0;57.0;823.5;2.5;4.0;358;0.0
KENAI;202504020930;24.7;54.3;823.4;1.8;5.2;115;0.0
KENAI;202504020940;24.8;52.8;823.3;2.2;5.5;65;0.0
KENAI;202504020950;24.8;52.2;823.1;1.0;5.7;36;0.0
KENAI;202504021000;25.0;50.6;823.1;2.0;5.1;32;0.0
KENAI;202504021010;24.8;49.3;822.9;1.7;5.9;10;0.0
KENAI;202504021020;25.1;47.3;822.9;2.2;7.2;42;0.0
KENAI;202504021030;25.3;46.3;822.6;1.4;5.4;22;0.0
KENAI;202504021040;24.7;50.6;822.5;3.8;5.5;58;0.0
