061
VRXZ07 LSSW 052058
Station/Location;Date;tre200s0;uor200s0;prestas0;fkl010z0;fkl010z1;dkl010z0;rre150z0
KENAI;202503051900;21.1;49.3;823.7;2.9;5.5;75;0.0
KENAI;202503051910;21.0;49.9;823.9;2.0;5.3;57;0.0
KENAI;202503051920;20.9;50.6;823.9;3.0;4.6;64;0.0
KENAI;202503051930;20.7;51.2;823.9;1.5;5.3;69;0.0
KENAI;202503051940;20.6;51.9;823.9;2.1;4.7;12;0.0
KENAI;202503051950;20.3;52.9;824.0;1.5;4.3;22;0.0
KENAI;202503052000;20.0;53.7;824.1;2.8;4.9;56;0.0
KENAI;202503052010;20.1;53.6;824.1;2.2;5.4;45;0.0
KENAI;202503052020;19.9;54.1;824.0;2.4;4.6;51;0.0
KENAI;202503052030;19.8;54.3;824.0;1.6;5.5;55;0.0
KENAI;202503052040;19.7;54.3;824.0;2.0;7.8;71;0.0
KENAI;202503052050;19.5;55.2;823.9;1.8;4.6;42;0.0
