713
VRXZ07 LSSW 062328
Station/Location;Date;tre200s0;uor200s0;prestas0;fkl010z0;fkl010z1;dkl010z0;rre150z0
KENAI;202502062130;18.3;72.7;823.8;0.9;3.9;31;0.0
KENAI;202502062140;18.3;73.0;823.5;1.3;3.4;60;0.0
KENAI;202502062150;18.1;73.6;823.3;0.7;2.9;36;0.0
KENAI;202502062200;17.9;74.4;823.2;0.6;2.6;51;0.0
KENAI;202502062210;17.8;74.8;823.1;1.9;3.4;30;0.0
KENAI;202502062220;17.9;74.5;823.0;1.4;3.7;16;0.0
KENAI;202502062230;17.8;75.3;823.0;0.7;3.0;66;0.0
KENAI;202502062240;17.9;75.6;823.0;1.0;2.4;14;0.0
KENAI;202502062250;18.0;74.9;822.7;1.0;2.9;72;0.0
KENAI;202502062300;17.9;75.3;822.7;1.0;2.2;27;0.0
KENAI;202502062310;17.8;75.3;822.6;1.0;3.0;15;0.0
KENAI;202502062320;17.7;75.6;822.5;0.9;2.6;28;0.0
