863
VRXZ07 LSSW 260108
Station/Location;Date;tre200s0;uor200s0;prestas0;fkl010z0;fkl010z1;dkl010z0;rre150z0
KENAI;202504252310;-;91.7;823.3;1.5;2.9;72;0.0
KENAI;202504252320;16.9;91.7;823.3;0.7;3.1;42;0.0
KENAI;202504252330;-;90.9;823.0;1.5;3.2;64;0.0
KENAI;202504252340;-;91.1;823.1;1.6;2.7;82;0.0
KENAI;202504252350;-;90.3;823.0;1.5;2.6;8;0.0
KENAI;202504260000;16.9;90.0;823.0;0.7;2.7;115;0.0
KENAI;202504260010;-;88.8;823.0;1.7;3.2;57;0.0
KENAI;202504260020;16.7;88.6;822.9;2.2;2.9;68;0.0
KENAI;202504260030;16.4;88.7;823.0;0.8;2.2;52;0.0
KENAI;202504260040;-;89.0;823.0;0.9;2.1;68;0.0
KENAI;202504260050;-;90.3;823.0;1.1;1.6;109;0.0
KENAI;202504260100;15.9;90.6;823.0;0.5;1.5;118;0.0
