942
VRXZ07 LSSW 300148
Station/Location;Date;tre200s0;uor200s0;prestas0;fkl010z0;fkl010z1;dkl010z0;rre150z0
KENAI;202506292350;-;82.4;825.4;0.9;2.2;84;0.0
KENAI;202506300000;-;82.7;825.3;0.8;1.6;186;0.0
KENAI;202506300010;-;83.2;825.1;1.7;2.4;165;0.0
KENAI;202506300020;-;83.8;825.1;0.8;2.2;192;0.0
KENAI;202506300030;-;83.9;825.2;0.4;2.2;223;0.0
KENAI;202506300040;-;84.1;825.1;0.6;2.5;191;0.0
KENAI;202506300050;-;84.7;825.1;0.8;2.4;145;0.0
KENAI;202506300100;-;84.8;825.1;0.7;2.0;147;0.0
KENAI;202506300110;-;85.0;825.2;0.8;1.5;83;0.0
KENAI;202506300120;-;85.2;825.3;0.4;1.4;125;0.0
KENAI;202506300130;-;85.2;825.3;0.5;1.3;118;0.0
KENAI;202506300140;-;84.9;825.3;0.7;1.2;132;0.0
