522
VRXZ07 LSSW 021248
Station/Location;Date;tre200s0;uor200s0;prestas0;fkl010z0;fkl010z1;dkl010z0;rre150z0
KENAI;202507021050;21.6;59.5;826.1;1.7;3.2;27;0.0
KENAI;202507021100;-;57.9;825.9;2.0;3.5;78;0.0
KENAI;202507021110;20.9;60.8;825.7;0.7;3.2;139;0.0
KENAI;202507021120;21.6;58.6;825.5;1.6;3.4;51;0.0
KENAI;202507021130;21.8;55.3;825.3;0.6;3.4;136;0.0
KENAI;202507021140;21.6;57.1;825.3;1.9;4.0;143;0.0
KENAI;202507021150;-;54.8;825.0;1.4;3.8;67;0.0
KENAI;202507021200;22.2;56.6;825.0;1.1;3.4;129;0.0
KENAI;202507021210;-;56.3;825.0;1.8;4.4;123;0.0
KENAI;202507021220;21.8;57.8;824.8;0.6;3.3;55;0.0
KENAI;202507021230;-;55.2;824.6;2.9;4.6;87;0.0
KENAI;202507021240;-;54.2;824.6;2.8;4.5;102;0.0
