804
VRXZ07 LSSW 212048
Station/Location;Date;tre200s0;uor200s0;prestas0;fkl010z0;fkl010z1;dkl010z0;rre150z0
KENAI;202411211850;18.3;86.5;824.3;2.7;5.6;47;0.0
KENAI;202411211900;18.0;86.8;824.4;3.7;5.4;25;0.0
KENAI;202411211910;17.7;89.5;824.5;1.4;2.7;349;0.2
KENAI;202411211920;17.6;91.8;824.4;0.8;3.7;26;0.0
KENAI;202411211930;17.4;92.8;824.4;0.8;2.7;49;0.0
KENAI;202411211940;16.8;92.3;824.5;1.9;2.9;34;0.0
KENAI;202411211950;16.8;92.9;824.4;1.5;3.5;8;0.0
KENAI;202411212000;16.5;93.0;824.2;0.7;2.9;18;0.0
KENAI;202411212010;16.5;93.6;824.4;0.7;3.2;25;0.0
KENAI;202411212020;16.5;93.1;824.4;1.5;4.5;21;0.0
KENAI;202411212030;16.6;93.6;824.3;1.1;2.9;24;0.0
KENAI;202411212040;16.7;93.9;824.4;1.6;3.5;17;0.0
