559
VRXZ07 LSSW 011708
Station/Location;Date;tre200s0;uor200s0;prestas0;fkl010z0;fkl010z1;dkl010z0;rre150z0
KENAI;202504011510;23.4;44.8;821.3;0.9;3.8;56;0.0
KENAI;202504011520;22.7;47.7;821.1;1.4;3.9;46;0.0
KENAI;202504011530;22.1;49.9;821.3;1.2;3.4;93;0.0
KENAI;202504011540;21.7;50.9;821.3;1.7;4.0;94;0.0
KENAI;202504011550;21.6;51.7;821.3;1.3;3.4;79;0.0
KENAI;202504011600;21.2;54.0;821.5;1.2;2.9;88;0.0
KENAI;202504011610;21.2;53.6;821.7;1.9;3.6;60;0.0
KENAI;202504011620;20.9;56.1;821.7;1.8;2.4;72;0.0
KENAI;202504011630;21.0;59.2;821.8;1.1;6.1;62;0.0
KENAI;202504011640;21.0;61.4;822.0;1.8;5.1;42;0.0
KENAI;202504011650;20.6;65.3;822.1;2.4;4.3;29;0.0
KENAI;202504011700;20.4;69.4;822.2;2.8;3.6;55;0.0
